quadrangle
//Number_of_Node
882
//Number_of_Element
800
//Number_of_Region
2
//Factor
1000.0
133,132,111,112,
134,133,112,113,
135,134,113,114,
136,135,114,115,
137,136,115,116,
138,137,116,117,
139,138,117,118,
140,139,118,119,
141,140,119,120,
142,141,120,121,
154,153,132,133,
155,154,133,134,
156,155,134,135,
157,156,135,136,
158,157,136,137,
159,158,137,138,
160,159,138,139,
161,160,139,140,
162,161,140,141,
163,162,141,142,
175,174,153,154,
176,175,154,155,
177,176,155,156,
178,177,156,157,
179,178,157,158,
180,179,158,159,
181,180,159,160,
182,181,160,161,
183,182,161,162,
184,183,162,163,
196,195,174,175,
197,196,175,176,
198,197,176,177,
199,198,177,178,
200,199,178,179,
201,200,179,180,
202,201,180,181,
203,202,181,182,
204,203,182,183,
205,204,183,184,
217,216,195,196,
218,217,196,197,
219,218,197,198,
220,219,198,199,
221,220,199,200,
222,221,200,201,
223,222,201,202,
224,223,202,203,
225,224,203,204,
226,225,204,205,
238,237,216,217,
239,238,217,218,
240,239,218,219,
241,240,219,220,
242,241,220,221,
243,242,221,222,
244,243,222,223,
245,244,223,224,
246,245,224,225,
247,246,225,226,
259,258,237,238,
260,259,238,239,
261,260,239,240,
262,261,240,241,
263,262,241,242,
264,263,242,243,
265,264,243,244,
266,265,244,245,
267,266,245,246,
268,267,246,247,
280,279,258,259,
281,280,259,260,
282,281,260,261,
283,282,261,262,
284,283,262,263,
285,284,263,264,
286,285,264,265,
287,286,265,266,
288,287,266,267,
289,288,267,268,
301,300,279,280,
302,301,280,281,
303,302,281,282,
304,303,282,283,
305,304,283,284,
306,305,284,285,
307,306,285,286,
308,307,286,287,
309,308,287,288,
310,309,288,289,
322,321,300,301,
323,322,301,302,
324,323,302,303,
325,324,303,304,
326,325,304,305,
327,326,305,306,
328,327,306,307,
329,328,307,308,
330,329,308,309,
331,330,309,310,
553,552,573,574,
554,553,574,575,
555,554,575,576,
556,555,576,577,
557,556,577,578,
558,557,578,579,
559,558,579,580,
560,559,580,581,
561,560,581,582,
562,561,582,583,
574,573,594,595,
575,574,595,596,
576,575,596,597,
577,576,597,598,
578,577,598,599,
579,578,599,600,
580,579,600,601,
581,580,601,602,
582,581,602,603,
583,582,603,604,
595,594,615,616,
596,595,616,617,
597,596,617,618,
598,597,618,619,
599,598,619,620,
600,599,620,621,
601,600,621,622,
602,601,622,623,
603,602,623,624,
604,603,624,625,
616,615,636,637,
617,616,637,638,
618,617,638,639,
619,618,639,640,
620,619,640,641,
621,620,641,642,
622,621,642,643,
623,622,643,644,
624,623,644,645,
625,624,645,646,
637,636,657,658,
638,637,658,659,
639,638,659,660,
640,639,660,661,
641,640,661,662,
642,641,662,663,
643,642,663,664,
644,643,664,665,
645,644,665,666,
646,645,666,667,
658,657,678,679,
659,658,679,680,
660,659,680,681,
661,660,681,682,
662,661,682,683,
663,662,683,684,
664,663,684,685,
665,664,685,686,
666,665,686,687,
667,666,687,688,
679,678,699,700,
680,679,700,701,
681,680,701,702,
682,681,702,703,
683,682,703,704,
684,683,704,705,
685,684,705,706,
686,685,706,707,
687,686,707,708,
688,687,708,709,
700,699,720,721,
701,700,721,722,
702,701,722,723,
703,702,723,724,
704,703,724,725,
705,704,725,726,
706,705,726,727,
707,706,727,728,
708,707,728,729,
709,708,729,730,
721,720,741,742,
722,721,742,743,
723,722,743,744,
724,723,744,745,
725,724,745,746,
726,725,746,747,
727,726,747,748,
728,727,748,749,
729,728,749,750,
730,729,750,751,
742,741,762,763,
743,742,763,764,
744,743,764,765,
745,744,765,766,
746,745,766,767,
747,746,767,768,
748,747,768,769,
749,748,769,770,
750,749,770,771,
751,750,771,772,
23,22,1,2,
24,23,2,3,
25,24,3,4,
26,25,4,5,
27,26,5,6,
28,27,6,7,
29,28,7,8,
30,29,8,9,
31,30,9,10,
32,31,10,11,
33,32,11,12,
34,33,12,13,
35,34,13,14,
36,35,14,15,
37,36,15,16,
38,37,16,17,
39,38,17,18,
40,39,18,19,
41,40,19,20,
42,41,20,21,
44,43,22,23,
45,44,23,24,
46,45,24,25,
47,46,25,26,
48,47,26,27,
49,48,27,28,
50,49,28,29,
51,50,29,30,
52,51,30,31,
53,52,31,32,
54,53,32,33,
55,54,33,34,
56,55,34,35,
57,56,35,36,
58,57,36,37,
59,58,37,38,
60,59,38,39,
61,60,39,40,
62,61,40,41,
63,62,41,42,
65,64,43,44,
66,65,44,45,
67,66,45,46,
68,67,46,47,
69,68,47,48,
70,69,48,49,
71,70,49,50,
72,71,50,51,
73,72,51,52,
74,73,52,53,
75,74,53,54,
76,75,54,55,
77,76,55,56,
78,77,56,57,
79,78,57,58,
80,79,58,59,
81,80,59,60,
82,81,60,61,
83,82,61,62,
84,83,62,63,
86,85,64,65,
87,86,65,66,
88,87,66,67,
89,88,67,68,
90,89,68,69,
91,90,69,70,
92,91,70,71,
93,92,71,72,
94,93,72,73,
95,94,73,74,
96,95,74,75,
97,96,75,76,
98,97,76,77,
99,98,77,78,
100,99,78,79,
101,100,79,80,
102,101,80,81,
103,102,81,82,
104,103,82,83,
105,104,83,84,
107,106,85,86,
108,107,86,87,
109,108,87,88,
110,109,88,89,
111,110,89,90,
112,111,90,91,
113,112,91,92,
114,113,92,93,
115,114,93,94,
116,115,94,95,
117,116,95,96,
118,117,96,97,
119,118,97,98,
120,119,98,99,
121,120,99,100,
122,121,100,101,
123,122,101,102,
124,123,102,103,
125,124,103,104,
126,125,104,105,
128,127,106,107,
129,128,107,108,
130,129,108,109,
131,130,109,110,
132,131,110,111,
143,142,121,122,
144,143,122,123,
145,144,123,124,
146,145,124,125,
147,146,125,126,
149,148,127,128,
150,149,128,129,
151,150,129,130,
152,151,130,131,
153,152,131,132,
164,163,142,143,
165,164,143,144,
166,165,144,145,
167,166,145,146,
168,167,146,147,
170,169,148,149,
171,170,149,150,
172,171,150,151,
173,172,151,152,
174,173,152,153,
185,184,163,164,
186,185,164,165,
187,186,165,166,
188,187,166,167,
189,188,167,168,
191,190,169,170,
192,191,170,171,
193,192,171,172,
194,193,172,173,
195,194,173,174,
206,205,184,185,
207,206,185,186,
208,207,186,187,
209,208,187,188,
210,209,188,189,
212,211,190,191,
213,212,191,192,
214,213,192,193,
215,214,193,194,
216,215,194,195,
227,226,205,206,
228,227,206,207,
229,228,207,208,
230,229,208,209,
231,230,209,210,
233,232,211,212,
234,233,212,213,
235,234,213,214,
236,235,214,215,
237,236,215,216,
248,247,226,227,
249,248,227,228,
250,249,228,229,
251,250,229,230,
252,251,230,231,
254,253,232,233,
255,254,233,234,
256,255,234,235,
257,256,235,236,
258,257,236,237,
269,268,247,248,
270,269,248,249,
271,270,249,250,
272,271,250,251,
273,272,251,252,
275,274,253,254,
276,275,254,255,
277,276,255,256,
278,277,256,257,
279,278,257,258,
290,289,268,269,
291,290,269,270,
292,291,270,271,
293,292,271,272,
294,293,272,273,
296,295,274,275,
297,296,275,276,
298,297,276,277,
299,298,277,278,
300,299,278,279,
311,310,289,290,
312,311,290,291,
313,312,291,292,
314,313,292,293,
315,314,293,294,
317,316,295,296,
318,317,296,297,
319,318,297,298,
320,319,298,299,
321,320,299,300,
332,331,310,311,
333,332,311,312,
334,333,312,313,
335,334,313,314,
336,335,314,315,
338,337,316,317,
339,338,317,318,
340,339,318,319,
341,340,319,320,
342,341,320,321,
343,342,321,322,
344,343,322,323,
345,344,323,324,
346,345,324,325,
347,346,325,326,
348,347,326,327,
349,348,327,328,
350,349,328,329,
351,350,329,330,
352,351,330,331,
353,352,331,332,
354,353,332,333,
355,354,333,334,
356,355,334,335,
357,356,335,336,
359,358,337,338,
360,359,338,339,
361,360,339,340,
362,361,340,341,
363,362,341,342,
364,363,342,343,
365,364,343,344,
366,365,344,345,
367,366,345,346,
368,367,346,347,
369,368,347,348,
370,369,348,349,
371,370,349,350,
372,371,350,351,
373,372,351,352,
374,373,352,353,
375,374,353,354,
376,375,354,355,
377,376,355,356,
378,377,356,357,
380,379,358,359,
381,380,359,360,
382,381,360,361,
383,382,361,362,
384,383,362,363,
385,384,363,364,
386,385,364,365,
387,386,365,366,
388,387,366,367,
389,388,367,368,
390,389,368,369,
391,390,369,370,
392,391,370,371,
393,392,371,372,
394,393,372,373,
395,394,373,374,
396,395,374,375,
397,396,375,376,
398,397,376,377,
399,398,377,378,
401,400,379,380,
402,401,380,381,
403,402,381,382,
404,403,382,383,
405,404,383,384,
406,405,384,385,
407,406,385,386,
408,407,386,387,
409,408,387,388,
410,409,388,389,
411,410,389,390,
412,411,390,391,
413,412,391,392,
414,413,392,393,
415,414,393,394,
416,415,394,395,
417,416,395,396,
418,417,396,397,
419,418,397,398,
420,419,398,399,
422,421,400,401,
423,422,401,402,
424,423,402,403,
425,424,403,404,
426,425,404,405,
427,426,405,406,
428,427,406,407,
429,428,407,408,
430,429,408,409,
431,430,409,410,
432,431,410,411,
433,432,411,412,
434,433,412,413,
435,434,413,414,
436,435,414,415,
437,436,415,416,
438,437,416,417,
439,438,417,418,
440,439,418,419,
441,440,419,420,
443,1,22,464,
444,443,464,465,
445,444,465,466,
446,445,466,467,
447,446,467,468,
448,447,468,469,
449,448,469,470,
450,449,470,471,
451,450,471,472,
452,451,472,473,
453,452,473,474,
454,453,474,475,
455,454,475,476,
456,455,476,477,
457,456,477,478,
458,457,478,479,
459,458,479,480,
460,459,480,481,
461,460,481,482,
462,461,482,483,
464,22,43,485,
465,464,485,486,
466,465,486,487,
467,466,487,488,
468,467,488,489,
469,468,489,490,
470,469,490,491,
471,470,491,492,
472,471,492,493,
473,472,493,494,
474,473,494,495,
475,474,495,496,
476,475,496,497,
477,476,497,498,
478,477,498,499,
479,478,499,500,
480,479,500,501,
481,480,501,502,
482,481,502,503,
483,482,503,504,
485,43,64,506,
486,485,506,507,
487,486,507,508,
488,487,508,509,
489,488,509,510,
490,489,510,511,
491,490,511,512,
492,491,512,513,
493,492,513,514,
494,493,514,515,
495,494,515,516,
496,495,516,517,
497,496,517,518,
498,497,518,519,
499,498,519,520,
500,499,520,521,
501,500,521,522,
502,501,522,523,
503,502,523,524,
504,503,524,525,
506,64,85,527,
507,506,527,528,
508,507,528,529,
509,508,529,530,
510,509,530,531,
511,510,531,532,
512,511,532,533,
513,512,533,534,
514,513,534,535,
515,514,535,536,
516,515,536,537,
517,516,537,538,
518,517,538,539,
519,518,539,540,
520,519,540,541,
521,520,541,542,
522,521,542,543,
523,522,543,544,
524,523,544,545,
525,524,545,546,
527,85,106,548,
528,527,548,549,
529,528,549,550,
530,529,550,551,
531,530,551,552,
532,531,552,553,
533,532,553,554,
534,533,554,555,
535,534,555,556,
536,535,556,557,
537,536,557,558,
538,537,558,559,
539,538,559,560,
540,539,560,561,
541,540,561,562,
542,541,562,563,
543,542,563,564,
544,543,564,565,
545,544,565,566,
546,545,566,567,
548,106,127,569,
549,548,569,570,
550,549,570,571,
551,550,571,572,
552,551,572,573,
563,562,583,584,
564,563,584,585,
565,564,585,586,
566,565,586,587,
567,566,587,588,
569,127,148,590,
570,569,590,591,
571,570,591,592,
572,571,592,593,
573,572,593,594,
584,583,604,605,
585,584,605,606,
586,585,606,607,
587,586,607,608,
588,587,608,609,
590,148,169,611,
591,590,611,612,
592,591,612,613,
593,592,613,614,
594,593,614,615,
605,604,625,626,
606,605,626,627,
607,606,627,628,
608,607,628,629,
609,608,629,630,
611,169,190,632,
612,611,632,633,
613,612,633,634,
614,613,634,635,
615,614,635,636,
626,625,646,647,
627,626,647,648,
628,627,648,649,
629,628,649,650,
630,629,650,651,
632,190,211,653,
633,632,653,654,
634,633,654,655,
635,634,655,656,
636,635,656,657,
647,646,667,668,
648,647,668,669,
649,648,669,670,
650,649,670,671,
651,650,671,672,
653,211,232,674,
654,653,674,675,
655,654,675,676,
656,655,676,677,
657,656,677,678,
668,667,688,689,
669,668,689,690,
670,669,690,691,
671,670,691,692,
672,671,692,693,
674,232,253,695,
675,674,695,696,
676,675,696,697,
677,676,697,698,
678,677,698,699,
689,688,709,710,
690,689,710,711,
691,690,711,712,
692,691,712,713,
693,692,713,714,
695,253,274,716,
696,695,716,717,
697,696,717,718,
698,697,718,719,
699,698,719,720,
710,709,730,731,
711,710,731,732,
712,711,732,733,
713,712,733,734,
714,713,734,735,
716,274,295,737,
717,716,737,738,
718,717,738,739,
719,718,739,740,
720,719,740,741,
731,730,751,752,
732,731,752,753,
733,732,753,754,
734,733,754,755,
735,734,755,756,
737,295,316,758,
738,737,758,759,
739,738,759,760,
740,739,760,761,
741,740,761,762,
752,751,772,773,
753,752,773,774,
754,753,774,775,
755,754,775,776,
756,755,776,777,
758,316,337,779,
759,758,779,780,
760,759,780,781,
761,760,781,782,
762,761,782,783,
763,762,783,784,
764,763,784,785,
765,764,785,786,
766,765,786,787,
767,766,787,788,
768,767,788,789,
769,768,789,790,
770,769,790,791,
771,770,791,792,
772,771,792,793,
773,772,793,794,
774,773,794,795,
775,774,795,796,
776,775,796,797,
777,776,797,798,
779,337,358,800,
780,779,800,801,
781,780,801,802,
782,781,802,803,
783,782,803,804,
784,783,804,805,
785,784,805,806,
786,785,806,807,
787,786,807,808,
788,787,808,809,
789,788,809,810,
790,789,810,811,
791,790,811,812,
792,791,812,813,
793,792,813,814,
794,793,814,815,
795,794,815,816,
796,795,816,817,
797,796,817,818,
798,797,818,819,
800,358,379,821,
801,800,821,822,
802,801,822,823,
803,802,823,824,
804,803,824,825,
805,804,825,826,
806,805,826,827,
807,806,827,828,
808,807,828,829,
809,808,829,830,
810,809,830,831,
811,810,831,832,
812,811,832,833,
813,812,833,834,
814,813,834,835,
815,814,835,836,
816,815,836,837,
817,816,837,838,
818,817,838,839,
819,818,839,840,
821,379,400,842,
822,821,842,843,
823,822,843,844,
824,823,844,845,
825,824,845,846,
826,825,846,847,
827,826,847,848,
828,827,848,849,
829,828,849,850,
830,829,850,851,
831,830,851,852,
832,831,852,853,
833,832,853,854,
834,833,854,855,
835,834,855,856,
836,835,856,857,
837,836,857,858,
838,837,858,859,
839,838,859,860,
840,839,860,861,
842,400,421,863,
843,842,863,864,
844,843,864,865,
845,844,865,866,
846,845,866,867,
847,846,867,868,
848,847,868,869,
849,848,869,870,
850,849,870,871,
851,850,871,872,
852,851,872,873,
853,852,873,874,
854,853,874,875,
855,854,875,876,
856,855,876,877,
857,856,877,878,
858,857,878,879,
859,858,879,880,
860,859,880,881,
861,860,881,882,
0.00000 ,-100.00000 ,
10.00000 ,-100.00000 ,
20.00000 ,-100.00000 ,
30.00000 ,-100.00000 ,
40.00000 ,-100.00000 ,
50.00000 ,-100.00000 ,
60.00000 ,-100.00000 ,
70.00000 ,-100.00000 ,
80.00000 ,-100.00000 ,
90.00000 ,-100.00000 ,
100.00000 ,-100.00000 ,
110.00000 ,-100.00000 ,
120.00000 ,-100.00000 ,
130.00000 ,-100.00000 ,
140.00000 ,-100.00000 ,
150.00000 ,-100.00000 ,
160.00000 ,-100.00000 ,
170.00000 ,-100.00000 ,
180.00000 ,-100.00000 ,
190.00000 ,-100.00000 ,
200.00000 ,-100.00000 ,
0.00000 ,-90.00000 ,
10.00000 ,-90.00000 ,
20.00000 ,-90.00000 ,
30.00000 ,-90.00000 ,
40.00000 ,-90.00000 ,
50.00000 ,-90.00000 ,
60.00000 ,-90.00000 ,
70.00000 ,-90.00000 ,
80.00000 ,-90.00000 ,
90.00000 ,-90.00000 ,
100.00000 ,-90.00000 ,
110.00000 ,-90.00000 ,
120.00000 ,-90.00000 ,
130.00000 ,-90.00000 ,
140.00000 ,-90.00000 ,
150.00000 ,-90.00000 ,
160.00000 ,-90.00000 ,
170.00000 ,-90.00000 ,
180.00000 ,-90.00000 ,
190.00000 ,-90.00000 ,
200.00000 ,-90.00000 ,
0.00000 ,-80.00000 ,
10.00000 ,-80.00000 ,
20.00000 ,-80.00000 ,
30.00000 ,-80.00000 ,
40.00000 ,-80.00000 ,
50.00000 ,-80.00000 ,
60.00000 ,-80.00000 ,
70.00000 ,-80.00000 ,
80.00000 ,-80.00000 ,
90.00000 ,-80.00000 ,
100.00000 ,-80.00000 ,
110.00000 ,-80.00000 ,
120.00000 ,-80.00000 ,
130.00000 ,-80.00000 ,
140.00000 ,-80.00000 ,
150.00000 ,-80.00000 ,
160.00000 ,-80.00000 ,
170.00000 ,-80.00000 ,
180.00000 ,-80.00000 ,
190.00000 ,-80.00000 ,
200.00000 ,-80.00000 ,
0.00000 ,-70.00000 ,
10.00000 ,-70.00000 ,
20.00000 ,-70.00000 ,
30.00000 ,-70.00000 ,
40.00000 ,-70.00000 ,
50.00000 ,-70.00000 ,
60.00000 ,-70.00000 ,
70.00000 ,-70.00000 ,
80.00000 ,-70.00000 ,
90.00000 ,-70.00000 ,
100.00000 ,-70.00000 ,
110.00000 ,-70.00000 ,
120.00000 ,-70.00000 ,
130.00000 ,-70.00000 ,
140.00000 ,-70.00000 ,
150.00000 ,-70.00000 ,
160.00000 ,-70.00000 ,
170.00000 ,-70.00000 ,
180.00000 ,-70.00000 ,
190.00000 ,-70.00000 ,
200.00000 ,-70.00000 ,
0.00000 ,-60.00000 ,
10.00000 ,-60.00000 ,
20.00000 ,-60.00000 ,
30.00000 ,-60.00000 ,
40.00000 ,-60.00000 ,
50.00000 ,-60.00000 ,
60.00000 ,-60.00000 ,
70.00000 ,-60.00000 ,
80.00000 ,-60.00000 ,
90.00000 ,-60.00000 ,
100.00000 ,-60.00000 ,
110.00000 ,-60.00000 ,
120.00000 ,-60.00000 ,
130.00000 ,-60.00000 ,
140.00000 ,-60.00000 ,
150.00000 ,-60.00000 ,
160.00000 ,-60.00000 ,
170.00000 ,-60.00000 ,
180.00000 ,-60.00000 ,
190.00000 ,-60.00000 ,
200.00000 ,-60.00000 ,
0.00000 ,-50.00000 ,
10.00000 ,-50.00000 ,
20.00000 ,-50.00000 ,
30.00000 ,-50.00000 ,
40.00000 ,-50.00000 ,
50.00000 ,-50.00000 ,
60.00000 ,-50.00000 ,
70.00000 ,-50.00000 ,
80.00000 ,-50.00000 ,
90.00000 ,-50.00000 ,
100.00000 ,-50.00000 ,
110.00000 ,-50.00000 ,
120.00000 ,-50.00000 ,
130.00000 ,-50.00000 ,
140.00000 ,-50.00000 ,
150.00000 ,-50.00000 ,
160.00000 ,-50.00000 ,
170.00000 ,-50.00000 ,
180.00000 ,-50.00000 ,
190.00000 ,-50.00000 ,
200.00000 ,-50.00000 ,
0.00000 ,-40.00000 ,
10.00000 ,-40.00000 ,
20.00000 ,-40.00000 ,
30.00000 ,-40.00000 ,
40.00000 ,-40.00000 ,
50.00000 ,-40.00000 ,
60.00000 ,-40.00000 ,
70.00000 ,-40.00000 ,
80.00000 ,-40.00000 ,
90.00000 ,-40.00000 ,
100.00000 ,-40.00000 ,
110.00000 ,-40.00000 ,
120.00000 ,-40.00000 ,
130.00000 ,-40.00000 ,
140.00000 ,-40.00000 ,
150.00000 ,-40.00000 ,
160.00000 ,-40.00000 ,
170.00000 ,-40.00000 ,
180.00000 ,-40.00000 ,
190.00000 ,-40.00000 ,
200.00000 ,-40.00000 ,
0.00000 ,-30.00000 ,
10.00000 ,-30.00000 ,
20.00000 ,-30.00000 ,
30.00000 ,-30.00000 ,
40.00000 ,-30.00000 ,
50.00000 ,-30.00000 ,
60.00000 ,-30.00000 ,
70.00000 ,-30.00000 ,
80.00000 ,-30.00000 ,
90.00000 ,-30.00000 ,
100.00000 ,-30.00000 ,
110.00000 ,-30.00000 ,
120.00000 ,-30.00000 ,
130.00000 ,-30.00000 ,
140.00000 ,-30.00000 ,
150.00000 ,-30.00000 ,
160.00000 ,-30.00000 ,
170.00000 ,-30.00000 ,
180.00000 ,-30.00000 ,
190.00000 ,-30.00000 ,
200.00000 ,-30.00000 ,
0.00000 ,-20.00000 ,
10.00000 ,-20.00000 ,
20.00000 ,-20.00000 ,
30.00000 ,-20.00000 ,
40.00000 ,-20.00000 ,
50.00000 ,-20.00000 ,
60.00000 ,-20.00000 ,
70.00000 ,-20.00000 ,
80.00000 ,-20.00000 ,
90.00000 ,-20.00000 ,
100.00000 ,-20.00000 ,
110.00000 ,-20.00000 ,
120.00000 ,-20.00000 ,
130.00000 ,-20.00000 ,
140.00000 ,-20.00000 ,
150.00000 ,-20.00000 ,
160.00000 ,-20.00000 ,
170.00000 ,-20.00000 ,
180.00000 ,-20.00000 ,
190.00000 ,-20.00000 ,
200.00000 ,-20.00000 ,
0.00000 ,-10.00000 ,
10.00000 ,-10.00000 ,
20.00000 ,-10.00000 ,
30.00000 ,-10.00000 ,
40.00000 ,-10.00000 ,
50.00000 ,-10.00000 ,
60.00000 ,-10.00000 ,
70.00000 ,-10.00000 ,
80.00000 ,-10.00000 ,
90.00000 ,-10.00000 ,
100.00000 ,-10.00000 ,
110.00000 ,-10.00000 ,
120.00000 ,-10.00000 ,
130.00000 ,-10.00000 ,
140.00000 ,-10.00000 ,
150.00000 ,-10.00000 ,
160.00000 ,-10.00000 ,
170.00000 ,-10.00000 ,
180.00000 ,-10.00000 ,
190.00000 ,-10.00000 ,
200.00000 ,-10.00000 ,
0.00000 ,0.00000 ,
10.00000 ,0.00000 ,
20.00000 ,0.00000 ,
30.00000 ,0.00000 ,
40.00000 ,0.00000 ,
50.00000 ,0.00000 ,
60.00000 ,0.00000 ,
70.00000 ,0.00000 ,
80.00000 ,0.00000 ,
90.00000 ,0.00000 ,
100.00000 ,0.00000 ,
110.00000 ,0.00000 ,
120.00000 ,0.00000 ,
130.00000 ,0.00000 ,
140.00000 ,0.00000 ,
150.00000 ,0.00000 ,
160.00000 ,0.00000 ,
170.00000 ,0.00000 ,
180.00000 ,0.00000 ,
190.00000 ,0.00000 ,
200.00000 ,0.00000 ,
0.00000 ,10.00000 ,
10.00000 ,10.00000 ,
20.00000 ,10.00000 ,
30.00000 ,10.00000 ,
40.00000 ,10.00000 ,
50.00000 ,10.00000 ,
60.00000 ,10.00000 ,
70.00000 ,10.00000 ,
80.00000 ,10.00000 ,
90.00000 ,10.00000 ,
100.00000 ,10.00000 ,
110.00000 ,10.00000 ,
120.00000 ,10.00000 ,
130.00000 ,10.00000 ,
140.00000 ,10.00000 ,
150.00000 ,10.00000 ,
160.00000 ,10.00000 ,
170.00000 ,10.00000 ,
180.00000 ,10.00000 ,
190.00000 ,10.00000 ,
200.00000 ,10.00000 ,
0.00000 ,20.00000 ,
10.00000 ,20.00000 ,
20.00000 ,20.00000 ,
30.00000 ,20.00000 ,
40.00000 ,20.00000 ,
50.00000 ,20.00000 ,
60.00000 ,20.00000 ,
70.00000 ,20.00000 ,
80.00000 ,20.00000 ,
90.00000 ,20.00000 ,
100.00000 ,20.00000 ,
110.00000 ,20.00000 ,
120.00000 ,20.00000 ,
130.00000 ,20.00000 ,
140.00000 ,20.00000 ,
150.00000 ,20.00000 ,
160.00000 ,20.00000 ,
170.00000 ,20.00000 ,
180.00000 ,20.00000 ,
190.00000 ,20.00000 ,
200.00000 ,20.00000 ,
0.00000 ,30.00000 ,
10.00000 ,30.00000 ,
20.00000 ,30.00000 ,
30.00000 ,30.00000 ,
40.00000 ,30.00000 ,
50.00000 ,30.00000 ,
60.00000 ,30.00000 ,
70.00000 ,30.00000 ,
80.00000 ,30.00000 ,
90.00000 ,30.00000 ,
100.00000 ,30.00000 ,
110.00000 ,30.00000 ,
120.00000 ,30.00000 ,
130.00000 ,30.00000 ,
140.00000 ,30.00000 ,
150.00000 ,30.00000 ,
160.00000 ,30.00000 ,
170.00000 ,30.00000 ,
180.00000 ,30.00000 ,
190.00000 ,30.00000 ,
200.00000 ,30.00000 ,
0.00000 ,40.00000 ,
10.00000 ,40.00000 ,
20.00000 ,40.00000 ,
30.00000 ,40.00000 ,
40.00000 ,40.00000 ,
50.00000 ,40.00000 ,
60.00000 ,40.00000 ,
70.00000 ,40.00000 ,
80.00000 ,40.00000 ,
90.00000 ,40.00000 ,
100.00000 ,40.00000 ,
110.00000 ,40.00000 ,
120.00000 ,40.00000 ,
130.00000 ,40.00000 ,
140.00000 ,40.00000 ,
150.00000 ,40.00000 ,
160.00000 ,40.00000 ,
170.00000 ,40.00000 ,
180.00000 ,40.00000 ,
190.00000 ,40.00000 ,
200.00000 ,40.00000 ,
0.00000 ,50.00000 ,
10.00000 ,50.00000 ,
20.00000 ,50.00000 ,
30.00000 ,50.00000 ,
40.00000 ,50.00000 ,
50.00000 ,50.00000 ,
60.00000 ,50.00000 ,
70.00000 ,50.00000 ,
80.00000 ,50.00000 ,
90.00000 ,50.00000 ,
100.00000 ,50.00000 ,
110.00000 ,50.00000 ,
120.00000 ,50.00000 ,
130.00000 ,50.00000 ,
140.00000 ,50.00000 ,
150.00000 ,50.00000 ,
160.00000 ,50.00000 ,
170.00000 ,50.00000 ,
180.00000 ,50.00000 ,
190.00000 ,50.00000 ,
200.00000 ,50.00000 ,
0.00000 ,60.00000 ,
10.00000 ,60.00000 ,
20.00000 ,60.00000 ,
30.00000 ,60.00000 ,
40.00000 ,60.00000 ,
50.00000 ,60.00000 ,
60.00000 ,60.00000 ,
70.00000 ,60.00000 ,
80.00000 ,60.00000 ,
90.00000 ,60.00000 ,
100.00000 ,60.00000 ,
110.00000 ,60.00000 ,
120.00000 ,60.00000 ,
130.00000 ,60.00000 ,
140.00000 ,60.00000 ,
150.00000 ,60.00000 ,
160.00000 ,60.00000 ,
170.00000 ,60.00000 ,
180.00000 ,60.00000 ,
190.00000 ,60.00000 ,
200.00000 ,60.00000 ,
0.00000 ,70.00000 ,
10.00000 ,70.00000 ,
20.00000 ,70.00000 ,
30.00000 ,70.00000 ,
40.00000 ,70.00000 ,
50.00000 ,70.00000 ,
60.00000 ,70.00000 ,
70.00000 ,70.00000 ,
80.00000 ,70.00000 ,
90.00000 ,70.00000 ,
100.00000 ,70.00000 ,
110.00000 ,70.00000 ,
120.00000 ,70.00000 ,
130.00000 ,70.00000 ,
140.00000 ,70.00000 ,
150.00000 ,70.00000 ,
160.00000 ,70.00000 ,
170.00000 ,70.00000 ,
180.00000 ,70.00000 ,
190.00000 ,70.00000 ,
200.00000 ,70.00000 ,
0.00000 ,80.00000 ,
10.00000 ,80.00000 ,
20.00000 ,80.00000 ,
30.00000 ,80.00000 ,
40.00000 ,80.00000 ,
50.00000 ,80.00000 ,
60.00000 ,80.00000 ,
70.00000 ,80.00000 ,
80.00000 ,80.00000 ,
90.00000 ,80.00000 ,
100.00000 ,80.00000 ,
110.00000 ,80.00000 ,
120.00000 ,80.00000 ,
130.00000 ,80.00000 ,
140.00000 ,80.00000 ,
150.00000 ,80.00000 ,
160.00000 ,80.00000 ,
170.00000 ,80.00000 ,
180.00000 ,80.00000 ,
190.00000 ,80.00000 ,
200.00000 ,80.00000 ,
0.00000 ,90.00000 ,
10.00000 ,90.00000 ,
20.00000 ,90.00000 ,
30.00000 ,90.00000 ,
40.00000 ,90.00000 ,
50.00000 ,90.00000 ,
60.00000 ,90.00000 ,
70.00000 ,90.00000 ,
80.00000 ,90.00000 ,
90.00000 ,90.00000 ,
100.00000 ,90.00000 ,
110.00000 ,90.00000 ,
120.00000 ,90.00000 ,
130.00000 ,90.00000 ,
140.00000 ,90.00000 ,
150.00000 ,90.00000 ,
160.00000 ,90.00000 ,
170.00000 ,90.00000 ,
180.00000 ,90.00000 ,
190.00000 ,90.00000 ,
200.00000 ,90.00000 ,
0.00000 ,100.00000 ,
10.00000 ,100.00000 ,
20.00000 ,100.00000 ,
30.00000 ,100.00000 ,
40.00000 ,100.00000 ,
50.00000 ,100.00000 ,
60.00000 ,100.00000 ,
70.00000 ,100.00000 ,
80.00000 ,100.00000 ,
90.00000 ,100.00000 ,
100.00000 ,100.00000 ,
110.00000 ,100.00000 ,
120.00000 ,100.00000 ,
130.00000 ,100.00000 ,
140.00000 ,100.00000 ,
150.00000 ,100.00000 ,
160.00000 ,100.00000 ,
170.00000 ,100.00000 ,
180.00000 ,100.00000 ,
190.00000 ,100.00000 ,
200.00000 ,100.00000 ,
0.00000 ,0.00000 ,
-10.00000 ,-100.00000 ,
-20.00000 ,-100.00000 ,
-30.00000 ,-100.00000 ,
-40.00000 ,-100.00000 ,
-50.00000 ,-100.00000 ,
-60.00000 ,-100.00000 ,
-70.00000 ,-100.00000 ,
-80.00000 ,-100.00000 ,
-90.00000 ,-100.00000 ,
-100.00000 ,-100.00000 ,
-110.00000 ,-100.00000 ,
-120.00000 ,-100.00000 ,
-130.00000 ,-100.00000 ,
-140.00000 ,-100.00000 ,
-150.00000 ,-100.00000 ,
-160.00000 ,-100.00000 ,
-170.00000 ,-100.00000 ,
-180.00000 ,-100.00000 ,
-190.00000 ,-100.00000 ,
-200.00000 ,-100.00000 ,
0.00000 ,0.00000 ,
-10.00000 ,-90.00000 ,
-20.00000 ,-90.00000 ,
-30.00000 ,-90.00000 ,
-40.00000 ,-90.00000 ,
-50.00000 ,-90.00000 ,
-60.00000 ,-90.00000 ,
-70.00000 ,-90.00000 ,
-80.00000 ,-90.00000 ,
-90.00000 ,-90.00000 ,
-100.00000 ,-90.00000 ,
-110.00000 ,-90.00000 ,
-120.00000 ,-90.00000 ,
-130.00000 ,-90.00000 ,
-140.00000 ,-90.00000 ,
-150.00000 ,-90.00000 ,
-160.00000 ,-90.00000 ,
-170.00000 ,-90.00000 ,
-180.00000 ,-90.00000 ,
-190.00000 ,-90.00000 ,
-200.00000 ,-90.00000 ,
0.00000 ,0.00000 ,
-10.00000 ,-80.00000 ,
-20.00000 ,-80.00000 ,
-30.00000 ,-80.00000 ,
-40.00000 ,-80.00000 ,
-50.00000 ,-80.00000 ,
-60.00000 ,-80.00000 ,
-70.00000 ,-80.00000 ,
-80.00000 ,-80.00000 ,
-90.00000 ,-80.00000 ,
-100.00000 ,-80.00000 ,
-110.00000 ,-80.00000 ,
-120.00000 ,-80.00000 ,
-130.00000 ,-80.00000 ,
-140.00000 ,-80.00000 ,
-150.00000 ,-80.00000 ,
-160.00000 ,-80.00000 ,
-170.00000 ,-80.00000 ,
-180.00000 ,-80.00000 ,
-190.00000 ,-80.00000 ,
-200.00000 ,-80.00000 ,
0.00000 ,0.00000 ,
-10.00000 ,-70.00000 ,
-20.00000 ,-70.00000 ,
-30.00000 ,-70.00000 ,
-40.00000 ,-70.00000 ,
-50.00000 ,-70.00000 ,
-60.00000 ,-70.00000 ,
-70.00000 ,-70.00000 ,
-80.00000 ,-70.00000 ,
-90.00000 ,-70.00000 ,
-100.00000 ,-70.00000 ,
-110.00000 ,-70.00000 ,
-120.00000 ,-70.00000 ,
-130.00000 ,-70.00000 ,
-140.00000 ,-70.00000 ,
-150.00000 ,-70.00000 ,
-160.00000 ,-70.00000 ,
-170.00000 ,-70.00000 ,
-180.00000 ,-70.00000 ,
-190.00000 ,-70.00000 ,
-200.00000 ,-70.00000 ,
0.00000 ,0.00000 ,
-10.00000 ,-60.00000 ,
-20.00000 ,-60.00000 ,
-30.00000 ,-60.00000 ,
-40.00000 ,-60.00000 ,
-50.00000 ,-60.00000 ,
-60.00000 ,-60.00000 ,
-70.00000 ,-60.00000 ,
-80.00000 ,-60.00000 ,
-90.00000 ,-60.00000 ,
-100.00000 ,-60.00000 ,
-110.00000 ,-60.00000 ,
-120.00000 ,-60.00000 ,
-130.00000 ,-60.00000 ,
-140.00000 ,-60.00000 ,
-150.00000 ,-60.00000 ,
-160.00000 ,-60.00000 ,
-170.00000 ,-60.00000 ,
-180.00000 ,-60.00000 ,
-190.00000 ,-60.00000 ,
-200.00000 ,-60.00000 ,
0.00000 ,0.00000 ,
-10.00000 ,-50.00000 ,
-20.00000 ,-50.00000 ,
-30.00000 ,-50.00000 ,
-40.00000 ,-50.00000 ,
-50.00000 ,-50.00000 ,
-60.00000 ,-50.00000 ,
-70.00000 ,-50.00000 ,
-80.00000 ,-50.00000 ,
-90.00000 ,-50.00000 ,
-100.00000 ,-50.00000 ,
-110.00000 ,-50.00000 ,
-120.00000 ,-50.00000 ,
-130.00000 ,-50.00000 ,
-140.00000 ,-50.00000 ,
-150.00000 ,-50.00000 ,
-160.00000 ,-50.00000 ,
-170.00000 ,-50.00000 ,
-180.00000 ,-50.00000 ,
-190.00000 ,-50.00000 ,
-200.00000 ,-50.00000 ,
0.00000 ,0.00000 ,
-10.00000 ,-40.00000 ,
-20.00000 ,-40.00000 ,
-30.00000 ,-40.00000 ,
-40.00000 ,-40.00000 ,
-50.00000 ,-40.00000 ,
-60.00000 ,-40.00000 ,
-70.00000 ,-40.00000 ,
-80.00000 ,-40.00000 ,
-90.00000 ,-40.00000 ,
-100.00000 ,-40.00000 ,
-110.00000 ,-40.00000 ,
-120.00000 ,-40.00000 ,
-130.00000 ,-40.00000 ,
-140.00000 ,-40.00000 ,
-150.00000 ,-40.00000 ,
-160.00000 ,-40.00000 ,
-170.00000 ,-40.00000 ,
-180.00000 ,-40.00000 ,
-190.00000 ,-40.00000 ,
-200.00000 ,-40.00000 ,
0.00000 ,0.00000 ,
-10.00000 ,-30.00000 ,
-20.00000 ,-30.00000 ,
-30.00000 ,-30.00000 ,
-40.00000 ,-30.00000 ,
-50.00000 ,-30.00000 ,
-60.00000 ,-30.00000 ,
-70.00000 ,-30.00000 ,
-80.00000 ,-30.00000 ,
-90.00000 ,-30.00000 ,
-100.00000 ,-30.00000 ,
-110.00000 ,-30.00000 ,
-120.00000 ,-30.00000 ,
-130.00000 ,-30.00000 ,
-140.00000 ,-30.00000 ,
-150.00000 ,-30.00000 ,
-160.00000 ,-30.00000 ,
-170.00000 ,-30.00000 ,
-180.00000 ,-30.00000 ,
-190.00000 ,-30.00000 ,
-200.00000 ,-30.00000 ,
0.00000 ,0.00000 ,
-10.00000 ,-20.00000 ,
-20.00000 ,-20.00000 ,
-30.00000 ,-20.00000 ,
-40.00000 ,-20.00000 ,
-50.00000 ,-20.00000 ,
-60.00000 ,-20.00000 ,
-70.00000 ,-20.00000 ,
-80.00000 ,-20.00000 ,
-90.00000 ,-20.00000 ,
-100.00000 ,-20.00000 ,
-110.00000 ,-20.00000 ,
-120.00000 ,-20.00000 ,
-130.00000 ,-20.00000 ,
-140.00000 ,-20.00000 ,
-150.00000 ,-20.00000 ,
-160.00000 ,-20.00000 ,
-170.00000 ,-20.00000 ,
-180.00000 ,-20.00000 ,
-190.00000 ,-20.00000 ,
-200.00000 ,-20.00000 ,
0.00000 ,0.00000 ,
-10.00000 ,-10.00000 ,
-20.00000 ,-10.00000 ,
-30.00000 ,-10.00000 ,
-40.00000 ,-10.00000 ,
-50.00000 ,-10.00000 ,
-60.00000 ,-10.00000 ,
-70.00000 ,-10.00000 ,
-80.00000 ,-10.00000 ,
-90.00000 ,-10.00000 ,
-100.00000 ,-10.00000 ,
-110.00000 ,-10.00000 ,
-120.00000 ,-10.00000 ,
-130.00000 ,-10.00000 ,
-140.00000 ,-10.00000 ,
-150.00000 ,-10.00000 ,
-160.00000 ,-10.00000 ,
-170.00000 ,-10.00000 ,
-180.00000 ,-10.00000 ,
-190.00000 ,-10.00000 ,
-200.00000 ,-10.00000 ,
0.00000 ,0.00000 ,
-10.00000 ,0.00000 ,
-20.00000 ,0.00000 ,
-30.00000 ,0.00000 ,
-40.00000 ,0.00000 ,
-50.00000 ,0.00000 ,
-60.00000 ,0.00000 ,
-70.00000 ,0.00000 ,
-80.00000 ,0.00000 ,
-90.00000 ,0.00000 ,
-100.00000 ,0.00000 ,
-110.00000 ,0.00000 ,
-120.00000 ,0.00000 ,
-130.00000 ,0.00000 ,
-140.00000 ,0.00000 ,
-150.00000 ,0.00000 ,
-160.00000 ,0.00000 ,
-170.00000 ,0.00000 ,
-180.00000 ,0.00000 ,
-190.00000 ,0.00000 ,
-200.00000 ,0.00000 ,
0.00000 ,0.00000 ,
-10.00000 ,10.00000 ,
-20.00000 ,10.00000 ,
-30.00000 ,10.00000 ,
-40.00000 ,10.00000 ,
-50.00000 ,10.00000 ,
-60.00000 ,10.00000 ,
-70.00000 ,10.00000 ,
-80.00000 ,10.00000 ,
-90.00000 ,10.00000 ,
-100.00000 ,10.00000 ,
-110.00000 ,10.00000 ,
-120.00000 ,10.00000 ,
-130.00000 ,10.00000 ,
-140.00000 ,10.00000 ,
-150.00000 ,10.00000 ,
-160.00000 ,10.00000 ,
-170.00000 ,10.00000 ,
-180.00000 ,10.00000 ,
-190.00000 ,10.00000 ,
-200.00000 ,10.00000 ,
0.00000 ,0.00000 ,
-10.00000 ,20.00000 ,
-20.00000 ,20.00000 ,
-30.00000 ,20.00000 ,
-40.00000 ,20.00000 ,
-50.00000 ,20.00000 ,
-60.00000 ,20.00000 ,
-70.00000 ,20.00000 ,
-80.00000 ,20.00000 ,
-90.00000 ,20.00000 ,
-100.00000 ,20.00000 ,
-110.00000 ,20.00000 ,
-120.00000 ,20.00000 ,
-130.00000 ,20.00000 ,
-140.00000 ,20.00000 ,
-150.00000 ,20.00000 ,
-160.00000 ,20.00000 ,
-170.00000 ,20.00000 ,
-180.00000 ,20.00000 ,
-190.00000 ,20.00000 ,
-200.00000 ,20.00000 ,
0.00000 ,0.00000 ,
-10.00000 ,30.00000 ,
-20.00000 ,30.00000 ,
-30.00000 ,30.00000 ,
-40.00000 ,30.00000 ,
-50.00000 ,30.00000 ,
-60.00000 ,30.00000 ,
-70.00000 ,30.00000 ,
-80.00000 ,30.00000 ,
-90.00000 ,30.00000 ,
-100.00000 ,30.00000 ,
-110.00000 ,30.00000 ,
-120.00000 ,30.00000 ,
-130.00000 ,30.00000 ,
-140.00000 ,30.00000 ,
-150.00000 ,30.00000 ,
-160.00000 ,30.00000 ,
-170.00000 ,30.00000 ,
-180.00000 ,30.00000 ,
-190.00000 ,30.00000 ,
-200.00000 ,30.00000 ,
0.00000 ,0.00000 ,
-10.00000 ,40.00000 ,
-20.00000 ,40.00000 ,
-30.00000 ,40.00000 ,
-40.00000 ,40.00000 ,
-50.00000 ,40.00000 ,
-60.00000 ,40.00000 ,
-70.00000 ,40.00000 ,
-80.00000 ,40.00000 ,
-90.00000 ,40.00000 ,
-100.00000 ,40.00000 ,
-110.00000 ,40.00000 ,
-120.00000 ,40.00000 ,
-130.00000 ,40.00000 ,
-140.00000 ,40.00000 ,
-150.00000 ,40.00000 ,
-160.00000 ,40.00000 ,
-170.00000 ,40.00000 ,
-180.00000 ,40.00000 ,
-190.00000 ,40.00000 ,
-200.00000 ,40.00000 ,
0.00000 ,0.00000 ,
-10.00000 ,50.00000 ,
-20.00000 ,50.00000 ,
-30.00000 ,50.00000 ,
-40.00000 ,50.00000 ,
-50.00000 ,50.00000 ,
-60.00000 ,50.00000 ,
-70.00000 ,50.00000 ,
-80.00000 ,50.00000 ,
-90.00000 ,50.00000 ,
-100.00000 ,50.00000 ,
-110.00000 ,50.00000 ,
-120.00000 ,50.00000 ,
-130.00000 ,50.00000 ,
-140.00000 ,50.00000 ,
-150.00000 ,50.00000 ,
-160.00000 ,50.00000 ,
-170.00000 ,50.00000 ,
-180.00000 ,50.00000 ,
-190.00000 ,50.00000 ,
-200.00000 ,50.00000 ,
0.00000 ,0.00000 ,
-10.00000 ,60.00000 ,
-20.00000 ,60.00000 ,
-30.00000 ,60.00000 ,
-40.00000 ,60.00000 ,
-50.00000 ,60.00000 ,
-60.00000 ,60.00000 ,
-70.00000 ,60.00000 ,
-80.00000 ,60.00000 ,
-90.00000 ,60.00000 ,
-100.00000 ,60.00000 ,
-110.00000 ,60.00000 ,
-120.00000 ,60.00000 ,
-130.00000 ,60.00000 ,
-140.00000 ,60.00000 ,
-150.00000 ,60.00000 ,
-160.00000 ,60.00000 ,
-170.00000 ,60.00000 ,
-180.00000 ,60.00000 ,
-190.00000 ,60.00000 ,
-200.00000 ,60.00000 ,
0.00000 ,0.00000 ,
-10.00000 ,70.00000 ,
-20.00000 ,70.00000 ,
-30.00000 ,70.00000 ,
-40.00000 ,70.00000 ,
-50.00000 ,70.00000 ,
-60.00000 ,70.00000 ,
-70.00000 ,70.00000 ,
-80.00000 ,70.00000 ,
-90.00000 ,70.00000 ,
-100.00000 ,70.00000 ,
-110.00000 ,70.00000 ,
-120.00000 ,70.00000 ,
-130.00000 ,70.00000 ,
-140.00000 ,70.00000 ,
-150.00000 ,70.00000 ,
-160.00000 ,70.00000 ,
-170.00000 ,70.00000 ,
-180.00000 ,70.00000 ,
-190.00000 ,70.00000 ,
-200.00000 ,70.00000 ,
0.00000 ,0.00000 ,
-10.00000 ,80.00000 ,
-20.00000 ,80.00000 ,
-30.00000 ,80.00000 ,
-40.00000 ,80.00000 ,
-50.00000 ,80.00000 ,
-60.00000 ,80.00000 ,
-70.00000 ,80.00000 ,
-80.00000 ,80.00000 ,
-90.00000 ,80.00000 ,
-100.00000 ,80.00000 ,
-110.00000 ,80.00000 ,
-120.00000 ,80.00000 ,
-130.00000 ,80.00000 ,
-140.00000 ,80.00000 ,
-150.00000 ,80.00000 ,
-160.00000 ,80.00000 ,
-170.00000 ,80.00000 ,
-180.00000 ,80.00000 ,
-190.00000 ,80.00000 ,
-200.00000 ,80.00000 ,
0.00000 ,0.00000 ,
-10.00000 ,90.00000 ,
-20.00000 ,90.00000 ,
-30.00000 ,90.00000 ,
-40.00000 ,90.00000 ,
-50.00000 ,90.00000 ,
-60.00000 ,90.00000 ,
-70.00000 ,90.00000 ,
-80.00000 ,90.00000 ,
-90.00000 ,90.00000 ,
-100.00000 ,90.00000 ,
-110.00000 ,90.00000 ,
-120.00000 ,90.00000 ,
-130.00000 ,90.00000 ,
-140.00000 ,90.00000 ,
-150.00000 ,90.00000 ,
-160.00000 ,90.00000 ,
-170.00000 ,90.00000 ,
-180.00000 ,90.00000 ,
-190.00000 ,90.00000 ,
-200.00000 ,90.00000 ,
0.00000 ,0.00000 ,
-10.00000 ,100.00000 ,
-20.00000 ,100.00000 ,
-30.00000 ,100.00000 ,
-40.00000 ,100.00000 ,
-50.00000 ,100.00000 ,
-60.00000 ,100.00000 ,
-70.00000 ,100.00000 ,
-80.00000 ,100.00000 ,
-90.00000 ,100.00000 ,
-100.00000 ,100.00000 ,
-110.00000 ,100.00000 ,
-120.00000 ,100.00000 ,
-130.00000 ,100.00000 ,
-140.00000 ,100.00000 ,
-150.00000 ,100.00000 ,
-160.00000 ,100.00000 ,
-170.00000 ,100.00000 ,
-180.00000 ,100.00000 ,
-190.00000 ,100.00000 ,
-200.00000 ,100.00000 ,
1,200,block1
201,800,airSpace
