fluxJ
3
800
1	0.000000e+00	0.000000e+00	-3.077151e+01	
2	0.000000e+00	0.000000e+00	-3.078226e+01	
3	0.000000e+00	0.000000e+00	-3.079205e+01	
4	0.000000e+00	0.000000e+00	-3.080092e+01	
5	0.000000e+00	0.000000e+00	-3.080884e+01	
6	0.000000e+00	0.000000e+00	-3.081584e+01	
7	0.000000e+00	0.000000e+00	-3.082191e+01	
8	0.000000e+00	0.000000e+00	-3.082706e+01	
9	0.000000e+00	0.000000e+00	-3.083126e+01	
10	0.000000e+00	0.000000e+00	-3.083451e+01	
11	0.000000e+00	0.000000e+00	-3.077240e+01	
12	0.000000e+00	0.000000e+00	-3.078335e+01	
13	0.000000e+00	0.000000e+00	-3.079328e+01	
14	0.000000e+00	0.000000e+00	-3.080222e+01	
15	0.000000e+00	0.000000e+00	-3.081018e+01	
16	0.000000e+00	0.000000e+00	-3.081718e+01	
17	0.000000e+00	0.000000e+00	-3.082323e+01	
18	0.000000e+00	0.000000e+00	-3.082831e+01	
19	0.000000e+00	0.000000e+00	-3.083239e+01	
20	0.000000e+00	0.000000e+00	-3.083546e+01	
21	0.000000e+00	0.000000e+00	-3.077305e+01	
22	0.000000e+00	0.000000e+00	-3.078413e+01	
23	0.000000e+00	0.000000e+00	-3.079415e+01	
24	0.000000e+00	0.000000e+00	-3.080315e+01	
25	0.000000e+00	0.000000e+00	-3.081115e+01	
26	0.000000e+00	0.000000e+00	-3.081816e+01	
27	0.000000e+00	0.000000e+00	-3.082418e+01	
28	0.000000e+00	0.000000e+00	-3.082920e+01	
29	0.000000e+00	0.000000e+00	-3.083321e+01	
30	0.000000e+00	0.000000e+00	-3.083616e+01	
31	0.000000e+00	0.000000e+00	-3.077347e+01	
32	0.000000e+00	0.000000e+00	-3.078463e+01	
33	0.000000e+00	0.000000e+00	-3.079472e+01	
34	0.000000e+00	0.000000e+00	-3.080376e+01	
35	0.000000e+00	0.000000e+00	-3.081178e+01	
36	0.000000e+00	0.000000e+00	-3.081879e+01	
37	0.000000e+00	0.000000e+00	-3.082480e+01	
38	0.000000e+00	0.000000e+00	-3.082979e+01	
39	0.000000e+00	0.000000e+00	-3.083373e+01	
40	0.000000e+00	0.000000e+00	-3.083661e+01	
41	0.000000e+00	0.000000e+00	-3.077368e+01	
42	0.000000e+00	0.000000e+00	-3.078488e+01	
43	0.000000e+00	0.000000e+00	-3.079500e+01	
44	0.000000e+00	0.000000e+00	-3.080406e+01	
45	0.000000e+00	0.000000e+00	-3.081210e+01	
46	0.000000e+00	0.000000e+00	-3.081911e+01	
47	0.000000e+00	0.000000e+00	-3.082510e+01	
48	0.000000e+00	0.000000e+00	-3.083007e+01	
49	0.000000e+00	0.000000e+00	-3.083400e+01	
50	0.000000e+00	0.000000e+00	-3.083684e+01	
51	0.000000e+00	0.000000e+00	-3.077368e+01	
52	0.000000e+00	0.000000e+00	-3.078488e+01	
53	0.000000e+00	0.000000e+00	-3.079500e+01	
54	0.000000e+00	0.000000e+00	-3.080407e+01	
55	0.000000e+00	0.000000e+00	-3.081210e+01	
56	0.000000e+00	0.000000e+00	-3.081911e+01	
57	0.000000e+00	0.000000e+00	-3.082510e+01	
58	0.000000e+00	0.000000e+00	-3.083007e+01	
59	0.000000e+00	0.000000e+00	-3.083400e+01	
60	0.000000e+00	0.000000e+00	-3.083684e+01	
61	0.000000e+00	0.000000e+00	-3.077347e+01	
62	0.000000e+00	0.000000e+00	-3.078463e+01	
63	0.000000e+00	0.000000e+00	-3.079472e+01	
64	0.000000e+00	0.000000e+00	-3.080377e+01	
65	0.000000e+00	0.000000e+00	-3.081179e+01	
66	0.000000e+00	0.000000e+00	-3.081880e+01	
67	0.000000e+00	0.000000e+00	-3.082480e+01	
68	0.000000e+00	0.000000e+00	-3.082979e+01	
69	0.000000e+00	0.000000e+00	-3.083373e+01	
70	0.000000e+00	0.000000e+00	-3.083661e+01	
71	0.000000e+00	0.000000e+00	-3.077305e+01	
72	0.000000e+00	0.000000e+00	-3.078413e+01	
73	0.000000e+00	0.000000e+00	-3.079415e+01	
74	0.000000e+00	0.000000e+00	-3.080316e+01	
75	0.000000e+00	0.000000e+00	-3.081116e+01	
76	0.000000e+00	0.000000e+00	-3.081816e+01	
77	0.000000e+00	0.000000e+00	-3.082418e+01	
78	0.000000e+00	0.000000e+00	-3.082921e+01	
79	0.000000e+00	0.000000e+00	-3.083321e+01	
80	0.000000e+00	0.000000e+00	-3.083616e+01	
81	0.000000e+00	0.000000e+00	-3.077240e+01	
82	0.000000e+00	0.000000e+00	-3.078335e+01	
83	0.000000e+00	0.000000e+00	-3.079328e+01	
84	0.000000e+00	0.000000e+00	-3.080222e+01	
85	0.000000e+00	0.000000e+00	-3.081019e+01	
86	0.000000e+00	0.000000e+00	-3.081719e+01	
87	0.000000e+00	0.000000e+00	-3.082324e+01	
88	0.000000e+00	0.000000e+00	-3.082831e+01	
89	0.000000e+00	0.000000e+00	-3.083240e+01	
90	0.000000e+00	0.000000e+00	-3.083546e+01	
91	0.000000e+00	0.000000e+00	-3.077151e+01	
92	0.000000e+00	0.000000e+00	-3.078227e+01	
93	0.000000e+00	0.000000e+00	-3.079207e+01	
94	0.000000e+00	0.000000e+00	-3.080092e+01	
95	0.000000e+00	0.000000e+00	-3.080885e+01	
96	0.000000e+00	0.000000e+00	-3.081585e+01	
97	0.000000e+00	0.000000e+00	-3.082192e+01	
98	0.000000e+00	0.000000e+00	-3.082707e+01	
99	0.000000e+00	0.000000e+00	-3.083127e+01	
100	0.000000e+00	0.000000e+00	-3.083452e+01	
101	0.000000e+00	0.000000e+00	-3.077156e+01	
102	0.000000e+00	0.000000e+00	-3.078230e+01	
103	0.000000e+00	0.000000e+00	-3.079209e+01	
104	0.000000e+00	0.000000e+00	-3.080095e+01	
105	0.000000e+00	0.000000e+00	-3.080886e+01	
106	0.000000e+00	0.000000e+00	-3.081585e+01	
107	0.000000e+00	0.000000e+00	-3.082191e+01	
108	0.000000e+00	0.000000e+00	-3.082703e+01	
109	0.000000e+00	0.000000e+00	-3.083122e+01	
110	0.000000e+00	0.000000e+00	-3.083446e+01	
111	0.000000e+00	0.000000e+00	-3.077245e+01	
112	0.000000e+00	0.000000e+00	-3.078339e+01	
113	0.000000e+00	0.000000e+00	-3.079331e+01	
114	0.000000e+00	0.000000e+00	-3.080224e+01	
115	0.000000e+00	0.000000e+00	-3.081020e+01	
116	0.000000e+00	0.000000e+00	-3.081720e+01	
117	0.000000e+00	0.000000e+00	-3.082322e+01	
118	0.000000e+00	0.000000e+00	-3.082828e+01	
119	0.000000e+00	0.000000e+00	-3.083236e+01	
120	0.000000e+00	0.000000e+00	-3.083541e+01	
121	0.000000e+00	0.000000e+00	-3.077309e+01	
122	0.000000e+00	0.000000e+00	-3.078416e+01	
123	0.000000e+00	0.000000e+00	-3.079418e+01	
124	0.000000e+00	0.000000e+00	-3.080318e+01	
125	0.000000e+00	0.000000e+00	-3.081117e+01	
126	0.000000e+00	0.000000e+00	-3.081817e+01	
127	0.000000e+00	0.000000e+00	-3.082418e+01	
128	0.000000e+00	0.000000e+00	-3.082919e+01	
129	0.000000e+00	0.000000e+00	-3.083317e+01	
130	0.000000e+00	0.000000e+00	-3.083611e+01	
131	0.000000e+00	0.000000e+00	-3.077350e+01	
132	0.000000e+00	0.000000e+00	-3.078466e+01	
133	0.000000e+00	0.000000e+00	-3.079474e+01	
134	0.000000e+00	0.000000e+00	-3.080378e+01	
135	0.000000e+00	0.000000e+00	-3.081180e+01	
136	0.000000e+00	0.000000e+00	-3.081880e+01	
137	0.000000e+00	0.000000e+00	-3.082480e+01	
138	0.000000e+00	0.000000e+00	-3.082977e+01	
139	0.000000e+00	0.000000e+00	-3.083371e+01	
140	0.000000e+00	0.000000e+00	-3.083658e+01	
141	0.000000e+00	0.000000e+00	-3.077370e+01	
142	0.000000e+00	0.000000e+00	-3.078490e+01	
143	0.000000e+00	0.000000e+00	-3.079501e+01	
144	0.000000e+00	0.000000e+00	-3.080408e+01	
145	0.000000e+00	0.000000e+00	-3.081211e+01	
146	0.000000e+00	0.000000e+00	-3.081912e+01	
147	0.000000e+00	0.000000e+00	-3.082511e+01	
148	0.000000e+00	0.000000e+00	-3.083006e+01	
149	0.000000e+00	0.000000e+00	-3.083398e+01	
150	0.000000e+00	0.000000e+00	-3.083681e+01	
151	0.000000e+00	0.000000e+00	-3.077370e+01	
152	0.000000e+00	0.000000e+00	-3.078489e+01	
153	0.000000e+00	0.000000e+00	-3.079501e+01	
154	0.000000e+00	0.000000e+00	-3.080407e+01	
155	0.000000e+00	0.000000e+00	-3.081211e+01	
156	0.000000e+00	0.000000e+00	-3.081912e+01	
157	0.000000e+00	0.000000e+00	-3.082511e+01	
158	0.000000e+00	0.000000e+00	-3.083007e+01	
159	0.000000e+00	0.000000e+00	-3.083398e+01	
160	0.000000e+00	0.000000e+00	-3.083682e+01	
161	0.000000e+00	0.000000e+00	-3.077348e+01	
162	0.000000e+00	0.000000e+00	-3.078464e+01	
163	0.000000e+00	0.000000e+00	-3.079472e+01	
164	0.000000e+00	0.000000e+00	-3.080377e+01	
165	0.000000e+00	0.000000e+00	-3.081179e+01	
166	0.000000e+00	0.000000e+00	-3.081881e+01	
167	0.000000e+00	0.000000e+00	-3.082481e+01	
168	0.000000e+00	0.000000e+00	-3.082978e+01	
169	0.000000e+00	0.000000e+00	-3.083372e+01	
170	0.000000e+00	0.000000e+00	-3.083659e+01	
171	0.000000e+00	0.000000e+00	-3.077305e+01	
172	0.000000e+00	0.000000e+00	-3.078413e+01	
173	0.000000e+00	0.000000e+00	-3.079416e+01	
174	0.000000e+00	0.000000e+00	-3.080316e+01	
175	0.000000e+00	0.000000e+00	-3.081116e+01	
176	0.000000e+00	0.000000e+00	-3.081817e+01	
177	0.000000e+00	0.000000e+00	-3.082419e+01	
178	0.000000e+00	0.000000e+00	-3.082920e+01	
179	0.000000e+00	0.000000e+00	-3.083320e+01	
180	0.000000e+00	0.000000e+00	-3.083614e+01	
181	0.000000e+00	0.000000e+00	-3.077241e+01	
182	0.000000e+00	0.000000e+00	-3.078335e+01	
183	0.000000e+00	0.000000e+00	-3.079328e+01	
184	0.000000e+00	0.000000e+00	-3.080222e+01	
185	0.000000e+00	0.000000e+00	-3.081019e+01	
186	0.000000e+00	0.000000e+00	-3.081720e+01	
187	0.000000e+00	0.000000e+00	-3.082324e+01	
188	0.000000e+00	0.000000e+00	-3.082831e+01	
189	0.000000e+00	0.000000e+00	-3.083239e+01	
190	0.000000e+00	0.000000e+00	-3.083545e+01	
191	0.000000e+00	0.000000e+00	-3.077152e+01	
192	0.000000e+00	0.000000e+00	-3.078226e+01	
193	0.000000e+00	0.000000e+00	-3.079206e+01	
194	0.000000e+00	0.000000e+00	-3.080092e+01	
195	0.000000e+00	0.000000e+00	-3.080885e+01	
196	0.000000e+00	0.000000e+00	-3.081585e+01	
197	0.000000e+00	0.000000e+00	-3.082192e+01	
198	0.000000e+00	0.000000e+00	-3.082706e+01	
199	0.000000e+00	0.000000e+00	-3.083126e+01	
200	0.000000e+00	0.000000e+00	-3.083450e+01	
201	0.000000e+00	0.000000e+00	-6.544378e+00	
202	0.000000e+00	0.000000e+00	-1.129467e+01	
203	0.000000e+00	0.000000e+00	-1.129930e+01	
204	0.000000e+00	0.000000e+00	-1.130372e+01	
205	0.000000e+00	0.000000e+00	-1.130792e+01	
206	0.000000e+00	0.000000e+00	-1.131188e+01	
207	0.000000e+00	0.000000e+00	-1.131557e+01	
208	0.000000e+00	0.000000e+00	-1.131900e+01	
209	0.000000e+00	0.000000e+00	-1.132214e+01	
210	0.000000e+00	0.000000e+00	-1.132501e+01	
211	0.000000e+00	0.000000e+00	-1.132758e+01	
212	0.000000e+00	0.000000e+00	-1.132985e+01	
213	0.000000e+00	0.000000e+00	-1.133184e+01	
214	0.000000e+00	0.000000e+00	-1.133354e+01	
215	0.000000e+00	0.000000e+00	-1.133496e+01	
216	0.000000e+00	0.000000e+00	-1.133612e+01	
217	0.000000e+00	0.000000e+00	-1.133703e+01	
218	0.000000e+00	0.000000e+00	-1.133770e+01	
219	0.000000e+00	0.000000e+00	-1.133814e+01	
220	0.000000e+00	0.000000e+00	-1.133836e+01	
221	0.000000e+00	0.000000e+00	-6.544384e+00	
222	0.000000e+00	0.000000e+00	-1.129469e+01	
223	0.000000e+00	0.000000e+00	-1.129933e+01	
224	0.000000e+00	0.000000e+00	-1.130377e+01	
225	0.000000e+00	0.000000e+00	-1.130798e+01	
226	0.000000e+00	0.000000e+00	-1.131196e+01	
227	0.000000e+00	0.000000e+00	-1.131567e+01	
228	0.000000e+00	0.000000e+00	-1.131910e+01	
229	0.000000e+00	0.000000e+00	-1.132226e+01	
230	0.000000e+00	0.000000e+00	-1.132512e+01	
231	0.000000e+00	0.000000e+00	-1.132769e+01	
232	0.000000e+00	0.000000e+00	-1.132997e+01	
233	0.000000e+00	0.000000e+00	-1.133195e+01	
234	0.000000e+00	0.000000e+00	-1.133364e+01	
235	0.000000e+00	0.000000e+00	-1.133505e+01	
236	0.000000e+00	0.000000e+00	-1.133619e+01	
237	0.000000e+00	0.000000e+00	-1.133709e+01	
238	0.000000e+00	0.000000e+00	-1.133775e+01	
239	0.000000e+00	0.000000e+00	-1.133818e+01	
240	0.000000e+00	0.000000e+00	-1.133840e+01	
241	0.000000e+00	0.000000e+00	-6.544396e+00	
242	0.000000e+00	0.000000e+00	-1.129473e+01	
243	0.000000e+00	0.000000e+00	-1.129940e+01	
244	0.000000e+00	0.000000e+00	-1.130386e+01	
245	0.000000e+00	0.000000e+00	-1.130811e+01	
246	0.000000e+00	0.000000e+00	-1.131211e+01	
247	0.000000e+00	0.000000e+00	-1.131585e+01	
248	0.000000e+00	0.000000e+00	-1.131931e+01	
249	0.000000e+00	0.000000e+00	-1.132249e+01	
250	0.000000e+00	0.000000e+00	-1.132536e+01	
251	0.000000e+00	0.000000e+00	-1.132793e+01	
252	0.000000e+00	0.000000e+00	-1.133020e+01	
253	0.000000e+00	0.000000e+00	-1.133216e+01	
254	0.000000e+00	0.000000e+00	-1.133383e+01	
255	0.000000e+00	0.000000e+00	-1.133521e+01	
256	0.000000e+00	0.000000e+00	-1.133633e+01	
257	0.000000e+00	0.000000e+00	-1.133720e+01	
258	0.000000e+00	0.000000e+00	-1.133784e+01	
259	0.000000e+00	0.000000e+00	-1.133826e+01	
260	0.000000e+00	0.000000e+00	-1.133847e+01	
261	0.000000e+00	0.000000e+00	-6.544412e+00	
262	0.000000e+00	0.000000e+00	-1.129478e+01	
263	0.000000e+00	0.000000e+00	-1.129948e+01	
264	0.000000e+00	0.000000e+00	-1.130399e+01	
265	0.000000e+00	0.000000e+00	-1.130829e+01	
266	0.000000e+00	0.000000e+00	-1.131235e+01	
267	0.000000e+00	0.000000e+00	-1.131614e+01	
268	0.000000e+00	0.000000e+00	-1.131964e+01	
269	0.000000e+00	0.000000e+00	-1.132284e+01	
270	0.000000e+00	0.000000e+00	-1.132572e+01	
271	0.000000e+00	0.000000e+00	-1.132829e+01	
272	0.000000e+00	0.000000e+00	-1.133055e+01	
273	0.000000e+00	0.000000e+00	-1.133249e+01	
274	0.000000e+00	0.000000e+00	-1.133413e+01	
275	0.000000e+00	0.000000e+00	-1.133547e+01	
276	0.000000e+00	0.000000e+00	-1.133654e+01	
277	0.000000e+00	0.000000e+00	-1.133736e+01	
278	0.000000e+00	0.000000e+00	-1.133797e+01	
279	0.000000e+00	0.000000e+00	-1.133837e+01	
280	0.000000e+00	0.000000e+00	-1.133857e+01	
281	0.000000e+00	0.000000e+00	-6.544431e+00	
282	0.000000e+00	0.000000e+00	-1.129484e+01	
283	0.000000e+00	0.000000e+00	-1.129959e+01	
284	0.000000e+00	0.000000e+00	-1.130416e+01	
285	0.000000e+00	0.000000e+00	-1.130853e+01	
286	0.000000e+00	0.000000e+00	-1.131268e+01	
287	0.000000e+00	0.000000e+00	-1.131654e+01	
288	0.000000e+00	0.000000e+00	-1.132009e+01	
289	0.000000e+00	0.000000e+00	-1.132332e+01	
290	0.000000e+00	0.000000e+00	-1.132622e+01	
291	0.000000e+00	0.000000e+00	-1.132879e+01	
292	0.000000e+00	0.000000e+00	-1.133103e+01	
293	0.000000e+00	0.000000e+00	-1.133295e+01	
294	0.000000e+00	0.000000e+00	-1.133454e+01	
295	0.000000e+00	0.000000e+00	-1.133582e+01	
296	0.000000e+00	0.000000e+00	-1.133681e+01	
297	0.000000e+00	0.000000e+00	-1.133756e+01	
298	0.000000e+00	0.000000e+00	-1.133813e+01	
299	0.000000e+00	0.000000e+00	-1.133850e+01	
300	0.000000e+00	0.000000e+00	-1.133869e+01	
301	0.000000e+00	0.000000e+00	-6.544451e+00	
302	0.000000e+00	0.000000e+00	-1.129490e+01	
303	0.000000e+00	0.000000e+00	-1.129970e+01	
304	0.000000e+00	0.000000e+00	-1.130433e+01	
305	0.000000e+00	0.000000e+00	-1.130880e+01	
306	0.000000e+00	0.000000e+00	-1.133710e+01	
307	0.000000e+00	0.000000e+00	-1.133778e+01	
308	0.000000e+00	0.000000e+00	-1.133829e+01	
309	0.000000e+00	0.000000e+00	-1.133864e+01	
310	0.000000e+00	0.000000e+00	-1.133881e+01	
311	0.000000e+00	0.000000e+00	-6.544470e+00	
312	0.000000e+00	0.000000e+00	-1.129496e+01	
313	0.000000e+00	0.000000e+00	-1.129980e+01	
314	0.000000e+00	0.000000e+00	-1.130449e+01	
315	0.000000e+00	0.000000e+00	-1.130904e+01	
316	0.000000e+00	0.000000e+00	-1.133737e+01	
317	0.000000e+00	0.000000e+00	-1.133798e+01	
318	0.000000e+00	0.000000e+00	-1.133845e+01	
319	0.000000e+00	0.000000e+00	-1.133877e+01	
320	0.000000e+00	0.000000e+00	-1.133893e+01	
321	0.000000e+00	0.000000e+00	-6.544486e+00	
322	0.000000e+00	0.000000e+00	-1.129501e+01	
323	0.000000e+00	0.000000e+00	-1.129989e+01	
324	0.000000e+00	0.000000e+00	-1.130462e+01	
325	0.000000e+00	0.000000e+00	-1.130922e+01	
326	0.000000e+00	0.000000e+00	-1.133758e+01	
327	0.000000e+00	0.000000e+00	-1.133814e+01	
328	0.000000e+00	0.000000e+00	-1.133858e+01	
329	0.000000e+00	0.000000e+00	-1.133888e+01	
330	0.000000e+00	0.000000e+00	-1.133903e+01	
331	0.000000e+00	0.000000e+00	-6.544498e+00	
332	0.000000e+00	0.000000e+00	-1.129504e+01	
333	0.000000e+00	0.000000e+00	-1.129995e+01	
334	0.000000e+00	0.000000e+00	-1.130472e+01	
335	0.000000e+00	0.000000e+00	-1.130934e+01	
336	0.000000e+00	0.000000e+00	-1.133772e+01	
337	0.000000e+00	0.000000e+00	-1.133826e+01	
338	0.000000e+00	0.000000e+00	-1.133867e+01	
339	0.000000e+00	0.000000e+00	-1.133896e+01	
340	0.000000e+00	0.000000e+00	-1.133910e+01	
341	0.000000e+00	0.000000e+00	-6.544503e+00	
342	0.000000e+00	0.000000e+00	-1.129506e+01	
343	0.000000e+00	0.000000e+00	-1.129999e+01	
344	0.000000e+00	0.000000e+00	-1.130476e+01	
345	0.000000e+00	0.000000e+00	-1.130940e+01	
346	0.000000e+00	0.000000e+00	-1.133779e+01	
347	0.000000e+00	0.000000e+00	-1.133832e+01	
348	0.000000e+00	0.000000e+00	-1.133872e+01	
349	0.000000e+00	0.000000e+00	-1.133900e+01	
350	0.000000e+00	0.000000e+00	-1.133914e+01	
351	0.000000e+00	0.000000e+00	-6.544503e+00	
352	0.000000e+00	0.000000e+00	-1.129506e+01	
353	0.000000e+00	0.000000e+00	-1.129998e+01	
354	0.000000e+00	0.000000e+00	-1.130476e+01	
355	0.000000e+00	0.000000e+00	-1.130940e+01	
356	0.000000e+00	0.000000e+00	-1.133779e+01	
357	0.000000e+00	0.000000e+00	-1.133832e+01	
358	0.000000e+00	0.000000e+00	-1.133872e+01	
359	0.000000e+00	0.000000e+00	-1.133900e+01	
360	0.000000e+00	0.000000e+00	-1.133914e+01	
361	0.000000e+00	0.000000e+00	-6.544496e+00	
362	0.000000e+00	0.000000e+00	-1.129504e+01	
363	0.000000e+00	0.000000e+00	-1.129995e+01	
364	0.000000e+00	0.000000e+00	-1.130471e+01	
365	0.000000e+00	0.000000e+00	-1.130934e+01	
366	0.000000e+00	0.000000e+00	-1.133772e+01	
367	0.000000e+00	0.000000e+00	-1.133826e+01	
368	0.000000e+00	0.000000e+00	-1.133867e+01	
369	0.000000e+00	0.000000e+00	-1.133896e+01	
370	0.000000e+00	0.000000e+00	-1.133910e+01	
371	0.000000e+00	0.000000e+00	-6.544484e+00	
372	0.000000e+00	0.000000e+00	-1.129500e+01	
373	0.000000e+00	0.000000e+00	-1.129989e+01	
374	0.000000e+00	0.000000e+00	-1.130462e+01	
375	0.000000e+00	0.000000e+00	-1.130922e+01	
376	0.000000e+00	0.000000e+00	-1.133758e+01	
377	0.000000e+00	0.000000e+00	-1.133815e+01	
378	0.000000e+00	0.000000e+00	-1.133858e+01	
379	0.000000e+00	0.000000e+00	-1.133888e+01	
380	0.000000e+00	0.000000e+00	-1.133903e+01	
381	0.000000e+00	0.000000e+00	-6.544468e+00	
382	0.000000e+00	0.000000e+00	-1.129495e+01	
383	0.000000e+00	0.000000e+00	-1.129980e+01	
384	0.000000e+00	0.000000e+00	-1.130449e+01	
385	0.000000e+00	0.000000e+00	-1.130904e+01	
386	0.000000e+00	0.000000e+00	-1.133737e+01	
387	0.000000e+00	0.000000e+00	-1.133798e+01	
388	0.000000e+00	0.000000e+00	-1.133845e+01	
389	0.000000e+00	0.000000e+00	-1.133877e+01	
390	0.000000e+00	0.000000e+00	-1.133893e+01	
391	0.000000e+00	0.000000e+00	-6.544449e+00	
392	0.000000e+00	0.000000e+00	-1.129490e+01	
393	0.000000e+00	0.000000e+00	-1.129970e+01	
394	0.000000e+00	0.000000e+00	-1.130433e+01	
395	0.000000e+00	0.000000e+00	-1.130880e+01	
396	0.000000e+00	0.000000e+00	-1.133711e+01	
397	0.000000e+00	0.000000e+00	-1.133778e+01	
398	0.000000e+00	0.000000e+00	-1.133830e+01	
399	0.000000e+00	0.000000e+00	-1.133864e+01	
400	0.000000e+00	0.000000e+00	-1.133881e+01	
401	0.000000e+00	0.000000e+00	-6.544430e+00	
402	0.000000e+00	0.000000e+00	-1.129484e+01	
403	0.000000e+00	0.000000e+00	-1.129959e+01	
404	0.000000e+00	0.000000e+00	-1.130416e+01	
405	0.000000e+00	0.000000e+00	-1.130854e+01	
406	0.000000e+00	0.000000e+00	-1.131268e+01	
407	0.000000e+00	0.000000e+00	-1.131655e+01	
408	0.000000e+00	0.000000e+00	-1.132010e+01	
409	0.000000e+00	0.000000e+00	-1.132332e+01	
410	0.000000e+00	0.000000e+00	-1.132622e+01	
411	0.000000e+00	0.000000e+00	-1.132879e+01	
412	0.000000e+00	0.000000e+00	-1.133104e+01	
413	0.000000e+00	0.000000e+00	-1.133295e+01	
414	0.000000e+00	0.000000e+00	-1.133455e+01	
415	0.000000e+00	0.000000e+00	-1.133582e+01	
416	0.000000e+00	0.000000e+00	-1.133681e+01	
417	0.000000e+00	0.000000e+00	-1.133757e+01	
418	0.000000e+00	0.000000e+00	-1.133813e+01	
419	0.000000e+00	0.000000e+00	-1.133850e+01	
420	0.000000e+00	0.000000e+00	-1.133869e+01	
421	0.000000e+00	0.000000e+00	-6.544412e+00	
422	0.000000e+00	0.000000e+00	-1.129478e+01	
423	0.000000e+00	0.000000e+00	-1.129949e+01	
424	0.000000e+00	0.000000e+00	-1.130400e+01	
425	0.000000e+00	0.000000e+00	-1.130830e+01	
426	0.000000e+00	0.000000e+00	-1.131236e+01	
427	0.000000e+00	0.000000e+00	-1.131615e+01	
428	0.000000e+00	0.000000e+00	-1.131965e+01	
429	0.000000e+00	0.000000e+00	-1.132285e+01	
430	0.000000e+00	0.000000e+00	-1.132573e+01	
431	0.000000e+00	0.000000e+00	-1.132830e+01	
432	0.000000e+00	0.000000e+00	-1.133056e+01	
433	0.000000e+00	0.000000e+00	-1.133250e+01	
434	0.000000e+00	0.000000e+00	-1.133413e+01	
435	0.000000e+00	0.000000e+00	-1.133547e+01	
436	0.000000e+00	0.000000e+00	-1.133654e+01	
437	0.000000e+00	0.000000e+00	-1.133737e+01	
438	0.000000e+00	0.000000e+00	-1.133797e+01	
439	0.000000e+00	0.000000e+00	-1.133837e+01	
440	0.000000e+00	0.000000e+00	-1.133857e+01	
441	0.000000e+00	0.000000e+00	-6.544396e+00	
442	0.000000e+00	0.000000e+00	-1.129473e+01	
443	0.000000e+00	0.000000e+00	-1.129940e+01	
444	0.000000e+00	0.000000e+00	-1.130387e+01	
445	0.000000e+00	0.000000e+00	-1.130812e+01	
446	0.000000e+00	0.000000e+00	-1.131212e+01	
447	0.000000e+00	0.000000e+00	-1.131587e+01	
448	0.000000e+00	0.000000e+00	-1.131933e+01	
449	0.000000e+00	0.000000e+00	-1.132250e+01	
450	0.000000e+00	0.000000e+00	-1.132538e+01	
451	0.000000e+00	0.000000e+00	-1.132794e+01	
452	0.000000e+00	0.000000e+00	-1.133021e+01	
453	0.000000e+00	0.000000e+00	-1.133217e+01	
454	0.000000e+00	0.000000e+00	-1.133383e+01	
455	0.000000e+00	0.000000e+00	-1.133522e+01	
456	0.000000e+00	0.000000e+00	-1.133634e+01	
457	0.000000e+00	0.000000e+00	-1.133720e+01	
458	0.000000e+00	0.000000e+00	-1.133784e+01	
459	0.000000e+00	0.000000e+00	-1.133827e+01	
460	0.000000e+00	0.000000e+00	-1.133848e+01	
461	0.000000e+00	0.000000e+00	-6.544385e+00	
462	0.000000e+00	0.000000e+00	-1.129469e+01	
463	0.000000e+00	0.000000e+00	-1.129934e+01	
464	0.000000e+00	0.000000e+00	-1.130378e+01	
465	0.000000e+00	0.000000e+00	-1.130799e+01	
466	0.000000e+00	0.000000e+00	-1.131197e+01	
467	0.000000e+00	0.000000e+00	-1.131568e+01	
468	0.000000e+00	0.000000e+00	-1.131912e+01	
469	0.000000e+00	0.000000e+00	-1.132228e+01	
470	0.000000e+00	0.000000e+00	-1.132514e+01	
471	0.000000e+00	0.000000e+00	-1.132771e+01	
472	0.000000e+00	0.000000e+00	-1.132998e+01	
473	0.000000e+00	0.000000e+00	-1.133195e+01	
474	0.000000e+00	0.000000e+00	-1.133364e+01	
475	0.000000e+00	0.000000e+00	-1.133505e+01	
476	0.000000e+00	0.000000e+00	-1.133619e+01	
477	0.000000e+00	0.000000e+00	-1.133709e+01	
478	0.000000e+00	0.000000e+00	-1.133775e+01	
479	0.000000e+00	0.000000e+00	-1.133819e+01	
480	0.000000e+00	0.000000e+00	-1.133841e+01	
481	0.000000e+00	0.000000e+00	-6.544379e+00	
482	0.000000e+00	0.000000e+00	-1.129468e+01	
483	0.000000e+00	0.000000e+00	-1.129931e+01	
484	0.000000e+00	0.000000e+00	-1.130373e+01	
485	0.000000e+00	0.000000e+00	-1.130793e+01	
486	0.000000e+00	0.000000e+00	-1.131189e+01	
487	0.000000e+00	0.000000e+00	-1.131559e+01	
488	0.000000e+00	0.000000e+00	-1.131902e+01	
489	0.000000e+00	0.000000e+00	-1.132217e+01	
490	0.000000e+00	0.000000e+00	-1.132503e+01	
491	0.000000e+00	0.000000e+00	-1.132759e+01	
492	0.000000e+00	0.000000e+00	-1.132986e+01	
493	0.000000e+00	0.000000e+00	-1.133184e+01	
494	0.000000e+00	0.000000e+00	-1.133354e+01	
495	0.000000e+00	0.000000e+00	-1.133496e+01	
496	0.000000e+00	0.000000e+00	-1.133612e+01	
497	0.000000e+00	0.000000e+00	-1.133703e+01	
498	0.000000e+00	0.000000e+00	-1.133770e+01	
499	0.000000e+00	0.000000e+00	-1.133815e+01	
500	0.000000e+00	0.000000e+00	-1.133837e+01	
501	0.000000e+00	0.000000e+00	-6.544383e+00	
502	0.000000e+00	0.000000e+00	-1.129469e+01	
503	0.000000e+00	0.000000e+00	-1.129932e+01	
504	0.000000e+00	0.000000e+00	-1.130374e+01	
505	0.000000e+00	0.000000e+00	-1.130794e+01	
506	0.000000e+00	0.000000e+00	-1.131190e+01	
507	0.000000e+00	0.000000e+00	-1.131560e+01	
508	0.000000e+00	0.000000e+00	-1.131902e+01	
509	0.000000e+00	0.000000e+00	-1.132216e+01	
510	0.000000e+00	0.000000e+00	-1.132502e+01	
511	0.000000e+00	0.000000e+00	-1.132758e+01	
512	0.000000e+00	0.000000e+00	-1.132985e+01	
513	0.000000e+00	0.000000e+00	-1.133183e+01	
514	0.000000e+00	0.000000e+00	-1.133352e+01	
515	0.000000e+00	0.000000e+00	-1.133495e+01	
516	0.000000e+00	0.000000e+00	-1.133611e+01	
517	0.000000e+00	0.000000e+00	-1.133702e+01	
518	0.000000e+00	0.000000e+00	-1.133769e+01	
519	0.000000e+00	0.000000e+00	-1.133813e+01	
520	0.000000e+00	0.000000e+00	-1.133836e+01	
521	0.000000e+00	0.000000e+00	-6.544389e+00	
522	0.000000e+00	0.000000e+00	-1.129470e+01	
523	0.000000e+00	0.000000e+00	-1.129935e+01	
524	0.000000e+00	0.000000e+00	-1.130379e+01	
525	0.000000e+00	0.000000e+00	-1.130800e+01	
526	0.000000e+00	0.000000e+00	-1.131198e+01	
527	0.000000e+00	0.000000e+00	-1.131569e+01	
528	0.000000e+00	0.000000e+00	-1.131912e+01	
529	0.000000e+00	0.000000e+00	-1.132227e+01	
530	0.000000e+00	0.000000e+00	-1.132513e+01	
531	0.000000e+00	0.000000e+00	-1.132769e+01	
532	0.000000e+00	0.000000e+00	-1.132996e+01	
533	0.000000e+00	0.000000e+00	-1.133193e+01	
534	0.000000e+00	0.000000e+00	-1.133362e+01	
535	0.000000e+00	0.000000e+00	-1.133503e+01	
536	0.000000e+00	0.000000e+00	-1.133618e+01	
537	0.000000e+00	0.000000e+00	-1.133708e+01	
538	0.000000e+00	0.000000e+00	-1.133774e+01	
539	0.000000e+00	0.000000e+00	-1.133818e+01	
540	0.000000e+00	0.000000e+00	-1.133840e+01	
541	0.000000e+00	0.000000e+00	-6.544400e+00	
542	0.000000e+00	0.000000e+00	-1.129474e+01	
543	0.000000e+00	0.000000e+00	-1.129941e+01	
544	0.000000e+00	0.000000e+00	-1.130388e+01	
545	0.000000e+00	0.000000e+00	-1.130813e+01	
546	0.000000e+00	0.000000e+00	-1.131213e+01	
547	0.000000e+00	0.000000e+00	-1.131587e+01	
548	0.000000e+00	0.000000e+00	-1.131933e+01	
549	0.000000e+00	0.000000e+00	-1.132250e+01	
550	0.000000e+00	0.000000e+00	-1.132537e+01	
551	0.000000e+00	0.000000e+00	-1.132793e+01	
552	0.000000e+00	0.000000e+00	-1.133019e+01	
553	0.000000e+00	0.000000e+00	-1.133215e+01	
554	0.000000e+00	0.000000e+00	-1.133381e+01	
555	0.000000e+00	0.000000e+00	-1.133520e+01	
556	0.000000e+00	0.000000e+00	-1.133632e+01	
557	0.000000e+00	0.000000e+00	-1.133719e+01	
558	0.000000e+00	0.000000e+00	-1.133783e+01	
559	0.000000e+00	0.000000e+00	-1.133826e+01	
560	0.000000e+00	0.000000e+00	-1.133847e+01	
561	0.000000e+00	0.000000e+00	-6.544416e+00	
562	0.000000e+00	0.000000e+00	-1.129479e+01	
563	0.000000e+00	0.000000e+00	-1.129950e+01	
564	0.000000e+00	0.000000e+00	-1.130401e+01	
565	0.000000e+00	0.000000e+00	-1.130831e+01	
566	0.000000e+00	0.000000e+00	-1.131237e+01	
567	0.000000e+00	0.000000e+00	-1.131616e+01	
568	0.000000e+00	0.000000e+00	-1.131966e+01	
569	0.000000e+00	0.000000e+00	-1.132285e+01	
570	0.000000e+00	0.000000e+00	-1.132573e+01	
571	0.000000e+00	0.000000e+00	-1.132829e+01	
572	0.000000e+00	0.000000e+00	-1.133054e+01	
573	0.000000e+00	0.000000e+00	-1.133248e+01	
574	0.000000e+00	0.000000e+00	-1.133411e+01	
575	0.000000e+00	0.000000e+00	-1.133545e+01	
576	0.000000e+00	0.000000e+00	-1.133652e+01	
577	0.000000e+00	0.000000e+00	-1.133735e+01	
578	0.000000e+00	0.000000e+00	-1.133796e+01	
579	0.000000e+00	0.000000e+00	-1.133837e+01	
580	0.000000e+00	0.000000e+00	-1.133857e+01	
581	0.000000e+00	0.000000e+00	-6.544434e+00	
582	0.000000e+00	0.000000e+00	-1.129485e+01	
583	0.000000e+00	0.000000e+00	-1.129960e+01	
584	0.000000e+00	0.000000e+00	-1.130417e+01	
585	0.000000e+00	0.000000e+00	-1.130855e+01	
586	0.000000e+00	0.000000e+00	-1.131270e+01	
587	0.000000e+00	0.000000e+00	-1.131656e+01	
588	0.000000e+00	0.000000e+00	-1.132011e+01	
589	0.000000e+00	0.000000e+00	-1.132333e+01	
590	0.000000e+00	0.000000e+00	-1.132622e+01	
591	0.000000e+00	0.000000e+00	-1.132879e+01	
592	0.000000e+00	0.000000e+00	-1.133103e+01	
593	0.000000e+00	0.000000e+00	-1.133294e+01	
594	0.000000e+00	0.000000e+00	-1.133453e+01	
595	0.000000e+00	0.000000e+00	-1.133580e+01	
596	0.000000e+00	0.000000e+00	-1.133679e+01	
597	0.000000e+00	0.000000e+00	-1.133755e+01	
598	0.000000e+00	0.000000e+00	-1.133812e+01	
599	0.000000e+00	0.000000e+00	-1.133850e+01	
600	0.000000e+00	0.000000e+00	-1.133868e+01	
601	0.000000e+00	0.000000e+00	-6.544454e+00	
602	0.000000e+00	0.000000e+00	-1.129491e+01	
603	0.000000e+00	0.000000e+00	-1.129971e+01	
604	0.000000e+00	0.000000e+00	-1.130434e+01	
605	0.000000e+00	0.000000e+00	-1.130881e+01	
606	0.000000e+00	0.000000e+00	-1.133709e+01	
607	0.000000e+00	0.000000e+00	-1.133777e+01	
608	0.000000e+00	0.000000e+00	-1.133828e+01	
609	0.000000e+00	0.000000e+00	-1.133863e+01	
610	0.000000e+00	0.000000e+00	-1.133881e+01	
611	0.000000e+00	0.000000e+00	-6.544472e+00	
612	0.000000e+00	0.000000e+00	-1.129496e+01	
613	0.000000e+00	0.000000e+00	-1.129981e+01	
614	0.000000e+00	0.000000e+00	-1.130450e+01	
615	0.000000e+00	0.000000e+00	-1.130905e+01	
616	0.000000e+00	0.000000e+00	-1.133735e+01	
617	0.000000e+00	0.000000e+00	-1.133797e+01	
618	0.000000e+00	0.000000e+00	-1.133844e+01	
619	0.000000e+00	0.000000e+00	-1.133876e+01	
620	0.000000e+00	0.000000e+00	-1.133893e+01	
621	0.000000e+00	0.000000e+00	-6.544487e+00	
622	0.000000e+00	0.000000e+00	-1.129501e+01	
623	0.000000e+00	0.000000e+00	-1.129990e+01	
624	0.000000e+00	0.000000e+00	-1.130463e+01	
625	0.000000e+00	0.000000e+00	-1.130923e+01	
626	0.000000e+00	0.000000e+00	-1.133756e+01	
627	0.000000e+00	0.000000e+00	-1.133813e+01	
628	0.000000e+00	0.000000e+00	-1.133857e+01	
629	0.000000e+00	0.000000e+00	-1.133887e+01	
630	0.000000e+00	0.000000e+00	-1.133903e+01	
631	0.000000e+00	0.000000e+00	-6.544497e+00	
632	0.000000e+00	0.000000e+00	-1.129504e+01	
633	0.000000e+00	0.000000e+00	-1.129996e+01	
634	0.000000e+00	0.000000e+00	-1.130472e+01	
635	0.000000e+00	0.000000e+00	-1.130935e+01	
636	0.000000e+00	0.000000e+00	-1.133771e+01	
637	0.000000e+00	0.000000e+00	-1.133825e+01	
638	0.000000e+00	0.000000e+00	-1.133867e+01	
639	0.000000e+00	0.000000e+00	-1.133895e+01	
640	0.000000e+00	0.000000e+00	-1.133910e+01	
641	0.000000e+00	0.000000e+00	-6.544503e+00	
642	0.000000e+00	0.000000e+00	-1.129506e+01	
643	0.000000e+00	0.000000e+00	-1.129999e+01	
644	0.000000e+00	0.000000e+00	-1.130477e+01	
645	0.000000e+00	0.000000e+00	-1.130941e+01	
646	0.000000e+00	0.000000e+00	-1.133778e+01	
647	0.000000e+00	0.000000e+00	-1.133831e+01	
648	0.000000e+00	0.000000e+00	-1.133872e+01	
649	0.000000e+00	0.000000e+00	-1.133900e+01	
650	0.000000e+00	0.000000e+00	-1.133914e+01	
651	0.000000e+00	0.000000e+00	-6.544502e+00	
652	0.000000e+00	0.000000e+00	-1.129506e+01	
653	0.000000e+00	0.000000e+00	-1.129999e+01	
654	0.000000e+00	0.000000e+00	-1.130476e+01	
655	0.000000e+00	0.000000e+00	-1.130941e+01	
656	0.000000e+00	0.000000e+00	-1.133778e+01	
657	0.000000e+00	0.000000e+00	-1.133831e+01	
658	0.000000e+00	0.000000e+00	-1.133872e+01	
659	0.000000e+00	0.000000e+00	-1.133900e+01	
660	0.000000e+00	0.000000e+00	-1.133914e+01	
661	0.000000e+00	0.000000e+00	-6.544496e+00	
662	0.000000e+00	0.000000e+00	-1.129504e+01	
663	0.000000e+00	0.000000e+00	-1.129995e+01	
664	0.000000e+00	0.000000e+00	-1.130472e+01	
665	0.000000e+00	0.000000e+00	-1.130935e+01	
666	0.000000e+00	0.000000e+00	-1.133771e+01	
667	0.000000e+00	0.000000e+00	-1.133825e+01	
668	0.000000e+00	0.000000e+00	-1.133867e+01	
669	0.000000e+00	0.000000e+00	-1.133896e+01	
670	0.000000e+00	0.000000e+00	-1.133910e+01	
671	0.000000e+00	0.000000e+00	-6.544485e+00	
672	0.000000e+00	0.000000e+00	-1.129501e+01	
673	0.000000e+00	0.000000e+00	-1.129989e+01	
674	0.000000e+00	0.000000e+00	-1.130463e+01	
675	0.000000e+00	0.000000e+00	-1.130922e+01	
676	0.000000e+00	0.000000e+00	-1.133757e+01	
677	0.000000e+00	0.000000e+00	-1.133814e+01	
678	0.000000e+00	0.000000e+00	-1.133858e+01	
679	0.000000e+00	0.000000e+00	-1.133888e+01	
680	0.000000e+00	0.000000e+00	-1.133903e+01	
681	0.000000e+00	0.000000e+00	-6.544470e+00	
682	0.000000e+00	0.000000e+00	-1.129496e+01	
683	0.000000e+00	0.000000e+00	-1.129981e+01	
684	0.000000e+00	0.000000e+00	-1.130450e+01	
685	0.000000e+00	0.000000e+00	-1.130904e+01	
686	0.000000e+00	0.000000e+00	-1.133737e+01	
687	0.000000e+00	0.000000e+00	-1.133798e+01	
688	0.000000e+00	0.000000e+00	-1.133845e+01	
689	0.000000e+00	0.000000e+00	-1.133877e+01	
690	0.000000e+00	0.000000e+00	-1.133893e+01	
691	0.000000e+00	0.000000e+00	-6.544451e+00	
692	0.000000e+00	0.000000e+00	-1.129490e+01	
693	0.000000e+00	0.000000e+00	-1.129970e+01	
694	0.000000e+00	0.000000e+00	-1.130434e+01	
695	0.000000e+00	0.000000e+00	-1.130880e+01	
696	0.000000e+00	0.000000e+00	-1.133710e+01	
697	0.000000e+00	0.000000e+00	-1.133778e+01	
698	0.000000e+00	0.000000e+00	-1.133830e+01	
699	0.000000e+00	0.000000e+00	-1.133864e+01	
700	0.000000e+00	0.000000e+00	-1.133881e+01	
701	0.000000e+00	0.000000e+00	-6.544432e+00	
702	0.000000e+00	0.000000e+00	-1.129484e+01	
703	0.000000e+00	0.000000e+00	-1.129960e+01	
704	0.000000e+00	0.000000e+00	-1.130417e+01	
705	0.000000e+00	0.000000e+00	-1.130854e+01	
706	0.000000e+00	0.000000e+00	-1.131268e+01	
707	0.000000e+00	0.000000e+00	-1.131655e+01	
708	0.000000e+00	0.000000e+00	-1.132010e+01	
709	0.000000e+00	0.000000e+00	-1.132332e+01	
710	0.000000e+00	0.000000e+00	-1.132622e+01	
711	0.000000e+00	0.000000e+00	-1.132879e+01	
712	0.000000e+00	0.000000e+00	-1.133103e+01	
713	0.000000e+00	0.000000e+00	-1.133295e+01	
714	0.000000e+00	0.000000e+00	-1.133454e+01	
715	0.000000e+00	0.000000e+00	-1.133582e+01	
716	0.000000e+00	0.000000e+00	-1.133681e+01	
717	0.000000e+00	0.000000e+00	-1.133757e+01	
718	0.000000e+00	0.000000e+00	-1.133813e+01	
719	0.000000e+00	0.000000e+00	-1.133851e+01	
720	0.000000e+00	0.000000e+00	-1.133869e+01	
721	0.000000e+00	0.000000e+00	-6.544413e+00	
722	0.000000e+00	0.000000e+00	-1.129478e+01	
723	0.000000e+00	0.000000e+00	-1.129949e+01	
724	0.000000e+00	0.000000e+00	-1.130401e+01	
725	0.000000e+00	0.000000e+00	-1.130830e+01	
726	0.000000e+00	0.000000e+00	-1.131236e+01	
727	0.000000e+00	0.000000e+00	-1.131615e+01	
728	0.000000e+00	0.000000e+00	-1.131965e+01	
729	0.000000e+00	0.000000e+00	-1.132284e+01	
730	0.000000e+00	0.000000e+00	-1.132573e+01	
731	0.000000e+00	0.000000e+00	-1.132830e+01	
732	0.000000e+00	0.000000e+00	-1.133055e+01	
733	0.000000e+00	0.000000e+00	-1.133249e+01	
734	0.000000e+00	0.000000e+00	-1.133412e+01	
735	0.000000e+00	0.000000e+00	-1.133547e+01	
736	0.000000e+00	0.000000e+00	-1.133654e+01	
737	0.000000e+00	0.000000e+00	-1.133737e+01	
738	0.000000e+00	0.000000e+00	-1.133798e+01	
739	0.000000e+00	0.000000e+00	-1.133838e+01	
740	0.000000e+00	0.000000e+00	-1.133858e+01	
741	0.000000e+00	0.000000e+00	-6.544397e+00	
742	0.000000e+00	0.000000e+00	-1.129473e+01	
743	0.000000e+00	0.000000e+00	-1.129941e+01	
744	0.000000e+00	0.000000e+00	-1.130388e+01	
745	0.000000e+00	0.000000e+00	-1.130812e+01	
746	0.000000e+00	0.000000e+00	-1.131212e+01	
747	0.000000e+00	0.000000e+00	-1.131587e+01	
748	0.000000e+00	0.000000e+00	-1.131933e+01	
749	0.000000e+00	0.000000e+00	-1.132250e+01	
750	0.000000e+00	0.000000e+00	-1.132537e+01	
751	0.000000e+00	0.000000e+00	-1.132794e+01	
752	0.000000e+00	0.000000e+00	-1.133020e+01	
753	0.000000e+00	0.000000e+00	-1.133216e+01	
754	0.000000e+00	0.000000e+00	-1.133383e+01	
755	0.000000e+00	0.000000e+00	-1.133521e+01	
756	0.000000e+00	0.000000e+00	-1.133634e+01	
757	0.000000e+00	0.000000e+00	-1.133721e+01	
758	0.000000e+00	0.000000e+00	-1.133785e+01	
759	0.000000e+00	0.000000e+00	-1.133827e+01	
760	0.000000e+00	0.000000e+00	-1.133848e+01	
761	0.000000e+00	0.000000e+00	-6.544386e+00	
762	0.000000e+00	0.000000e+00	-1.129470e+01	
763	0.000000e+00	0.000000e+00	-1.129935e+01	
764	0.000000e+00	0.000000e+00	-1.130379e+01	
765	0.000000e+00	0.000000e+00	-1.130800e+01	
766	0.000000e+00	0.000000e+00	-1.131197e+01	
767	0.000000e+00	0.000000e+00	-1.131568e+01	
768	0.000000e+00	0.000000e+00	-1.131912e+01	
769	0.000000e+00	0.000000e+00	-1.132228e+01	
770	0.000000e+00	0.000000e+00	-1.132514e+01	
771	0.000000e+00	0.000000e+00	-1.132770e+01	
772	0.000000e+00	0.000000e+00	-1.132997e+01	
773	0.000000e+00	0.000000e+00	-1.133194e+01	
774	0.000000e+00	0.000000e+00	-1.133363e+01	
775	0.000000e+00	0.000000e+00	-1.133504e+01	
776	0.000000e+00	0.000000e+00	-1.133620e+01	
777	0.000000e+00	0.000000e+00	-1.133710e+01	
778	0.000000e+00	0.000000e+00	-1.133776e+01	
779	0.000000e+00	0.000000e+00	-1.133819e+01	
780	0.000000e+00	0.000000e+00	-1.133841e+01	
781	0.000000e+00	0.000000e+00	-6.544380e+00	
782	0.000000e+00	0.000000e+00	-1.129468e+01	
783	0.000000e+00	0.000000e+00	-1.129932e+01	
784	0.000000e+00	0.000000e+00	-1.130374e+01	
785	0.000000e+00	0.000000e+00	-1.130794e+01	
786	0.000000e+00	0.000000e+00	-1.131190e+01	
787	0.000000e+00	0.000000e+00	-1.131559e+01	
788	0.000000e+00	0.000000e+00	-1.131902e+01	
789	0.000000e+00	0.000000e+00	-1.132217e+01	
790	0.000000e+00	0.000000e+00	-1.132502e+01	
791	0.000000e+00	0.000000e+00	-1.132758e+01	
792	0.000000e+00	0.000000e+00	-1.132985e+01	
793	0.000000e+00	0.000000e+00	-1.133183e+01	
794	0.000000e+00	0.000000e+00	-1.133353e+01	
795	0.000000e+00	0.000000e+00	-1.133496e+01	
796	0.000000e+00	0.000000e+00	-1.133612e+01	
797	0.000000e+00	0.000000e+00	-1.133704e+01	
798	0.000000e+00	0.000000e+00	-1.133771e+01	
799	0.000000e+00	0.000000e+00	-1.133815e+01	
800	0.000000e+00	0.000000e+00	-1.133837e+01	
