fluxJ
3
800
1	0.000000e+00	0.000000e+00	-2.905484e+01	
2	0.000000e+00	0.000000e+00	-2.906389e+01	
3	0.000000e+00	0.000000e+00	-2.907214e+01	
4	0.000000e+00	0.000000e+00	-2.907961e+01	
5	0.000000e+00	0.000000e+00	-2.908628e+01	
6	0.000000e+00	0.000000e+00	-2.909217e+01	
7	0.000000e+00	0.000000e+00	-2.909728e+01	
8	0.000000e+00	0.000000e+00	-2.910162e+01	
9	0.000000e+00	0.000000e+00	-2.910516e+01	
10	0.000000e+00	0.000000e+00	-2.910789e+01	
11	0.000000e+00	0.000000e+00	-2.905559e+01	
12	0.000000e+00	0.000000e+00	-2.906481e+01	
13	0.000000e+00	0.000000e+00	-2.907317e+01	
14	0.000000e+00	0.000000e+00	-2.908070e+01	
15	0.000000e+00	0.000000e+00	-2.908741e+01	
16	0.000000e+00	0.000000e+00	-2.909330e+01	
17	0.000000e+00	0.000000e+00	-2.909839e+01	
18	0.000000e+00	0.000000e+00	-2.910267e+01	
19	0.000000e+00	0.000000e+00	-2.910611e+01	
20	0.000000e+00	0.000000e+00	-2.910869e+01	
21	0.000000e+00	0.000000e+00	-2.905614e+01	
22	0.000000e+00	0.000000e+00	-2.906547e+01	
23	0.000000e+00	0.000000e+00	-2.907391e+01	
24	0.000000e+00	0.000000e+00	-2.908149e+01	
25	0.000000e+00	0.000000e+00	-2.908822e+01	
26	0.000000e+00	0.000000e+00	-2.909412e+01	
27	0.000000e+00	0.000000e+00	-2.909919e+01	
28	0.000000e+00	0.000000e+00	-2.910343e+01	
29	0.000000e+00	0.000000e+00	-2.910680e+01	
30	0.000000e+00	0.000000e+00	-2.910928e+01	
31	0.000000e+00	0.000000e+00	-2.905649e+01	
32	0.000000e+00	0.000000e+00	-2.906589e+01	
33	0.000000e+00	0.000000e+00	-2.907439e+01	
34	0.000000e+00	0.000000e+00	-2.908200e+01	
35	0.000000e+00	0.000000e+00	-2.908876e+01	
36	0.000000e+00	0.000000e+00	-2.909466e+01	
37	0.000000e+00	0.000000e+00	-2.909972e+01	
38	0.000000e+00	0.000000e+00	-2.910392e+01	
39	0.000000e+00	0.000000e+00	-2.910724e+01	
40	0.000000e+00	0.000000e+00	-2.910967e+01	
41	0.000000e+00	0.000000e+00	-2.905667e+01	
42	0.000000e+00	0.000000e+00	-2.906610e+01	
43	0.000000e+00	0.000000e+00	-2.907462e+01	
44	0.000000e+00	0.000000e+00	-2.908226e+01	
45	0.000000e+00	0.000000e+00	-2.908902e+01	
46	0.000000e+00	0.000000e+00	-2.909492e+01	
47	0.000000e+00	0.000000e+00	-2.909997e+01	
48	0.000000e+00	0.000000e+00	-2.910416e+01	
49	0.000000e+00	0.000000e+00	-2.910746e+01	
50	0.000000e+00	0.000000e+00	-2.910986e+01	
51	0.000000e+00	0.000000e+00	-2.905667e+01	
52	0.000000e+00	0.000000e+00	-2.906610e+01	
53	0.000000e+00	0.000000e+00	-2.907462e+01	
54	0.000000e+00	0.000000e+00	-2.908226e+01	
55	0.000000e+00	0.000000e+00	-2.908902e+01	
56	0.000000e+00	0.000000e+00	-2.909492e+01	
57	0.000000e+00	0.000000e+00	-2.909997e+01	
58	0.000000e+00	0.000000e+00	-2.910416e+01	
59	0.000000e+00	0.000000e+00	-2.910746e+01	
60	0.000000e+00	0.000000e+00	-2.910986e+01	
61	0.000000e+00	0.000000e+00	-2.905649e+01	
62	0.000000e+00	0.000000e+00	-2.906589e+01	
63	0.000000e+00	0.000000e+00	-2.907439e+01	
64	0.000000e+00	0.000000e+00	-2.908200e+01	
65	0.000000e+00	0.000000e+00	-2.908876e+01	
66	0.000000e+00	0.000000e+00	-2.909466e+01	
67	0.000000e+00	0.000000e+00	-2.909972e+01	
68	0.000000e+00	0.000000e+00	-2.910392e+01	
69	0.000000e+00	0.000000e+00	-2.910724e+01	
70	0.000000e+00	0.000000e+00	-2.910967e+01	
71	0.000000e+00	0.000000e+00	-2.905614e+01	
72	0.000000e+00	0.000000e+00	-2.906547e+01	
73	0.000000e+00	0.000000e+00	-2.907391e+01	
74	0.000000e+00	0.000000e+00	-2.908149e+01	
75	0.000000e+00	0.000000e+00	-2.908823e+01	
76	0.000000e+00	0.000000e+00	-2.909413e+01	
77	0.000000e+00	0.000000e+00	-2.909920e+01	
78	0.000000e+00	0.000000e+00	-2.910343e+01	
79	0.000000e+00	0.000000e+00	-2.910680e+01	
80	0.000000e+00	0.000000e+00	-2.910928e+01	
81	0.000000e+00	0.000000e+00	-2.905559e+01	
82	0.000000e+00	0.000000e+00	-2.906481e+01	
83	0.000000e+00	0.000000e+00	-2.907318e+01	
84	0.000000e+00	0.000000e+00	-2.908070e+01	
85	0.000000e+00	0.000000e+00	-2.908741e+01	
86	0.000000e+00	0.000000e+00	-2.909331e+01	
87	0.000000e+00	0.000000e+00	-2.909840e+01	
88	0.000000e+00	0.000000e+00	-2.910267e+01	
89	0.000000e+00	0.000000e+00	-2.910612e+01	
90	0.000000e+00	0.000000e+00	-2.910870e+01	
91	0.000000e+00	0.000000e+00	-2.905485e+01	
92	0.000000e+00	0.000000e+00	-2.906390e+01	
93	0.000000e+00	0.000000e+00	-2.907215e+01	
94	0.000000e+00	0.000000e+00	-2.907961e+01	
95	0.000000e+00	0.000000e+00	-2.908629e+01	
96	0.000000e+00	0.000000e+00	-2.909218e+01	
97	0.000000e+00	0.000000e+00	-2.909730e+01	
98	0.000000e+00	0.000000e+00	-2.910163e+01	
99	0.000000e+00	0.000000e+00	-2.910517e+01	
100	0.000000e+00	0.000000e+00	-2.910790e+01	
101	0.000000e+00	0.000000e+00	-2.905489e+01	
102	0.000000e+00	0.000000e+00	-2.906394e+01	
103	0.000000e+00	0.000000e+00	-2.907218e+01	
104	0.000000e+00	0.000000e+00	-2.907963e+01	
105	0.000000e+00	0.000000e+00	-2.908630e+01	
106	0.000000e+00	0.000000e+00	-2.909218e+01	
107	0.000000e+00	0.000000e+00	-2.909728e+01	
108	0.000000e+00	0.000000e+00	-2.910160e+01	
109	0.000000e+00	0.000000e+00	-2.910512e+01	
110	0.000000e+00	0.000000e+00	-2.910785e+01	
111	0.000000e+00	0.000000e+00	-2.905564e+01	
112	0.000000e+00	0.000000e+00	-2.906485e+01	
113	0.000000e+00	0.000000e+00	-2.907320e+01	
114	0.000000e+00	0.000000e+00	-2.908073e+01	
115	0.000000e+00	0.000000e+00	-2.908743e+01	
116	0.000000e+00	0.000000e+00	-2.909331e+01	
117	0.000000e+00	0.000000e+00	-2.909839e+01	
118	0.000000e+00	0.000000e+00	-2.910265e+01	
119	0.000000e+00	0.000000e+00	-2.910608e+01	
120	0.000000e+00	0.000000e+00	-2.910865e+01	
121	0.000000e+00	0.000000e+00	-2.905617e+01	
122	0.000000e+00	0.000000e+00	-2.906550e+01	
123	0.000000e+00	0.000000e+00	-2.907394e+01	
124	0.000000e+00	0.000000e+00	-2.908151e+01	
125	0.000000e+00	0.000000e+00	-2.908824e+01	
126	0.000000e+00	0.000000e+00	-2.909414e+01	
127	0.000000e+00	0.000000e+00	-2.909919e+01	
128	0.000000e+00	0.000000e+00	-2.910341e+01	
129	0.000000e+00	0.000000e+00	-2.910677e+01	
130	0.000000e+00	0.000000e+00	-2.910924e+01	
131	0.000000e+00	0.000000e+00	-2.905652e+01	
132	0.000000e+00	0.000000e+00	-2.906592e+01	
133	0.000000e+00	0.000000e+00	-2.907441e+01	
134	0.000000e+00	0.000000e+00	-2.908202e+01	
135	0.000000e+00	0.000000e+00	-2.908877e+01	
136	0.000000e+00	0.000000e+00	-2.909467e+01	
137	0.000000e+00	0.000000e+00	-2.909972e+01	
138	0.000000e+00	0.000000e+00	-2.910390e+01	
139	0.000000e+00	0.000000e+00	-2.910722e+01	
140	0.000000e+00	0.000000e+00	-2.910963e+01	
141	0.000000e+00	0.000000e+00	-2.905669e+01	
142	0.000000e+00	0.000000e+00	-2.906612e+01	
143	0.000000e+00	0.000000e+00	-2.907464e+01	
144	0.000000e+00	0.000000e+00	-2.908227e+01	
145	0.000000e+00	0.000000e+00	-2.908903e+01	
146	0.000000e+00	0.000000e+00	-2.909493e+01	
147	0.000000e+00	0.000000e+00	-2.909997e+01	
148	0.000000e+00	0.000000e+00	-2.910415e+01	
149	0.000000e+00	0.000000e+00	-2.910744e+01	
150	0.000000e+00	0.000000e+00	-2.910983e+01	
151	0.000000e+00	0.000000e+00	-2.905669e+01	
152	0.000000e+00	0.000000e+00	-2.906611e+01	
153	0.000000e+00	0.000000e+00	-2.907463e+01	
154	0.000000e+00	0.000000e+00	-2.908226e+01	
155	0.000000e+00	0.000000e+00	-2.908903e+01	
156	0.000000e+00	0.000000e+00	-2.909493e+01	
157	0.000000e+00	0.000000e+00	-2.909998e+01	
158	0.000000e+00	0.000000e+00	-2.910415e+01	
159	0.000000e+00	0.000000e+00	-2.910745e+01	
160	0.000000e+00	0.000000e+00	-2.910984e+01	
161	0.000000e+00	0.000000e+00	-2.905650e+01	
162	0.000000e+00	0.000000e+00	-2.906590e+01	
163	0.000000e+00	0.000000e+00	-2.907439e+01	
164	0.000000e+00	0.000000e+00	-2.908201e+01	
165	0.000000e+00	0.000000e+00	-2.908877e+01	
166	0.000000e+00	0.000000e+00	-2.909467e+01	
167	0.000000e+00	0.000000e+00	-2.909972e+01	
168	0.000000e+00	0.000000e+00	-2.910391e+01	
169	0.000000e+00	0.000000e+00	-2.910723e+01	
170	0.000000e+00	0.000000e+00	-2.910965e+01	
171	0.000000e+00	0.000000e+00	-2.905614e+01	
172	0.000000e+00	0.000000e+00	-2.906547e+01	
173	0.000000e+00	0.000000e+00	-2.907391e+01	
174	0.000000e+00	0.000000e+00	-2.908149e+01	
175	0.000000e+00	0.000000e+00	-2.908823e+01	
176	0.000000e+00	0.000000e+00	-2.909414e+01	
177	0.000000e+00	0.000000e+00	-2.909921e+01	
178	0.000000e+00	0.000000e+00	-2.910343e+01	
179	0.000000e+00	0.000000e+00	-2.910679e+01	
180	0.000000e+00	0.000000e+00	-2.910927e+01	
181	0.000000e+00	0.000000e+00	-2.905560e+01	
182	0.000000e+00	0.000000e+00	-2.906482e+01	
183	0.000000e+00	0.000000e+00	-2.907317e+01	
184	0.000000e+00	0.000000e+00	-2.908070e+01	
185	0.000000e+00	0.000000e+00	-2.908742e+01	
186	0.000000e+00	0.000000e+00	-2.909332e+01	
187	0.000000e+00	0.000000e+00	-2.909840e+01	
188	0.000000e+00	0.000000e+00	-2.910267e+01	
189	0.000000e+00	0.000000e+00	-2.910611e+01	
190	0.000000e+00	0.000000e+00	-2.910868e+01	
191	0.000000e+00	0.000000e+00	-2.905485e+01	
192	0.000000e+00	0.000000e+00	-2.906390e+01	
193	0.000000e+00	0.000000e+00	-2.907215e+01	
194	0.000000e+00	0.000000e+00	-2.907961e+01	
195	0.000000e+00	0.000000e+00	-2.908629e+01	
196	0.000000e+00	0.000000e+00	-2.909218e+01	
197	0.000000e+00	0.000000e+00	-2.909730e+01	
198	0.000000e+00	0.000000e+00	-2.910162e+01	
199	0.000000e+00	0.000000e+00	-2.910516e+01	
200	0.000000e+00	0.000000e+00	-2.910789e+01	
201	0.000000e+00	0.000000e+00	-6.180551e+00	
202	0.000000e+00	0.000000e+00	-1.066645e+01	
203	0.000000e+00	0.000000e+00	-1.067034e+01	
204	0.000000e+00	0.000000e+00	-1.067407e+01	
205	0.000000e+00	0.000000e+00	-1.067760e+01	
206	0.000000e+00	0.000000e+00	-1.068094e+01	
207	0.000000e+00	0.000000e+00	-1.068405e+01	
208	0.000000e+00	0.000000e+00	-1.068693e+01	
209	0.000000e+00	0.000000e+00	-1.068958e+01	
210	0.000000e+00	0.000000e+00	-1.069199e+01	
211	0.000000e+00	0.000000e+00	-1.069416e+01	
212	0.000000e+00	0.000000e+00	-1.069607e+01	
213	0.000000e+00	0.000000e+00	-1.069775e+01	
214	0.000000e+00	0.000000e+00	-1.069918e+01	
215	0.000000e+00	0.000000e+00	-1.070038e+01	
216	0.000000e+00	0.000000e+00	-1.070135e+01	
217	0.000000e+00	0.000000e+00	-1.070212e+01	
218	0.000000e+00	0.000000e+00	-1.070268e+01	
219	0.000000e+00	0.000000e+00	-1.070305e+01	
220	0.000000e+00	0.000000e+00	-1.070324e+01	
221	0.000000e+00	0.000000e+00	-6.180556e+00	
222	0.000000e+00	0.000000e+00	-1.066646e+01	
223	0.000000e+00	0.000000e+00	-1.067037e+01	
224	0.000000e+00	0.000000e+00	-1.067411e+01	
225	0.000000e+00	0.000000e+00	-1.067766e+01	
226	0.000000e+00	0.000000e+00	-1.068100e+01	
227	0.000000e+00	0.000000e+00	-1.068413e+01	
228	0.000000e+00	0.000000e+00	-1.068702e+01	
229	0.000000e+00	0.000000e+00	-1.068968e+01	
230	0.000000e+00	0.000000e+00	-1.069209e+01	
231	0.000000e+00	0.000000e+00	-1.069425e+01	
232	0.000000e+00	0.000000e+00	-1.069617e+01	
233	0.000000e+00	0.000000e+00	-1.069784e+01	
234	0.000000e+00	0.000000e+00	-1.069926e+01	
235	0.000000e+00	0.000000e+00	-1.070045e+01	
236	0.000000e+00	0.000000e+00	-1.070141e+01	
237	0.000000e+00	0.000000e+00	-1.070217e+01	
238	0.000000e+00	0.000000e+00	-1.070272e+01	
239	0.000000e+00	0.000000e+00	-1.070309e+01	
240	0.000000e+00	0.000000e+00	-1.070327e+01	
241	0.000000e+00	0.000000e+00	-6.180566e+00	
242	0.000000e+00	0.000000e+00	-1.066649e+01	
243	0.000000e+00	0.000000e+00	-1.067042e+01	
244	0.000000e+00	0.000000e+00	-1.067418e+01	
245	0.000000e+00	0.000000e+00	-1.067776e+01	
246	0.000000e+00	0.000000e+00	-1.068113e+01	
247	0.000000e+00	0.000000e+00	-1.068428e+01	
248	0.000000e+00	0.000000e+00	-1.068720e+01	
249	0.000000e+00	0.000000e+00	-1.068987e+01	
250	0.000000e+00	0.000000e+00	-1.069229e+01	
251	0.000000e+00	0.000000e+00	-1.069445e+01	
252	0.000000e+00	0.000000e+00	-1.069636e+01	
253	0.000000e+00	0.000000e+00	-1.069802e+01	
254	0.000000e+00	0.000000e+00	-1.069942e+01	
255	0.000000e+00	0.000000e+00	-1.070059e+01	
256	0.000000e+00	0.000000e+00	-1.070153e+01	
257	0.000000e+00	0.000000e+00	-1.070226e+01	
258	0.000000e+00	0.000000e+00	-1.070280e+01	
259	0.000000e+00	0.000000e+00	-1.070315e+01	
260	0.000000e+00	0.000000e+00	-1.070333e+01	
261	0.000000e+00	0.000000e+00	-6.180580e+00	
262	0.000000e+00	0.000000e+00	-1.066654e+01	
263	0.000000e+00	0.000000e+00	-1.067050e+01	
264	0.000000e+00	0.000000e+00	-1.067430e+01	
265	0.000000e+00	0.000000e+00	-1.067791e+01	
266	0.000000e+00	0.000000e+00	-1.068133e+01	
267	0.000000e+00	0.000000e+00	-1.068453e+01	
268	0.000000e+00	0.000000e+00	-1.068747e+01	
269	0.000000e+00	0.000000e+00	-1.069016e+01	
270	0.000000e+00	0.000000e+00	-1.069259e+01	
271	0.000000e+00	0.000000e+00	-1.069476e+01	
272	0.000000e+00	0.000000e+00	-1.069666e+01	
273	0.000000e+00	0.000000e+00	-1.069829e+01	
274	0.000000e+00	0.000000e+00	-1.069967e+01	
275	0.000000e+00	0.000000e+00	-1.070080e+01	
276	0.000000e+00	0.000000e+00	-1.070170e+01	
277	0.000000e+00	0.000000e+00	-1.070240e+01	
278	0.000000e+00	0.000000e+00	-1.070291e+01	
279	0.000000e+00	0.000000e+00	-1.070324e+01	
280	0.000000e+00	0.000000e+00	-1.070341e+01	
281	0.000000e+00	0.000000e+00	-6.180596e+00	
282	0.000000e+00	0.000000e+00	-1.066659e+01	
283	0.000000e+00	0.000000e+00	-1.067059e+01	
284	0.000000e+00	0.000000e+00	-1.067443e+01	
285	0.000000e+00	0.000000e+00	-1.067812e+01	
286	0.000000e+00	0.000000e+00	-1.068161e+01	
287	0.000000e+00	0.000000e+00	-1.068486e+01	
288	0.000000e+00	0.000000e+00	-1.068785e+01	
289	0.000000e+00	0.000000e+00	-1.069057e+01	
290	0.000000e+00	0.000000e+00	-1.069301e+01	
291	0.000000e+00	0.000000e+00	-1.069517e+01	
292	0.000000e+00	0.000000e+00	-1.069706e+01	
293	0.000000e+00	0.000000e+00	-1.069868e+01	
294	0.000000e+00	0.000000e+00	-1.070002e+01	
295	0.000000e+00	0.000000e+00	-1.070110e+01	
296	0.000000e+00	0.000000e+00	-1.070193e+01	
297	0.000000e+00	0.000000e+00	-1.070257e+01	
298	0.000000e+00	0.000000e+00	-1.070304e+01	
299	0.000000e+00	0.000000e+00	-1.070335e+01	
300	0.000000e+00	0.000000e+00	-1.070351e+01	
301	0.000000e+00	0.000000e+00	-6.180613e+00	
302	0.000000e+00	0.000000e+00	-1.066664e+01	
303	0.000000e+00	0.000000e+00	-1.067068e+01	
304	0.000000e+00	0.000000e+00	-1.067458e+01	
305	0.000000e+00	0.000000e+00	-1.067834e+01	
306	0.000000e+00	0.000000e+00	-1.070218e+01	
307	0.000000e+00	0.000000e+00	-1.070275e+01	
308	0.000000e+00	0.000000e+00	-1.070318e+01	
309	0.000000e+00	0.000000e+00	-1.070347e+01	
310	0.000000e+00	0.000000e+00	-1.070361e+01	
311	0.000000e+00	0.000000e+00	-6.180629e+00	
312	0.000000e+00	0.000000e+00	-1.066669e+01	
313	0.000000e+00	0.000000e+00	-1.067077e+01	
314	0.000000e+00	0.000000e+00	-1.067472e+01	
315	0.000000e+00	0.000000e+00	-1.067854e+01	
316	0.000000e+00	0.000000e+00	-1.070240e+01	
317	0.000000e+00	0.000000e+00	-1.070292e+01	
318	0.000000e+00	0.000000e+00	-1.070331e+01	
319	0.000000e+00	0.000000e+00	-1.070358e+01	
320	0.000000e+00	0.000000e+00	-1.070371e+01	
321	0.000000e+00	0.000000e+00	-6.180642e+00	
322	0.000000e+00	0.000000e+00	-1.066673e+01	
323	0.000000e+00	0.000000e+00	-1.067084e+01	
324	0.000000e+00	0.000000e+00	-1.067483e+01	
325	0.000000e+00	0.000000e+00	-1.067870e+01	
326	0.000000e+00	0.000000e+00	-1.070258e+01	
327	0.000000e+00	0.000000e+00	-1.070305e+01	
328	0.000000e+00	0.000000e+00	-1.070342e+01	
329	0.000000e+00	0.000000e+00	-1.070367e+01	
330	0.000000e+00	0.000000e+00	-1.070380e+01	
331	0.000000e+00	0.000000e+00	-6.180652e+00	
332	0.000000e+00	0.000000e+00	-1.066676e+01	
333	0.000000e+00	0.000000e+00	-1.067090e+01	
334	0.000000e+00	0.000000e+00	-1.067490e+01	
335	0.000000e+00	0.000000e+00	-1.067880e+01	
336	0.000000e+00	0.000000e+00	-1.070270e+01	
337	0.000000e+00	0.000000e+00	-1.070315e+01	
338	0.000000e+00	0.000000e+00	-1.070350e+01	
339	0.000000e+00	0.000000e+00	-1.070374e+01	
340	0.000000e+00	0.000000e+00	-1.070386e+01	
341	0.000000e+00	0.000000e+00	-6.180657e+00	
342	0.000000e+00	0.000000e+00	-1.066677e+01	
343	0.000000e+00	0.000000e+00	-1.067092e+01	
344	0.000000e+00	0.000000e+00	-1.067494e+01	
345	0.000000e+00	0.000000e+00	-1.067885e+01	
346	0.000000e+00	0.000000e+00	-1.070276e+01	
347	0.000000e+00	0.000000e+00	-1.070320e+01	
348	0.000000e+00	0.000000e+00	-1.070354e+01	
349	0.000000e+00	0.000000e+00	-1.070377e+01	
350	0.000000e+00	0.000000e+00	-1.070389e+01	
351	0.000000e+00	0.000000e+00	-6.180656e+00	
352	0.000000e+00	0.000000e+00	-1.066677e+01	
353	0.000000e+00	0.000000e+00	-1.067092e+01	
354	0.000000e+00	0.000000e+00	-1.067494e+01	
355	0.000000e+00	0.000000e+00	-1.067885e+01	
356	0.000000e+00	0.000000e+00	-1.070276e+01	
357	0.000000e+00	0.000000e+00	-1.070320e+01	
358	0.000000e+00	0.000000e+00	-1.070354e+01	
359	0.000000e+00	0.000000e+00	-1.070377e+01	
360	0.000000e+00	0.000000e+00	-1.070389e+01	
361	0.000000e+00	0.000000e+00	-6.180650e+00	
362	0.000000e+00	0.000000e+00	-1.066676e+01	
363	0.000000e+00	0.000000e+00	-1.067089e+01	
364	0.000000e+00	0.000000e+00	-1.067490e+01	
365	0.000000e+00	0.000000e+00	-1.067880e+01	
366	0.000000e+00	0.000000e+00	-1.070270e+01	
367	0.000000e+00	0.000000e+00	-1.070315e+01	
368	0.000000e+00	0.000000e+00	-1.070350e+01	
369	0.000000e+00	0.000000e+00	-1.070374e+01	
370	0.000000e+00	0.000000e+00	-1.070386e+01	
371	0.000000e+00	0.000000e+00	-6.180640e+00	
372	0.000000e+00	0.000000e+00	-1.066673e+01	
373	0.000000e+00	0.000000e+00	-1.067084e+01	
374	0.000000e+00	0.000000e+00	-1.067483e+01	
375	0.000000e+00	0.000000e+00	-1.067870e+01	
376	0.000000e+00	0.000000e+00	-1.070258e+01	
377	0.000000e+00	0.000000e+00	-1.070306e+01	
378	0.000000e+00	0.000000e+00	-1.070342e+01	
379	0.000000e+00	0.000000e+00	-1.070367e+01	
380	0.000000e+00	0.000000e+00	-1.070380e+01	
381	0.000000e+00	0.000000e+00	-6.180627e+00	
382	0.000000e+00	0.000000e+00	-1.066668e+01	
383	0.000000e+00	0.000000e+00	-1.067077e+01	
384	0.000000e+00	0.000000e+00	-1.067472e+01	
385	0.000000e+00	0.000000e+00	-1.067854e+01	
386	0.000000e+00	0.000000e+00	-1.070240e+01	
387	0.000000e+00	0.000000e+00	-1.070292e+01	
388	0.000000e+00	0.000000e+00	-1.070331e+01	
389	0.000000e+00	0.000000e+00	-1.070358e+01	
390	0.000000e+00	0.000000e+00	-1.070372e+01	
391	0.000000e+00	0.000000e+00	-6.180611e+00	
392	0.000000e+00	0.000000e+00	-1.066664e+01	
393	0.000000e+00	0.000000e+00	-1.067068e+01	
394	0.000000e+00	0.000000e+00	-1.067458e+01	
395	0.000000e+00	0.000000e+00	-1.067834e+01	
396	0.000000e+00	0.000000e+00	-1.070218e+01	
397	0.000000e+00	0.000000e+00	-1.070275e+01	
398	0.000000e+00	0.000000e+00	-1.070318e+01	
399	0.000000e+00	0.000000e+00	-1.070347e+01	
400	0.000000e+00	0.000000e+00	-1.070362e+01	
401	0.000000e+00	0.000000e+00	-6.180595e+00	
402	0.000000e+00	0.000000e+00	-1.066658e+01	
403	0.000000e+00	0.000000e+00	-1.067059e+01	
404	0.000000e+00	0.000000e+00	-1.067444e+01	
405	0.000000e+00	0.000000e+00	-1.067812e+01	
406	0.000000e+00	0.000000e+00	-1.068161e+01	
407	0.000000e+00	0.000000e+00	-1.068487e+01	
408	0.000000e+00	0.000000e+00	-1.068786e+01	
409	0.000000e+00	0.000000e+00	-1.069058e+01	
410	0.000000e+00	0.000000e+00	-1.069302e+01	
411	0.000000e+00	0.000000e+00	-1.069518e+01	
412	0.000000e+00	0.000000e+00	-1.069707e+01	
413	0.000000e+00	0.000000e+00	-1.069869e+01	
414	0.000000e+00	0.000000e+00	-1.070003e+01	
415	0.000000e+00	0.000000e+00	-1.070110e+01	
416	0.000000e+00	0.000000e+00	-1.070193e+01	
417	0.000000e+00	0.000000e+00	-1.070257e+01	
418	0.000000e+00	0.000000e+00	-1.070304e+01	
419	0.000000e+00	0.000000e+00	-1.070336e+01	
420	0.000000e+00	0.000000e+00	-1.070351e+01	
421	0.000000e+00	0.000000e+00	-6.180579e+00	
422	0.000000e+00	0.000000e+00	-1.066654e+01	
423	0.000000e+00	0.000000e+00	-1.067050e+01	
424	0.000000e+00	0.000000e+00	-1.067430e+01	
425	0.000000e+00	0.000000e+00	-1.067792e+01	
426	0.000000e+00	0.000000e+00	-1.068134e+01	
427	0.000000e+00	0.000000e+00	-1.068453e+01	
428	0.000000e+00	0.000000e+00	-1.068748e+01	
429	0.000000e+00	0.000000e+00	-1.069017e+01	
430	0.000000e+00	0.000000e+00	-1.069260e+01	
431	0.000000e+00	0.000000e+00	-1.069477e+01	
432	0.000000e+00	0.000000e+00	-1.069666e+01	
433	0.000000e+00	0.000000e+00	-1.069830e+01	
434	0.000000e+00	0.000000e+00	-1.069968e+01	
435	0.000000e+00	0.000000e+00	-1.070081e+01	
436	0.000000e+00	0.000000e+00	-1.070171e+01	
437	0.000000e+00	0.000000e+00	-1.070240e+01	
438	0.000000e+00	0.000000e+00	-1.070291e+01	
439	0.000000e+00	0.000000e+00	-1.070325e+01	
440	0.000000e+00	0.000000e+00	-1.070342e+01	
441	0.000000e+00	0.000000e+00	-6.180566e+00	
442	0.000000e+00	0.000000e+00	-1.066650e+01	
443	0.000000e+00	0.000000e+00	-1.067043e+01	
444	0.000000e+00	0.000000e+00	-1.067419e+01	
445	0.000000e+00	0.000000e+00	-1.067777e+01	
446	0.000000e+00	0.000000e+00	-1.068114e+01	
447	0.000000e+00	0.000000e+00	-1.068430e+01	
448	0.000000e+00	0.000000e+00	-1.068721e+01	
449	0.000000e+00	0.000000e+00	-1.068989e+01	
450	0.000000e+00	0.000000e+00	-1.069230e+01	
451	0.000000e+00	0.000000e+00	-1.069446e+01	
452	0.000000e+00	0.000000e+00	-1.069637e+01	
453	0.000000e+00	0.000000e+00	-1.069802e+01	
454	0.000000e+00	0.000000e+00	-1.069942e+01	
455	0.000000e+00	0.000000e+00	-1.070059e+01	
456	0.000000e+00	0.000000e+00	-1.070153e+01	
457	0.000000e+00	0.000000e+00	-1.070226e+01	
458	0.000000e+00	0.000000e+00	-1.070280e+01	
459	0.000000e+00	0.000000e+00	-1.070316e+01	
460	0.000000e+00	0.000000e+00	-1.070333e+01	
461	0.000000e+00	0.000000e+00	-6.180557e+00	
462	0.000000e+00	0.000000e+00	-1.066647e+01	
463	0.000000e+00	0.000000e+00	-1.067038e+01	
464	0.000000e+00	0.000000e+00	-1.067412e+01	
465	0.000000e+00	0.000000e+00	-1.067767e+01	
466	0.000000e+00	0.000000e+00	-1.068101e+01	
467	0.000000e+00	0.000000e+00	-1.068414e+01	
468	0.000000e+00	0.000000e+00	-1.068704e+01	
469	0.000000e+00	0.000000e+00	-1.068970e+01	
470	0.000000e+00	0.000000e+00	-1.069211e+01	
471	0.000000e+00	0.000000e+00	-1.069427e+01	
472	0.000000e+00	0.000000e+00	-1.069618e+01	
473	0.000000e+00	0.000000e+00	-1.069784e+01	
474	0.000000e+00	0.000000e+00	-1.069926e+01	
475	0.000000e+00	0.000000e+00	-1.070045e+01	
476	0.000000e+00	0.000000e+00	-1.070141e+01	
477	0.000000e+00	0.000000e+00	-1.070217e+01	
478	0.000000e+00	0.000000e+00	-1.070272e+01	
479	0.000000e+00	0.000000e+00	-1.070309e+01	
480	0.000000e+00	0.000000e+00	-1.070327e+01	
481	0.000000e+00	0.000000e+00	-6.180552e+00	
482	0.000000e+00	0.000000e+00	-1.066645e+01	
483	0.000000e+00	0.000000e+00	-1.067035e+01	
484	0.000000e+00	0.000000e+00	-1.067408e+01	
485	0.000000e+00	0.000000e+00	-1.067761e+01	
486	0.000000e+00	0.000000e+00	-1.068095e+01	
487	0.000000e+00	0.000000e+00	-1.068406e+01	
488	0.000000e+00	0.000000e+00	-1.068695e+01	
489	0.000000e+00	0.000000e+00	-1.068960e+01	
490	0.000000e+00	0.000000e+00	-1.069201e+01	
491	0.000000e+00	0.000000e+00	-1.069417e+01	
492	0.000000e+00	0.000000e+00	-1.069608e+01	
493	0.000000e+00	0.000000e+00	-1.069775e+01	
494	0.000000e+00	0.000000e+00	-1.069918e+01	
495	0.000000e+00	0.000000e+00	-1.070038e+01	
496	0.000000e+00	0.000000e+00	-1.070135e+01	
497	0.000000e+00	0.000000e+00	-1.070212e+01	
498	0.000000e+00	0.000000e+00	-1.070268e+01	
499	0.000000e+00	0.000000e+00	-1.070306e+01	
500	0.000000e+00	0.000000e+00	-1.070324e+01	
501	0.000000e+00	0.000000e+00	-6.180556e+00	
502	0.000000e+00	0.000000e+00	-1.066646e+01	
503	0.000000e+00	0.000000e+00	-1.067036e+01	
504	0.000000e+00	0.000000e+00	-1.067409e+01	
505	0.000000e+00	0.000000e+00	-1.067762e+01	
506	0.000000e+00	0.000000e+00	-1.068096e+01	
507	0.000000e+00	0.000000e+00	-1.068407e+01	
508	0.000000e+00	0.000000e+00	-1.068695e+01	
509	0.000000e+00	0.000000e+00	-1.068959e+01	
510	0.000000e+00	0.000000e+00	-1.069200e+01	
511	0.000000e+00	0.000000e+00	-1.069416e+01	
512	0.000000e+00	0.000000e+00	-1.069607e+01	
513	0.000000e+00	0.000000e+00	-1.069773e+01	
514	0.000000e+00	0.000000e+00	-1.069916e+01	
515	0.000000e+00	0.000000e+00	-1.070036e+01	
516	0.000000e+00	0.000000e+00	-1.070134e+01	
517	0.000000e+00	0.000000e+00	-1.070210e+01	
518	0.000000e+00	0.000000e+00	-1.070267e+01	
519	0.000000e+00	0.000000e+00	-1.070305e+01	
520	0.000000e+00	0.000000e+00	-1.070323e+01	
521	0.000000e+00	0.000000e+00	-6.180561e+00	
522	0.000000e+00	0.000000e+00	-1.066648e+01	
523	0.000000e+00	0.000000e+00	-1.067039e+01	
524	0.000000e+00	0.000000e+00	-1.067413e+01	
525	0.000000e+00	0.000000e+00	-1.067768e+01	
526	0.000000e+00	0.000000e+00	-1.068102e+01	
527	0.000000e+00	0.000000e+00	-1.068415e+01	
528	0.000000e+00	0.000000e+00	-1.068704e+01	
529	0.000000e+00	0.000000e+00	-1.068969e+01	
530	0.000000e+00	0.000000e+00	-1.069210e+01	
531	0.000000e+00	0.000000e+00	-1.069425e+01	
532	0.000000e+00	0.000000e+00	-1.069616e+01	
533	0.000000e+00	0.000000e+00	-1.069782e+01	
534	0.000000e+00	0.000000e+00	-1.069924e+01	
535	0.000000e+00	0.000000e+00	-1.070043e+01	
536	0.000000e+00	0.000000e+00	-1.070140e+01	
537	0.000000e+00	0.000000e+00	-1.070215e+01	
538	0.000000e+00	0.000000e+00	-1.070271e+01	
539	0.000000e+00	0.000000e+00	-1.070308e+01	
540	0.000000e+00	0.000000e+00	-1.070327e+01	
541	0.000000e+00	0.000000e+00	-6.180570e+00	
542	0.000000e+00	0.000000e+00	-1.066651e+01	
543	0.000000e+00	0.000000e+00	-1.067044e+01	
544	0.000000e+00	0.000000e+00	-1.067420e+01	
545	0.000000e+00	0.000000e+00	-1.067778e+01	
546	0.000000e+00	0.000000e+00	-1.068115e+01	
547	0.000000e+00	0.000000e+00	-1.068430e+01	
548	0.000000e+00	0.000000e+00	-1.068721e+01	
549	0.000000e+00	0.000000e+00	-1.068988e+01	
550	0.000000e+00	0.000000e+00	-1.069230e+01	
551	0.000000e+00	0.000000e+00	-1.069445e+01	
552	0.000000e+00	0.000000e+00	-1.069635e+01	
553	0.000000e+00	0.000000e+00	-1.069800e+01	
554	0.000000e+00	0.000000e+00	-1.069941e+01	
555	0.000000e+00	0.000000e+00	-1.070057e+01	
556	0.000000e+00	0.000000e+00	-1.070151e+01	
557	0.000000e+00	0.000000e+00	-1.070225e+01	
558	0.000000e+00	0.000000e+00	-1.070279e+01	
559	0.000000e+00	0.000000e+00	-1.070315e+01	
560	0.000000e+00	0.000000e+00	-1.070333e+01	
561	0.000000e+00	0.000000e+00	-6.180584e+00	
562	0.000000e+00	0.000000e+00	-1.066655e+01	
563	0.000000e+00	0.000000e+00	-1.067051e+01	
564	0.000000e+00	0.000000e+00	-1.067431e+01	
565	0.000000e+00	0.000000e+00	-1.067793e+01	
566	0.000000e+00	0.000000e+00	-1.068135e+01	
567	0.000000e+00	0.000000e+00	-1.068454e+01	
568	0.000000e+00	0.000000e+00	-1.068749e+01	
569	0.000000e+00	0.000000e+00	-1.069018e+01	
570	0.000000e+00	0.000000e+00	-1.069260e+01	
571	0.000000e+00	0.000000e+00	-1.069476e+01	
572	0.000000e+00	0.000000e+00	-1.069665e+01	
573	0.000000e+00	0.000000e+00	-1.069828e+01	
574	0.000000e+00	0.000000e+00	-1.069966e+01	
575	0.000000e+00	0.000000e+00	-1.070079e+01	
576	0.000000e+00	0.000000e+00	-1.070169e+01	
577	0.000000e+00	0.000000e+00	-1.070239e+01	
578	0.000000e+00	0.000000e+00	-1.070290e+01	
579	0.000000e+00	0.000000e+00	-1.070324e+01	
580	0.000000e+00	0.000000e+00	-1.070341e+01	
581	0.000000e+00	0.000000e+00	-6.180599e+00	
582	0.000000e+00	0.000000e+00	-1.066659e+01	
583	0.000000e+00	0.000000e+00	-1.067060e+01	
584	0.000000e+00	0.000000e+00	-1.067445e+01	
585	0.000000e+00	0.000000e+00	-1.067814e+01	
586	0.000000e+00	0.000000e+00	-1.068163e+01	
587	0.000000e+00	0.000000e+00	-1.068488e+01	
588	0.000000e+00	0.000000e+00	-1.068787e+01	
589	0.000000e+00	0.000000e+00	-1.069058e+01	
590	0.000000e+00	0.000000e+00	-1.069302e+01	
591	0.000000e+00	0.000000e+00	-1.069518e+01	
592	0.000000e+00	0.000000e+00	-1.069706e+01	
593	0.000000e+00	0.000000e+00	-1.069867e+01	
594	0.000000e+00	0.000000e+00	-1.070001e+01	
595	0.000000e+00	0.000000e+00	-1.070108e+01	
596	0.000000e+00	0.000000e+00	-1.070191e+01	
597	0.000000e+00	0.000000e+00	-1.070255e+01	
598	0.000000e+00	0.000000e+00	-1.070303e+01	
599	0.000000e+00	0.000000e+00	-1.070335e+01	
600	0.000000e+00	0.000000e+00	-1.070351e+01	
601	0.000000e+00	0.000000e+00	-6.180615e+00	
602	0.000000e+00	0.000000e+00	-1.066665e+01	
603	0.000000e+00	0.000000e+00	-1.067069e+01	
604	0.000000e+00	0.000000e+00	-1.067459e+01	
605	0.000000e+00	0.000000e+00	-1.067836e+01	
606	0.000000e+00	0.000000e+00	-1.070216e+01	
607	0.000000e+00	0.000000e+00	-1.070274e+01	
608	0.000000e+00	0.000000e+00	-1.070317e+01	
609	0.000000e+00	0.000000e+00	-1.070347e+01	
610	0.000000e+00	0.000000e+00	-1.070361e+01	
611	0.000000e+00	0.000000e+00	-6.180630e+00	
612	0.000000e+00	0.000000e+00	-1.066669e+01	
613	0.000000e+00	0.000000e+00	-1.067078e+01	
614	0.000000e+00	0.000000e+00	-1.067473e+01	
615	0.000000e+00	0.000000e+00	-1.067856e+01	
616	0.000000e+00	0.000000e+00	-1.070239e+01	
617	0.000000e+00	0.000000e+00	-1.070290e+01	
618	0.000000e+00	0.000000e+00	-1.070330e+01	
619	0.000000e+00	0.000000e+00	-1.070357e+01	
620	0.000000e+00	0.000000e+00	-1.070371e+01	
621	0.000000e+00	0.000000e+00	-6.180643e+00	
622	0.000000e+00	0.000000e+00	-1.066673e+01	
623	0.000000e+00	0.000000e+00	-1.067085e+01	
624	0.000000e+00	0.000000e+00	-1.067484e+01	
625	0.000000e+00	0.000000e+00	-1.067871e+01	
626	0.000000e+00	0.000000e+00	-1.070256e+01	
627	0.000000e+00	0.000000e+00	-1.070304e+01	
628	0.000000e+00	0.000000e+00	-1.070341e+01	
629	0.000000e+00	0.000000e+00	-1.070367e+01	
630	0.000000e+00	0.000000e+00	-1.070380e+01	
631	0.000000e+00	0.000000e+00	-6.180652e+00	
632	0.000000e+00	0.000000e+00	-1.066676e+01	
633	0.000000e+00	0.000000e+00	-1.067090e+01	
634	0.000000e+00	0.000000e+00	-1.067491e+01	
635	0.000000e+00	0.000000e+00	-1.067881e+01	
636	0.000000e+00	0.000000e+00	-1.070268e+01	
637	0.000000e+00	0.000000e+00	-1.070314e+01	
638	0.000000e+00	0.000000e+00	-1.070349e+01	
639	0.000000e+00	0.000000e+00	-1.070373e+01	
640	0.000000e+00	0.000000e+00	-1.070386e+01	
641	0.000000e+00	0.000000e+00	-6.180656e+00	
642	0.000000e+00	0.000000e+00	-1.066677e+01	
643	0.000000e+00	0.000000e+00	-1.067092e+01	
644	0.000000e+00	0.000000e+00	-1.067495e+01	
645	0.000000e+00	0.000000e+00	-1.067886e+01	
646	0.000000e+00	0.000000e+00	-1.070275e+01	
647	0.000000e+00	0.000000e+00	-1.070319e+01	
648	0.000000e+00	0.000000e+00	-1.070354e+01	
649	0.000000e+00	0.000000e+00	-1.070377e+01	
650	0.000000e+00	0.000000e+00	-1.070389e+01	
651	0.000000e+00	0.000000e+00	-6.180656e+00	
652	0.000000e+00	0.000000e+00	-1.066677e+01	
653	0.000000e+00	0.000000e+00	-1.067092e+01	
654	0.000000e+00	0.000000e+00	-1.067495e+01	
655	0.000000e+00	0.000000e+00	-1.067886e+01	
656	0.000000e+00	0.000000e+00	-1.070275e+01	
657	0.000000e+00	0.000000e+00	-1.070319e+01	
658	0.000000e+00	0.000000e+00	-1.070354e+01	
659	0.000000e+00	0.000000e+00	-1.070377e+01	
660	0.000000e+00	0.000000e+00	-1.070389e+01	
661	0.000000e+00	0.000000e+00	-6.180650e+00	
662	0.000000e+00	0.000000e+00	-1.066676e+01	
663	0.000000e+00	0.000000e+00	-1.067090e+01	
664	0.000000e+00	0.000000e+00	-1.067491e+01	
665	0.000000e+00	0.000000e+00	-1.067881e+01	
666	0.000000e+00	0.000000e+00	-1.070269e+01	
667	0.000000e+00	0.000000e+00	-1.070314e+01	
668	0.000000e+00	0.000000e+00	-1.070350e+01	
669	0.000000e+00	0.000000e+00	-1.070374e+01	
670	0.000000e+00	0.000000e+00	-1.070386e+01	
671	0.000000e+00	0.000000e+00	-6.180641e+00	
672	0.000000e+00	0.000000e+00	-1.066673e+01	
673	0.000000e+00	0.000000e+00	-1.067084e+01	
674	0.000000e+00	0.000000e+00	-1.067483e+01	
675	0.000000e+00	0.000000e+00	-1.067870e+01	
676	0.000000e+00	0.000000e+00	-1.070257e+01	
677	0.000000e+00	0.000000e+00	-1.070305e+01	
678	0.000000e+00	0.000000e+00	-1.070342e+01	
679	0.000000e+00	0.000000e+00	-1.070367e+01	
680	0.000000e+00	0.000000e+00	-1.070380e+01	
681	0.000000e+00	0.000000e+00	-6.180628e+00	
682	0.000000e+00	0.000000e+00	-1.066669e+01	
683	0.000000e+00	0.000000e+00	-1.067077e+01	
684	0.000000e+00	0.000000e+00	-1.067472e+01	
685	0.000000e+00	0.000000e+00	-1.067855e+01	
686	0.000000e+00	0.000000e+00	-1.070240e+01	
687	0.000000e+00	0.000000e+00	-1.070292e+01	
688	0.000000e+00	0.000000e+00	-1.070331e+01	
689	0.000000e+00	0.000000e+00	-1.070358e+01	
690	0.000000e+00	0.000000e+00	-1.070372e+01	
691	0.000000e+00	0.000000e+00	-6.180613e+00	
692	0.000000e+00	0.000000e+00	-1.066664e+01	
693	0.000000e+00	0.000000e+00	-1.067069e+01	
694	0.000000e+00	0.000000e+00	-1.067459e+01	
695	0.000000e+00	0.000000e+00	-1.067835e+01	
696	0.000000e+00	0.000000e+00	-1.070218e+01	
697	0.000000e+00	0.000000e+00	-1.070275e+01	
698	0.000000e+00	0.000000e+00	-1.070318e+01	
699	0.000000e+00	0.000000e+00	-1.070347e+01	
700	0.000000e+00	0.000000e+00	-1.070362e+01	
701	0.000000e+00	0.000000e+00	-6.180597e+00	
702	0.000000e+00	0.000000e+00	-1.066659e+01	
703	0.000000e+00	0.000000e+00	-1.067059e+01	
704	0.000000e+00	0.000000e+00	-1.067444e+01	
705	0.000000e+00	0.000000e+00	-1.067812e+01	
706	0.000000e+00	0.000000e+00	-1.068161e+01	
707	0.000000e+00	0.000000e+00	-1.068487e+01	
708	0.000000e+00	0.000000e+00	-1.068786e+01	
709	0.000000e+00	0.000000e+00	-1.069057e+01	
710	0.000000e+00	0.000000e+00	-1.069301e+01	
711	0.000000e+00	0.000000e+00	-1.069518e+01	
712	0.000000e+00	0.000000e+00	-1.069707e+01	
713	0.000000e+00	0.000000e+00	-1.069868e+01	
714	0.000000e+00	0.000000e+00	-1.070002e+01	
715	0.000000e+00	0.000000e+00	-1.070110e+01	
716	0.000000e+00	0.000000e+00	-1.070193e+01	
717	0.000000e+00	0.000000e+00	-1.070257e+01	
718	0.000000e+00	0.000000e+00	-1.070305e+01	
719	0.000000e+00	0.000000e+00	-1.070336e+01	
720	0.000000e+00	0.000000e+00	-1.070352e+01	
721	0.000000e+00	0.000000e+00	-6.180581e+00	
722	0.000000e+00	0.000000e+00	-1.066654e+01	
723	0.000000e+00	0.000000e+00	-1.067051e+01	
724	0.000000e+00	0.000000e+00	-1.067431e+01	
725	0.000000e+00	0.000000e+00	-1.067793e+01	
726	0.000000e+00	0.000000e+00	-1.068134e+01	
727	0.000000e+00	0.000000e+00	-1.068453e+01	
728	0.000000e+00	0.000000e+00	-1.068748e+01	
729	0.000000e+00	0.000000e+00	-1.069017e+01	
730	0.000000e+00	0.000000e+00	-1.069260e+01	
731	0.000000e+00	0.000000e+00	-1.069476e+01	
732	0.000000e+00	0.000000e+00	-1.069666e+01	
733	0.000000e+00	0.000000e+00	-1.069829e+01	
734	0.000000e+00	0.000000e+00	-1.069967e+01	
735	0.000000e+00	0.000000e+00	-1.070080e+01	
736	0.000000e+00	0.000000e+00	-1.070171e+01	
737	0.000000e+00	0.000000e+00	-1.070240e+01	
738	0.000000e+00	0.000000e+00	-1.070292e+01	
739	0.000000e+00	0.000000e+00	-1.070325e+01	
740	0.000000e+00	0.000000e+00	-1.070342e+01	
741	0.000000e+00	0.000000e+00	-6.180567e+00	
742	0.000000e+00	0.000000e+00	-1.066650e+01	
743	0.000000e+00	0.000000e+00	-1.067044e+01	
744	0.000000e+00	0.000000e+00	-1.067420e+01	
745	0.000000e+00	0.000000e+00	-1.067777e+01	
746	0.000000e+00	0.000000e+00	-1.068114e+01	
747	0.000000e+00	0.000000e+00	-1.068430e+01	
748	0.000000e+00	0.000000e+00	-1.068721e+01	
749	0.000000e+00	0.000000e+00	-1.068988e+01	
750	0.000000e+00	0.000000e+00	-1.069230e+01	
751	0.000000e+00	0.000000e+00	-1.069446e+01	
752	0.000000e+00	0.000000e+00	-1.069636e+01	
753	0.000000e+00	0.000000e+00	-1.069801e+01	
754	0.000000e+00	0.000000e+00	-1.069942e+01	
755	0.000000e+00	0.000000e+00	-1.070059e+01	
756	0.000000e+00	0.000000e+00	-1.070153e+01	
757	0.000000e+00	0.000000e+00	-1.070227e+01	
758	0.000000e+00	0.000000e+00	-1.070281e+01	
759	0.000000e+00	0.000000e+00	-1.070316e+01	
760	0.000000e+00	0.000000e+00	-1.070334e+01	
761	0.000000e+00	0.000000e+00	-6.180558e+00	
762	0.000000e+00	0.000000e+00	-1.066647e+01	
763	0.000000e+00	0.000000e+00	-1.067038e+01	
764	0.000000e+00	0.000000e+00	-1.067412e+01	
765	0.000000e+00	0.000000e+00	-1.067767e+01	
766	0.000000e+00	0.000000e+00	-1.068102e+01	
767	0.000000e+00	0.000000e+00	-1.068414e+01	
768	0.000000e+00	0.000000e+00	-1.068704e+01	
769	0.000000e+00	0.000000e+00	-1.068969e+01	
770	0.000000e+00	0.000000e+00	-1.069210e+01	
771	0.000000e+00	0.000000e+00	-1.069426e+01	
772	0.000000e+00	0.000000e+00	-1.069617e+01	
773	0.000000e+00	0.000000e+00	-1.069783e+01	
774	0.000000e+00	0.000000e+00	-1.069925e+01	
775	0.000000e+00	0.000000e+00	-1.070044e+01	
776	0.000000e+00	0.000000e+00	-1.070141e+01	
777	0.000000e+00	0.000000e+00	-1.070217e+01	
778	0.000000e+00	0.000000e+00	-1.070273e+01	
779	0.000000e+00	0.000000e+00	-1.070310e+01	
780	0.000000e+00	0.000000e+00	-1.070328e+01	
781	0.000000e+00	0.000000e+00	-6.180553e+00	
782	0.000000e+00	0.000000e+00	-1.066645e+01	
783	0.000000e+00	0.000000e+00	-1.067036e+01	
784	0.000000e+00	0.000000e+00	-1.067409e+01	
785	0.000000e+00	0.000000e+00	-1.067762e+01	
786	0.000000e+00	0.000000e+00	-1.068095e+01	
787	0.000000e+00	0.000000e+00	-1.068407e+01	
788	0.000000e+00	0.000000e+00	-1.068695e+01	
789	0.000000e+00	0.000000e+00	-1.068960e+01	
790	0.000000e+00	0.000000e+00	-1.069200e+01	
791	0.000000e+00	0.000000e+00	-1.069416e+01	
792	0.000000e+00	0.000000e+00	-1.069607e+01	
793	0.000000e+00	0.000000e+00	-1.069774e+01	
794	0.000000e+00	0.000000e+00	-1.069917e+01	
795	0.000000e+00	0.000000e+00	-1.070037e+01	
796	0.000000e+00	0.000000e+00	-1.070135e+01	
797	0.000000e+00	0.000000e+00	-1.070212e+01	
798	0.000000e+00	0.000000e+00	-1.070269e+01	
799	0.000000e+00	0.000000e+00	-1.070306e+01	
800	0.000000e+00	0.000000e+00	-1.070325e+01	
