fluxJ
3
800
1	0.000000e+00	0.000000e+00	-3.163032e+01	
2	0.000000e+00	0.000000e+00	-3.164200e+01	
3	0.000000e+00	0.000000e+00	-3.165264e+01	
4	0.000000e+00	0.000000e+00	-3.166226e+01	
5	0.000000e+00	0.000000e+00	-3.167087e+01	
6	0.000000e+00	0.000000e+00	-3.167846e+01	
7	0.000000e+00	0.000000e+00	-3.168506e+01	
8	0.000000e+00	0.000000e+00	-3.169065e+01	
9	0.000000e+00	0.000000e+00	-3.169521e+01	
10	0.000000e+00	0.000000e+00	-3.169874e+01	
11	0.000000e+00	0.000000e+00	-3.163129e+01	
12	0.000000e+00	0.000000e+00	-3.164318e+01	
13	0.000000e+00	0.000000e+00	-3.165396e+01	
14	0.000000e+00	0.000000e+00	-3.166367e+01	
15	0.000000e+00	0.000000e+00	-3.167232e+01	
16	0.000000e+00	0.000000e+00	-3.167992e+01	
17	0.000000e+00	0.000000e+00	-3.168649e+01	
18	0.000000e+00	0.000000e+00	-3.169200e+01	
19	0.000000e+00	0.000000e+00	-3.169644e+01	
20	0.000000e+00	0.000000e+00	-3.169977e+01	
21	0.000000e+00	0.000000e+00	-3.163200e+01	
22	0.000000e+00	0.000000e+00	-3.164403e+01	
23	0.000000e+00	0.000000e+00	-3.165492e+01	
24	0.000000e+00	0.000000e+00	-3.166469e+01	
25	0.000000e+00	0.000000e+00	-3.167337e+01	
26	0.000000e+00	0.000000e+00	-3.168098e+01	
27	0.000000e+00	0.000000e+00	-3.168752e+01	
28	0.000000e+00	0.000000e+00	-3.169298e+01	
29	0.000000e+00	0.000000e+00	-3.169732e+01	
30	0.000000e+00	0.000000e+00	-3.170053e+01	
31	0.000000e+00	0.000000e+00	-3.163246e+01	
32	0.000000e+00	0.000000e+00	-3.164458e+01	
33	0.000000e+00	0.000000e+00	-3.165553e+01	
34	0.000000e+00	0.000000e+00	-3.166535e+01	
35	0.000000e+00	0.000000e+00	-3.167406e+01	
36	0.000000e+00	0.000000e+00	-3.168167e+01	
37	0.000000e+00	0.000000e+00	-3.168819e+01	
38	0.000000e+00	0.000000e+00	-3.169361e+01	
39	0.000000e+00	0.000000e+00	-3.169790e+01	
40	0.000000e+00	0.000000e+00	-3.170102e+01	
41	0.000000e+00	0.000000e+00	-3.163269e+01	
42	0.000000e+00	0.000000e+00	-3.164485e+01	
43	0.000000e+00	0.000000e+00	-3.165583e+01	
44	0.000000e+00	0.000000e+00	-3.166568e+01	
45	0.000000e+00	0.000000e+00	-3.167440e+01	
46	0.000000e+00	0.000000e+00	-3.168201e+01	
47	0.000000e+00	0.000000e+00	-3.168852e+01	
48	0.000000e+00	0.000000e+00	-3.169392e+01	
49	0.000000e+00	0.000000e+00	-3.169818e+01	
50	0.000000e+00	0.000000e+00	-3.170127e+01	
51	0.000000e+00	0.000000e+00	-3.163268e+01	
52	0.000000e+00	0.000000e+00	-3.164485e+01	
53	0.000000e+00	0.000000e+00	-3.165584e+01	
54	0.000000e+00	0.000000e+00	-3.166568e+01	
55	0.000000e+00	0.000000e+00	-3.167440e+01	
56	0.000000e+00	0.000000e+00	-3.168201e+01	
57	0.000000e+00	0.000000e+00	-3.168852e+01	
58	0.000000e+00	0.000000e+00	-3.169392e+01	
59	0.000000e+00	0.000000e+00	-3.169818e+01	
60	0.000000e+00	0.000000e+00	-3.170127e+01	
61	0.000000e+00	0.000000e+00	-3.163246e+01	
62	0.000000e+00	0.000000e+00	-3.164458e+01	
63	0.000000e+00	0.000000e+00	-3.165553e+01	
64	0.000000e+00	0.000000e+00	-3.166535e+01	
65	0.000000e+00	0.000000e+00	-3.167406e+01	
66	0.000000e+00	0.000000e+00	-3.168168e+01	
67	0.000000e+00	0.000000e+00	-3.168820e+01	
68	0.000000e+00	0.000000e+00	-3.169361e+01	
69	0.000000e+00	0.000000e+00	-3.169790e+01	
70	0.000000e+00	0.000000e+00	-3.170102e+01	
71	0.000000e+00	0.000000e+00	-3.163200e+01	
72	0.000000e+00	0.000000e+00	-3.164403e+01	
73	0.000000e+00	0.000000e+00	-3.165492e+01	
74	0.000000e+00	0.000000e+00	-3.166469e+01	
75	0.000000e+00	0.000000e+00	-3.167338e+01	
76	0.000000e+00	0.000000e+00	-3.168099e+01	
77	0.000000e+00	0.000000e+00	-3.168753e+01	
78	0.000000e+00	0.000000e+00	-3.169298e+01	
79	0.000000e+00	0.000000e+00	-3.169732e+01	
80	0.000000e+00	0.000000e+00	-3.170053e+01	
81	0.000000e+00	0.000000e+00	-3.163130e+01	
82	0.000000e+00	0.000000e+00	-3.164319e+01	
83	0.000000e+00	0.000000e+00	-3.165397e+01	
84	0.000000e+00	0.000000e+00	-3.166367e+01	
85	0.000000e+00	0.000000e+00	-3.167232e+01	
86	0.000000e+00	0.000000e+00	-3.167993e+01	
87	0.000000e+00	0.000000e+00	-3.168650e+01	
88	0.000000e+00	0.000000e+00	-3.169201e+01	
89	0.000000e+00	0.000000e+00	-3.169645e+01	
90	0.000000e+00	0.000000e+00	-3.169977e+01	
91	0.000000e+00	0.000000e+00	-3.163033e+01	
92	0.000000e+00	0.000000e+00	-3.164201e+01	
93	0.000000e+00	0.000000e+00	-3.165265e+01	
94	0.000000e+00	0.000000e+00	-3.166227e+01	
95	0.000000e+00	0.000000e+00	-3.167087e+01	
96	0.000000e+00	0.000000e+00	-3.167848e+01	
97	0.000000e+00	0.000000e+00	-3.168507e+01	
98	0.000000e+00	0.000000e+00	-3.169066e+01	
99	0.000000e+00	0.000000e+00	-3.169522e+01	
100	0.000000e+00	0.000000e+00	-3.169874e+01	
101	0.000000e+00	0.000000e+00	-3.163038e+01	
102	0.000000e+00	0.000000e+00	-3.164205e+01	
103	0.000000e+00	0.000000e+00	-3.165268e+01	
104	0.000000e+00	0.000000e+00	-3.166229e+01	
105	0.000000e+00	0.000000e+00	-3.167089e+01	
106	0.000000e+00	0.000000e+00	-3.167847e+01	
107	0.000000e+00	0.000000e+00	-3.168505e+01	
108	0.000000e+00	0.000000e+00	-3.169062e+01	
109	0.000000e+00	0.000000e+00	-3.169517e+01	
110	0.000000e+00	0.000000e+00	-3.169869e+01	
111	0.000000e+00	0.000000e+00	-3.163134e+01	
112	0.000000e+00	0.000000e+00	-3.164323e+01	
113	0.000000e+00	0.000000e+00	-3.165400e+01	
114	0.000000e+00	0.000000e+00	-3.166370e+01	
115	0.000000e+00	0.000000e+00	-3.167234e+01	
116	0.000000e+00	0.000000e+00	-3.167994e+01	
117	0.000000e+00	0.000000e+00	-3.168648e+01	
118	0.000000e+00	0.000000e+00	-3.169198e+01	
119	0.000000e+00	0.000000e+00	-3.169640e+01	
120	0.000000e+00	0.000000e+00	-3.169972e+01	
121	0.000000e+00	0.000000e+00	-3.163204e+01	
122	0.000000e+00	0.000000e+00	-3.164407e+01	
123	0.000000e+00	0.000000e+00	-3.165495e+01	
124	0.000000e+00	0.000000e+00	-3.166471e+01	
125	0.000000e+00	0.000000e+00	-3.167339e+01	
126	0.000000e+00	0.000000e+00	-3.168100e+01	
127	0.000000e+00	0.000000e+00	-3.168752e+01	
128	0.000000e+00	0.000000e+00	-3.169296e+01	
129	0.000000e+00	0.000000e+00	-3.169729e+01	
130	0.000000e+00	0.000000e+00	-3.170048e+01	
131	0.000000e+00	0.000000e+00	-3.163249e+01	
132	0.000000e+00	0.000000e+00	-3.164460e+01	
133	0.000000e+00	0.000000e+00	-3.165555e+01	
134	0.000000e+00	0.000000e+00	-3.166537e+01	
135	0.000000e+00	0.000000e+00	-3.167407e+01	
136	0.000000e+00	0.000000e+00	-3.168168e+01	
137	0.000000e+00	0.000000e+00	-3.168819e+01	
138	0.000000e+00	0.000000e+00	-3.169360e+01	
139	0.000000e+00	0.000000e+00	-3.169787e+01	
140	0.000000e+00	0.000000e+00	-3.170099e+01	
141	0.000000e+00	0.000000e+00	-3.163271e+01	
142	0.000000e+00	0.000000e+00	-3.164487e+01	
143	0.000000e+00	0.000000e+00	-3.165585e+01	
144	0.000000e+00	0.000000e+00	-3.166569e+01	
145	0.000000e+00	0.000000e+00	-3.167441e+01	
146	0.000000e+00	0.000000e+00	-3.168202e+01	
147	0.000000e+00	0.000000e+00	-3.168853e+01	
148	0.000000e+00	0.000000e+00	-3.169391e+01	
149	0.000000e+00	0.000000e+00	-3.169816e+01	
150	0.000000e+00	0.000000e+00	-3.170124e+01	
151	0.000000e+00	0.000000e+00	-3.163270e+01	
152	0.000000e+00	0.000000e+00	-3.164486e+01	
153	0.000000e+00	0.000000e+00	-3.165584e+01	
154	0.000000e+00	0.000000e+00	-3.166569e+01	
155	0.000000e+00	0.000000e+00	-3.167441e+01	
156	0.000000e+00	0.000000e+00	-3.168202e+01	
157	0.000000e+00	0.000000e+00	-3.168853e+01	
158	0.000000e+00	0.000000e+00	-3.169392e+01	
159	0.000000e+00	0.000000e+00	-3.169816e+01	
160	0.000000e+00	0.000000e+00	-3.170125e+01	
161	0.000000e+00	0.000000e+00	-3.163247e+01	
162	0.000000e+00	0.000000e+00	-3.164458e+01	
163	0.000000e+00	0.000000e+00	-3.165554e+01	
164	0.000000e+00	0.000000e+00	-3.166536e+01	
165	0.000000e+00	0.000000e+00	-3.167407e+01	
166	0.000000e+00	0.000000e+00	-3.168169e+01	
167	0.000000e+00	0.000000e+00	-3.168820e+01	
168	0.000000e+00	0.000000e+00	-3.169361e+01	
169	0.000000e+00	0.000000e+00	-3.169788e+01	
170	0.000000e+00	0.000000e+00	-3.170100e+01	
171	0.000000e+00	0.000000e+00	-3.163200e+01	
172	0.000000e+00	0.000000e+00	-3.164403e+01	
173	0.000000e+00	0.000000e+00	-3.165492e+01	
174	0.000000e+00	0.000000e+00	-3.166470e+01	
175	0.000000e+00	0.000000e+00	-3.167339e+01	
176	0.000000e+00	0.000000e+00	-3.168100e+01	
177	0.000000e+00	0.000000e+00	-3.168753e+01	
178	0.000000e+00	0.000000e+00	-3.169298e+01	
179	0.000000e+00	0.000000e+00	-3.169731e+01	
180	0.000000e+00	0.000000e+00	-3.170051e+01	
181	0.000000e+00	0.000000e+00	-3.163130e+01	
182	0.000000e+00	0.000000e+00	-3.164319e+01	
183	0.000000e+00	0.000000e+00	-3.165397e+01	
184	0.000000e+00	0.000000e+00	-3.166368e+01	
185	0.000000e+00	0.000000e+00	-3.167233e+01	
186	0.000000e+00	0.000000e+00	-3.167994e+01	
187	0.000000e+00	0.000000e+00	-3.168650e+01	
188	0.000000e+00	0.000000e+00	-3.169200e+01	
189	0.000000e+00	0.000000e+00	-3.169643e+01	
190	0.000000e+00	0.000000e+00	-3.169976e+01	
191	0.000000e+00	0.000000e+00	-3.163033e+01	
192	0.000000e+00	0.000000e+00	-3.164200e+01	
193	0.000000e+00	0.000000e+00	-3.165264e+01	
194	0.000000e+00	0.000000e+00	-3.166226e+01	
195	0.000000e+00	0.000000e+00	-3.167088e+01	
196	0.000000e+00	0.000000e+00	-3.167848e+01	
197	0.000000e+00	0.000000e+00	-3.168507e+01	
198	0.000000e+00	0.000000e+00	-3.169065e+01	
199	0.000000e+00	0.000000e+00	-3.169521e+01	
200	0.000000e+00	0.000000e+00	-3.169873e+01	
201	0.000000e+00	0.000000e+00	-6.726309e+00	
202	0.000000e+00	0.000000e+00	-1.160883e+01	
203	0.000000e+00	0.000000e+00	-1.161386e+01	
204	0.000000e+00	0.000000e+00	-1.161866e+01	
205	0.000000e+00	0.000000e+00	-1.162322e+01	
206	0.000000e+00	0.000000e+00	-1.162752e+01	
207	0.000000e+00	0.000000e+00	-1.163153e+01	
208	0.000000e+00	0.000000e+00	-1.163525e+01	
209	0.000000e+00	0.000000e+00	-1.163867e+01	
210	0.000000e+00	0.000000e+00	-1.164178e+01	
211	0.000000e+00	0.000000e+00	-1.164457e+01	
212	0.000000e+00	0.000000e+00	-1.164704e+01	
213	0.000000e+00	0.000000e+00	-1.164920e+01	
214	0.000000e+00	0.000000e+00	-1.165104e+01	
215	0.000000e+00	0.000000e+00	-1.165259e+01	
216	0.000000e+00	0.000000e+00	-1.165385e+01	
217	0.000000e+00	0.000000e+00	-1.165483e+01	
218	0.000000e+00	0.000000e+00	-1.165556e+01	
219	0.000000e+00	0.000000e+00	-1.165604e+01	
220	0.000000e+00	0.000000e+00	-1.165628e+01	
221	0.000000e+00	0.000000e+00	-6.726315e+00	
222	0.000000e+00	0.000000e+00	-1.160885e+01	
223	0.000000e+00	0.000000e+00	-1.161390e+01	
224	0.000000e+00	0.000000e+00	-1.161871e+01	
225	0.000000e+00	0.000000e+00	-1.162329e+01	
226	0.000000e+00	0.000000e+00	-1.162760e+01	
227	0.000000e+00	0.000000e+00	-1.163163e+01	
228	0.000000e+00	0.000000e+00	-1.163536e+01	
229	0.000000e+00	0.000000e+00	-1.163879e+01	
230	0.000000e+00	0.000000e+00	-1.164190e+01	
231	0.000000e+00	0.000000e+00	-1.164469e+01	
232	0.000000e+00	0.000000e+00	-1.164716e+01	
233	0.000000e+00	0.000000e+00	-1.164931e+01	
234	0.000000e+00	0.000000e+00	-1.165115e+01	
235	0.000000e+00	0.000000e+00	-1.165268e+01	
236	0.000000e+00	0.000000e+00	-1.165392e+01	
237	0.000000e+00	0.000000e+00	-1.165490e+01	
238	0.000000e+00	0.000000e+00	-1.165561e+01	
239	0.000000e+00	0.000000e+00	-1.165609e+01	
240	0.000000e+00	0.000000e+00	-1.165632e+01	
241	0.000000e+00	0.000000e+00	-6.726328e+00	
242	0.000000e+00	0.000000e+00	-1.160889e+01	
243	0.000000e+00	0.000000e+00	-1.161396e+01	
244	0.000000e+00	0.000000e+00	-1.161881e+01	
245	0.000000e+00	0.000000e+00	-1.162342e+01	
246	0.000000e+00	0.000000e+00	-1.162777e+01	
247	0.000000e+00	0.000000e+00	-1.163184e+01	
248	0.000000e+00	0.000000e+00	-1.163559e+01	
249	0.000000e+00	0.000000e+00	-1.163904e+01	
250	0.000000e+00	0.000000e+00	-1.164216e+01	
251	0.000000e+00	0.000000e+00	-1.164495e+01	
252	0.000000e+00	0.000000e+00	-1.164741e+01	
253	0.000000e+00	0.000000e+00	-1.164954e+01	
254	0.000000e+00	0.000000e+00	-1.165136e+01	
255	0.000000e+00	0.000000e+00	-1.165286e+01	
256	0.000000e+00	0.000000e+00	-1.165407e+01	
257	0.000000e+00	0.000000e+00	-1.165502e+01	
258	0.000000e+00	0.000000e+00	-1.165571e+01	
259	0.000000e+00	0.000000e+00	-1.165617e+01	
260	0.000000e+00	0.000000e+00	-1.165639e+01	
261	0.000000e+00	0.000000e+00	-6.726346e+00	
262	0.000000e+00	0.000000e+00	-1.160895e+01	
263	0.000000e+00	0.000000e+00	-1.161406e+01	
264	0.000000e+00	0.000000e+00	-1.161896e+01	
265	0.000000e+00	0.000000e+00	-1.162362e+01	
266	0.000000e+00	0.000000e+00	-1.162803e+01	
267	0.000000e+00	0.000000e+00	-1.163215e+01	
268	0.000000e+00	0.000000e+00	-1.163595e+01	
269	0.000000e+00	0.000000e+00	-1.163942e+01	
270	0.000000e+00	0.000000e+00	-1.164255e+01	
271	0.000000e+00	0.000000e+00	-1.164534e+01	
272	0.000000e+00	0.000000e+00	-1.164779e+01	
273	0.000000e+00	0.000000e+00	-1.164990e+01	
274	0.000000e+00	0.000000e+00	-1.165168e+01	
275	0.000000e+00	0.000000e+00	-1.165314e+01	
276	0.000000e+00	0.000000e+00	-1.165430e+01	
277	0.000000e+00	0.000000e+00	-1.165519e+01	
278	0.000000e+00	0.000000e+00	-1.165585e+01	
279	0.000000e+00	0.000000e+00	-1.165629e+01	
280	0.000000e+00	0.000000e+00	-1.165650e+01	
281	0.000000e+00	0.000000e+00	-6.726366e+00	
282	0.000000e+00	0.000000e+00	-1.160901e+01	
283	0.000000e+00	0.000000e+00	-1.161417e+01	
284	0.000000e+00	0.000000e+00	-1.161913e+01	
285	0.000000e+00	0.000000e+00	-1.162388e+01	
286	0.000000e+00	0.000000e+00	-1.162839e+01	
287	0.000000e+00	0.000000e+00	-1.163258e+01	
288	0.000000e+00	0.000000e+00	-1.163644e+01	
289	0.000000e+00	0.000000e+00	-1.163994e+01	
290	0.000000e+00	0.000000e+00	-1.164309e+01	
291	0.000000e+00	0.000000e+00	-1.164588e+01	
292	0.000000e+00	0.000000e+00	-1.164832e+01	
293	0.000000e+00	0.000000e+00	-1.165040e+01	
294	0.000000e+00	0.000000e+00	-1.165213e+01	
295	0.000000e+00	0.000000e+00	-1.165351e+01	
296	0.000000e+00	0.000000e+00	-1.165459e+01	
297	0.000000e+00	0.000000e+00	-1.165541e+01	
298	0.000000e+00	0.000000e+00	-1.165602e+01	
299	0.000000e+00	0.000000e+00	-1.165643e+01	
300	0.000000e+00	0.000000e+00	-1.165663e+01	
301	0.000000e+00	0.000000e+00	-6.726388e+00	
302	0.000000e+00	0.000000e+00	-1.160908e+01	
303	0.000000e+00	0.000000e+00	-1.161429e+01	
304	0.000000e+00	0.000000e+00	-1.161932e+01	
305	0.000000e+00	0.000000e+00	-1.162417e+01	
306	0.000000e+00	0.000000e+00	-1.165491e+01	
307	0.000000e+00	0.000000e+00	-1.165564e+01	
308	0.000000e+00	0.000000e+00	-1.165620e+01	
309	0.000000e+00	0.000000e+00	-1.165658e+01	
310	0.000000e+00	0.000000e+00	-1.165676e+01	
311	0.000000e+00	0.000000e+00	-6.726409e+00	
312	0.000000e+00	0.000000e+00	-1.160914e+01	
313	0.000000e+00	0.000000e+00	-1.161441e+01	
314	0.000000e+00	0.000000e+00	-1.161950e+01	
315	0.000000e+00	0.000000e+00	-1.162443e+01	
316	0.000000e+00	0.000000e+00	-1.165520e+01	
317	0.000000e+00	0.000000e+00	-1.165586e+01	
318	0.000000e+00	0.000000e+00	-1.165637e+01	
319	0.000000e+00	0.000000e+00	-1.165672e+01	
320	0.000000e+00	0.000000e+00	-1.165689e+01	
321	0.000000e+00	0.000000e+00	-6.726426e+00	
322	0.000000e+00	0.000000e+00	-1.160920e+01	
323	0.000000e+00	0.000000e+00	-1.161450e+01	
324	0.000000e+00	0.000000e+00	-1.161964e+01	
325	0.000000e+00	0.000000e+00	-1.162463e+01	
326	0.000000e+00	0.000000e+00	-1.165543e+01	
327	0.000000e+00	0.000000e+00	-1.165604e+01	
328	0.000000e+00	0.000000e+00	-1.165651e+01	
329	0.000000e+00	0.000000e+00	-1.165684e+01	
330	0.000000e+00	0.000000e+00	-1.165700e+01	
331	0.000000e+00	0.000000e+00	-6.726438e+00	
332	0.000000e+00	0.000000e+00	-1.160924e+01	
333	0.000000e+00	0.000000e+00	-1.161457e+01	
334	0.000000e+00	0.000000e+00	-1.161974e+01	
335	0.000000e+00	0.000000e+00	-1.162477e+01	
336	0.000000e+00	0.000000e+00	-1.165558e+01	
337	0.000000e+00	0.000000e+00	-1.165617e+01	
338	0.000000e+00	0.000000e+00	-1.165662e+01	
339	0.000000e+00	0.000000e+00	-1.165692e+01	
340	0.000000e+00	0.000000e+00	-1.165708e+01	
341	0.000000e+00	0.000000e+00	-6.726444e+00	
342	0.000000e+00	0.000000e+00	-1.160926e+01	
343	0.000000e+00	0.000000e+00	-1.161460e+01	
344	0.000000e+00	0.000000e+00	-1.161979e+01	
345	0.000000e+00	0.000000e+00	-1.162483e+01	
346	0.000000e+00	0.000000e+00	-1.165566e+01	
347	0.000000e+00	0.000000e+00	-1.165623e+01	
348	0.000000e+00	0.000000e+00	-1.165667e+01	
349	0.000000e+00	0.000000e+00	-1.165697e+01	
350	0.000000e+00	0.000000e+00	-1.165712e+01	
351	0.000000e+00	0.000000e+00	-6.726444e+00	
352	0.000000e+00	0.000000e+00	-1.160925e+01	
353	0.000000e+00	0.000000e+00	-1.161460e+01	
354	0.000000e+00	0.000000e+00	-1.161979e+01	
355	0.000000e+00	0.000000e+00	-1.162483e+01	
356	0.000000e+00	0.000000e+00	-1.165566e+01	
357	0.000000e+00	0.000000e+00	-1.165623e+01	
358	0.000000e+00	0.000000e+00	-1.165667e+01	
359	0.000000e+00	0.000000e+00	-1.165697e+01	
360	0.000000e+00	0.000000e+00	-1.165712e+01	
361	0.000000e+00	0.000000e+00	-6.726436e+00	
362	0.000000e+00	0.000000e+00	-1.160923e+01	
363	0.000000e+00	0.000000e+00	-1.161457e+01	
364	0.000000e+00	0.000000e+00	-1.161974e+01	
365	0.000000e+00	0.000000e+00	-1.162476e+01	
366	0.000000e+00	0.000000e+00	-1.165558e+01	
367	0.000000e+00	0.000000e+00	-1.165617e+01	
368	0.000000e+00	0.000000e+00	-1.165662e+01	
369	0.000000e+00	0.000000e+00	-1.165692e+01	
370	0.000000e+00	0.000000e+00	-1.165708e+01	
371	0.000000e+00	0.000000e+00	-6.726424e+00	
372	0.000000e+00	0.000000e+00	-1.160919e+01	
373	0.000000e+00	0.000000e+00	-1.161450e+01	
374	0.000000e+00	0.000000e+00	-1.161964e+01	
375	0.000000e+00	0.000000e+00	-1.162463e+01	
376	0.000000e+00	0.000000e+00	-1.165543e+01	
377	0.000000e+00	0.000000e+00	-1.165604e+01	
378	0.000000e+00	0.000000e+00	-1.165652e+01	
379	0.000000e+00	0.000000e+00	-1.165684e+01	
380	0.000000e+00	0.000000e+00	-1.165700e+01	
381	0.000000e+00	0.000000e+00	-6.726406e+00	
382	0.000000e+00	0.000000e+00	-1.160914e+01	
383	0.000000e+00	0.000000e+00	-1.161441e+01	
384	0.000000e+00	0.000000e+00	-1.161950e+01	
385	0.000000e+00	0.000000e+00	-1.162443e+01	
386	0.000000e+00	0.000000e+00	-1.165520e+01	
387	0.000000e+00	0.000000e+00	-1.165586e+01	
388	0.000000e+00	0.000000e+00	-1.165637e+01	
389	0.000000e+00	0.000000e+00	-1.165672e+01	
390	0.000000e+00	0.000000e+00	-1.165689e+01	
391	0.000000e+00	0.000000e+00	-6.726386e+00	
392	0.000000e+00	0.000000e+00	-1.160908e+01	
393	0.000000e+00	0.000000e+00	-1.161429e+01	
394	0.000000e+00	0.000000e+00	-1.161932e+01	
395	0.000000e+00	0.000000e+00	-1.162417e+01	
396	0.000000e+00	0.000000e+00	-1.165491e+01	
397	0.000000e+00	0.000000e+00	-1.165565e+01	
398	0.000000e+00	0.000000e+00	-1.165621e+01	
399	0.000000e+00	0.000000e+00	-1.165658e+01	
400	0.000000e+00	0.000000e+00	-1.165677e+01	
401	0.000000e+00	0.000000e+00	-6.726365e+00	
402	0.000000e+00	0.000000e+00	-1.160901e+01	
403	0.000000e+00	0.000000e+00	-1.161418e+01	
404	0.000000e+00	0.000000e+00	-1.161914e+01	
405	0.000000e+00	0.000000e+00	-1.162389e+01	
406	0.000000e+00	0.000000e+00	-1.162839e+01	
407	0.000000e+00	0.000000e+00	-1.163259e+01	
408	0.000000e+00	0.000000e+00	-1.163644e+01	
409	0.000000e+00	0.000000e+00	-1.163995e+01	
410	0.000000e+00	0.000000e+00	-1.164309e+01	
411	0.000000e+00	0.000000e+00	-1.164589e+01	
412	0.000000e+00	0.000000e+00	-1.164832e+01	
413	0.000000e+00	0.000000e+00	-1.165041e+01	
414	0.000000e+00	0.000000e+00	-1.165213e+01	
415	0.000000e+00	0.000000e+00	-1.165352e+01	
416	0.000000e+00	0.000000e+00	-1.165459e+01	
417	0.000000e+00	0.000000e+00	-1.165542e+01	
418	0.000000e+00	0.000000e+00	-1.165603e+01	
419	0.000000e+00	0.000000e+00	-1.165643e+01	
420	0.000000e+00	0.000000e+00	-1.165663e+01	
421	0.000000e+00	0.000000e+00	-6.726345e+00	
422	0.000000e+00	0.000000e+00	-1.160895e+01	
423	0.000000e+00	0.000000e+00	-1.161406e+01	
424	0.000000e+00	0.000000e+00	-1.161896e+01	
425	0.000000e+00	0.000000e+00	-1.162363e+01	
426	0.000000e+00	0.000000e+00	-1.162804e+01	
427	0.000000e+00	0.000000e+00	-1.163216e+01	
428	0.000000e+00	0.000000e+00	-1.163596e+01	
429	0.000000e+00	0.000000e+00	-1.163943e+01	
430	0.000000e+00	0.000000e+00	-1.164256e+01	
431	0.000000e+00	0.000000e+00	-1.164535e+01	
432	0.000000e+00	0.000000e+00	-1.164780e+01	
433	0.000000e+00	0.000000e+00	-1.164991e+01	
434	0.000000e+00	0.000000e+00	-1.165168e+01	
435	0.000000e+00	0.000000e+00	-1.165314e+01	
436	0.000000e+00	0.000000e+00	-1.165430e+01	
437	0.000000e+00	0.000000e+00	-1.165520e+01	
438	0.000000e+00	0.000000e+00	-1.165586e+01	
439	0.000000e+00	0.000000e+00	-1.165629e+01	
440	0.000000e+00	0.000000e+00	-1.165651e+01	
441	0.000000e+00	0.000000e+00	-6.726328e+00	
442	0.000000e+00	0.000000e+00	-1.160890e+01	
443	0.000000e+00	0.000000e+00	-1.161397e+01	
444	0.000000e+00	0.000000e+00	-1.161882e+01	
445	0.000000e+00	0.000000e+00	-1.162343e+01	
446	0.000000e+00	0.000000e+00	-1.162778e+01	
447	0.000000e+00	0.000000e+00	-1.163185e+01	
448	0.000000e+00	0.000000e+00	-1.163561e+01	
449	0.000000e+00	0.000000e+00	-1.163906e+01	
450	0.000000e+00	0.000000e+00	-1.164217e+01	
451	0.000000e+00	0.000000e+00	-1.164496e+01	
452	0.000000e+00	0.000000e+00	-1.164742e+01	
453	0.000000e+00	0.000000e+00	-1.164955e+01	
454	0.000000e+00	0.000000e+00	-1.165136e+01	
455	0.000000e+00	0.000000e+00	-1.165286e+01	
456	0.000000e+00	0.000000e+00	-1.165408e+01	
457	0.000000e+00	0.000000e+00	-1.165502e+01	
458	0.000000e+00	0.000000e+00	-1.165572e+01	
459	0.000000e+00	0.000000e+00	-1.165617e+01	
460	0.000000e+00	0.000000e+00	-1.165640e+01	
461	0.000000e+00	0.000000e+00	-6.726316e+00	
462	0.000000e+00	0.000000e+00	-1.160886e+01	
463	0.000000e+00	0.000000e+00	-1.161391e+01	
464	0.000000e+00	0.000000e+00	-1.161872e+01	
465	0.000000e+00	0.000000e+00	-1.162330e+01	
466	0.000000e+00	0.000000e+00	-1.162761e+01	
467	0.000000e+00	0.000000e+00	-1.163165e+01	
468	0.000000e+00	0.000000e+00	-1.163539e+01	
469	0.000000e+00	0.000000e+00	-1.163881e+01	
470	0.000000e+00	0.000000e+00	-1.164192e+01	
471	0.000000e+00	0.000000e+00	-1.164471e+01	
472	0.000000e+00	0.000000e+00	-1.164717e+01	
473	0.000000e+00	0.000000e+00	-1.164931e+01	
474	0.000000e+00	0.000000e+00	-1.165115e+01	
475	0.000000e+00	0.000000e+00	-1.165268e+01	
476	0.000000e+00	0.000000e+00	-1.165392e+01	
477	0.000000e+00	0.000000e+00	-1.165490e+01	
478	0.000000e+00	0.000000e+00	-1.165562e+01	
479	0.000000e+00	0.000000e+00	-1.165609e+01	
480	0.000000e+00	0.000000e+00	-1.165632e+01	
481	0.000000e+00	0.000000e+00	-6.726309e+00	
482	0.000000e+00	0.000000e+00	-1.160884e+01	
483	0.000000e+00	0.000000e+00	-1.161387e+01	
484	0.000000e+00	0.000000e+00	-1.161867e+01	
485	0.000000e+00	0.000000e+00	-1.162323e+01	
486	0.000000e+00	0.000000e+00	-1.162753e+01	
487	0.000000e+00	0.000000e+00	-1.163155e+01	
488	0.000000e+00	0.000000e+00	-1.163527e+01	
489	0.000000e+00	0.000000e+00	-1.163869e+01	
490	0.000000e+00	0.000000e+00	-1.164180e+01	
491	0.000000e+00	0.000000e+00	-1.164458e+01	
492	0.000000e+00	0.000000e+00	-1.164705e+01	
493	0.000000e+00	0.000000e+00	-1.164920e+01	
494	0.000000e+00	0.000000e+00	-1.165104e+01	
495	0.000000e+00	0.000000e+00	-1.165259e+01	
496	0.000000e+00	0.000000e+00	-1.165385e+01	
497	0.000000e+00	0.000000e+00	-1.165483e+01	
498	0.000000e+00	0.000000e+00	-1.165556e+01	
499	0.000000e+00	0.000000e+00	-1.165604e+01	
500	0.000000e+00	0.000000e+00	-1.165628e+01	
501	0.000000e+00	0.000000e+00	-6.726314e+00	
502	0.000000e+00	0.000000e+00	-1.160885e+01	
503	0.000000e+00	0.000000e+00	-1.161388e+01	
504	0.000000e+00	0.000000e+00	-1.161868e+01	
505	0.000000e+00	0.000000e+00	-1.162324e+01	
506	0.000000e+00	0.000000e+00	-1.162754e+01	
507	0.000000e+00	0.000000e+00	-1.163155e+01	
508	0.000000e+00	0.000000e+00	-1.163527e+01	
509	0.000000e+00	0.000000e+00	-1.163868e+01	
510	0.000000e+00	0.000000e+00	-1.164178e+01	
511	0.000000e+00	0.000000e+00	-1.164457e+01	
512	0.000000e+00	0.000000e+00	-1.164703e+01	
513	0.000000e+00	0.000000e+00	-1.164918e+01	
514	0.000000e+00	0.000000e+00	-1.165102e+01	
515	0.000000e+00	0.000000e+00	-1.165257e+01	
516	0.000000e+00	0.000000e+00	-1.165383e+01	
517	0.000000e+00	0.000000e+00	-1.165482e+01	
518	0.000000e+00	0.000000e+00	-1.165555e+01	
519	0.000000e+00	0.000000e+00	-1.165603e+01	
520	0.000000e+00	0.000000e+00	-1.165627e+01	
521	0.000000e+00	0.000000e+00	-6.726320e+00	
522	0.000000e+00	0.000000e+00	-1.160887e+01	
523	0.000000e+00	0.000000e+00	-1.161392e+01	
524	0.000000e+00	0.000000e+00	-1.161874e+01	
525	0.000000e+00	0.000000e+00	-1.162331e+01	
526	0.000000e+00	0.000000e+00	-1.162762e+01	
527	0.000000e+00	0.000000e+00	-1.163165e+01	
528	0.000000e+00	0.000000e+00	-1.163538e+01	
529	0.000000e+00	0.000000e+00	-1.163881e+01	
530	0.000000e+00	0.000000e+00	-1.164191e+01	
531	0.000000e+00	0.000000e+00	-1.164469e+01	
532	0.000000e+00	0.000000e+00	-1.164715e+01	
533	0.000000e+00	0.000000e+00	-1.164930e+01	
534	0.000000e+00	0.000000e+00	-1.165113e+01	
535	0.000000e+00	0.000000e+00	-1.165266e+01	
536	0.000000e+00	0.000000e+00	-1.165391e+01	
537	0.000000e+00	0.000000e+00	-1.165488e+01	
538	0.000000e+00	0.000000e+00	-1.165560e+01	
539	0.000000e+00	0.000000e+00	-1.165608e+01	
540	0.000000e+00	0.000000e+00	-1.165631e+01	
541	0.000000e+00	0.000000e+00	-6.726333e+00	
542	0.000000e+00	0.000000e+00	-1.160891e+01	
543	0.000000e+00	0.000000e+00	-1.161398e+01	
544	0.000000e+00	0.000000e+00	-1.161883e+01	
545	0.000000e+00	0.000000e+00	-1.162344e+01	
546	0.000000e+00	0.000000e+00	-1.162779e+01	
547	0.000000e+00	0.000000e+00	-1.163186e+01	
548	0.000000e+00	0.000000e+00	-1.163561e+01	
549	0.000000e+00	0.000000e+00	-1.163905e+01	
550	0.000000e+00	0.000000e+00	-1.164217e+01	
551	0.000000e+00	0.000000e+00	-1.164495e+01	
552	0.000000e+00	0.000000e+00	-1.164740e+01	
553	0.000000e+00	0.000000e+00	-1.164953e+01	
554	0.000000e+00	0.000000e+00	-1.165134e+01	
555	0.000000e+00	0.000000e+00	-1.165284e+01	
556	0.000000e+00	0.000000e+00	-1.165406e+01	
557	0.000000e+00	0.000000e+00	-1.165500e+01	
558	0.000000e+00	0.000000e+00	-1.165570e+01	
559	0.000000e+00	0.000000e+00	-1.165616e+01	
560	0.000000e+00	0.000000e+00	-1.165639e+01	
561	0.000000e+00	0.000000e+00	-6.726350e+00	
562	0.000000e+00	0.000000e+00	-1.160896e+01	
563	0.000000e+00	0.000000e+00	-1.161408e+01	
564	0.000000e+00	0.000000e+00	-1.161898e+01	
565	0.000000e+00	0.000000e+00	-1.162364e+01	
566	0.000000e+00	0.000000e+00	-1.162805e+01	
567	0.000000e+00	0.000000e+00	-1.163217e+01	
568	0.000000e+00	0.000000e+00	-1.163596e+01	
569	0.000000e+00	0.000000e+00	-1.163943e+01	
570	0.000000e+00	0.000000e+00	-1.164256e+01	
571	0.000000e+00	0.000000e+00	-1.164534e+01	
572	0.000000e+00	0.000000e+00	-1.164779e+01	
573	0.000000e+00	0.000000e+00	-1.164989e+01	
574	0.000000e+00	0.000000e+00	-1.165166e+01	
575	0.000000e+00	0.000000e+00	-1.165312e+01	
576	0.000000e+00	0.000000e+00	-1.165428e+01	
577	0.000000e+00	0.000000e+00	-1.165518e+01	
578	0.000000e+00	0.000000e+00	-1.165585e+01	
579	0.000000e+00	0.000000e+00	-1.165628e+01	
580	0.000000e+00	0.000000e+00	-1.165650e+01	
581	0.000000e+00	0.000000e+00	-6.726369e+00	
582	0.000000e+00	0.000000e+00	-1.160902e+01	
583	0.000000e+00	0.000000e+00	-1.161419e+01	
584	0.000000e+00	0.000000e+00	-1.161915e+01	
585	0.000000e+00	0.000000e+00	-1.162390e+01	
586	0.000000e+00	0.000000e+00	-1.162841e+01	
587	0.000000e+00	0.000000e+00	-1.163260e+01	
588	0.000000e+00	0.000000e+00	-1.163645e+01	
589	0.000000e+00	0.000000e+00	-1.163995e+01	
590	0.000000e+00	0.000000e+00	-1.164310e+01	
591	0.000000e+00	0.000000e+00	-1.164588e+01	
592	0.000000e+00	0.000000e+00	-1.164831e+01	
593	0.000000e+00	0.000000e+00	-1.165039e+01	
594	0.000000e+00	0.000000e+00	-1.165211e+01	
595	0.000000e+00	0.000000e+00	-1.165350e+01	
596	0.000000e+00	0.000000e+00	-1.165457e+01	
597	0.000000e+00	0.000000e+00	-1.165540e+01	
598	0.000000e+00	0.000000e+00	-1.165601e+01	
599	0.000000e+00	0.000000e+00	-1.165642e+01	
600	0.000000e+00	0.000000e+00	-1.165663e+01	
601	0.000000e+00	0.000000e+00	-6.726390e+00	
602	0.000000e+00	0.000000e+00	-1.160909e+01	
603	0.000000e+00	0.000000e+00	-1.161431e+01	
604	0.000000e+00	0.000000e+00	-1.161934e+01	
605	0.000000e+00	0.000000e+00	-1.162419e+01	
606	0.000000e+00	0.000000e+00	-1.165489e+01	
607	0.000000e+00	0.000000e+00	-1.165563e+01	
608	0.000000e+00	0.000000e+00	-1.165619e+01	
609	0.000000e+00	0.000000e+00	-1.165657e+01	
610	0.000000e+00	0.000000e+00	-1.165676e+01	
611	0.000000e+00	0.000000e+00	-6.726410e+00	
612	0.000000e+00	0.000000e+00	-1.160915e+01	
613	0.000000e+00	0.000000e+00	-1.161442e+01	
614	0.000000e+00	0.000000e+00	-1.161951e+01	
615	0.000000e+00	0.000000e+00	-1.162445e+01	
616	0.000000e+00	0.000000e+00	-1.165518e+01	
617	0.000000e+00	0.000000e+00	-1.165585e+01	
618	0.000000e+00	0.000000e+00	-1.165636e+01	
619	0.000000e+00	0.000000e+00	-1.165671e+01	
620	0.000000e+00	0.000000e+00	-1.165689e+01	
621	0.000000e+00	0.000000e+00	-6.726426e+00	
622	0.000000e+00	0.000000e+00	-1.160920e+01	
623	0.000000e+00	0.000000e+00	-1.161451e+01	
624	0.000000e+00	0.000000e+00	-1.161965e+01	
625	0.000000e+00	0.000000e+00	-1.162465e+01	
626	0.000000e+00	0.000000e+00	-1.165541e+01	
627	0.000000e+00	0.000000e+00	-1.165603e+01	
628	0.000000e+00	0.000000e+00	-1.165651e+01	
629	0.000000e+00	0.000000e+00	-1.165683e+01	
630	0.000000e+00	0.000000e+00	-1.165700e+01	
631	0.000000e+00	0.000000e+00	-6.726438e+00	
632	0.000000e+00	0.000000e+00	-1.160924e+01	
633	0.000000e+00	0.000000e+00	-1.161457e+01	
634	0.000000e+00	0.000000e+00	-1.161975e+01	
635	0.000000e+00	0.000000e+00	-1.162478e+01	
636	0.000000e+00	0.000000e+00	-1.165557e+01	
637	0.000000e+00	0.000000e+00	-1.165615e+01	
638	0.000000e+00	0.000000e+00	-1.165661e+01	
639	0.000000e+00	0.000000e+00	-1.165692e+01	
640	0.000000e+00	0.000000e+00	-1.165708e+01	
641	0.000000e+00	0.000000e+00	-6.726444e+00	
642	0.000000e+00	0.000000e+00	-1.160926e+01	
643	0.000000e+00	0.000000e+00	-1.161461e+01	
644	0.000000e+00	0.000000e+00	-1.161980e+01	
645	0.000000e+00	0.000000e+00	-1.162484e+01	
646	0.000000e+00	0.000000e+00	-1.165564e+01	
647	0.000000e+00	0.000000e+00	-1.165622e+01	
648	0.000000e+00	0.000000e+00	-1.165666e+01	
649	0.000000e+00	0.000000e+00	-1.165697e+01	
650	0.000000e+00	0.000000e+00	-1.165712e+01	
651	0.000000e+00	0.000000e+00	-6.726443e+00	
652	0.000000e+00	0.000000e+00	-1.160925e+01	
653	0.000000e+00	0.000000e+00	-1.161460e+01	
654	0.000000e+00	0.000000e+00	-1.161979e+01	
655	0.000000e+00	0.000000e+00	-1.162484e+01	
656	0.000000e+00	0.000000e+00	-1.165565e+01	
657	0.000000e+00	0.000000e+00	-1.165622e+01	
658	0.000000e+00	0.000000e+00	-1.165666e+01	
659	0.000000e+00	0.000000e+00	-1.165697e+01	
660	0.000000e+00	0.000000e+00	-1.165712e+01	
661	0.000000e+00	0.000000e+00	-6.726436e+00	
662	0.000000e+00	0.000000e+00	-1.160923e+01	
663	0.000000e+00	0.000000e+00	-1.161457e+01	
664	0.000000e+00	0.000000e+00	-1.161974e+01	
665	0.000000e+00	0.000000e+00	-1.162477e+01	
666	0.000000e+00	0.000000e+00	-1.165557e+01	
667	0.000000e+00	0.000000e+00	-1.165616e+01	
668	0.000000e+00	0.000000e+00	-1.165661e+01	
669	0.000000e+00	0.000000e+00	-1.165692e+01	
670	0.000000e+00	0.000000e+00	-1.165708e+01	
671	0.000000e+00	0.000000e+00	-6.726424e+00	
672	0.000000e+00	0.000000e+00	-1.160920e+01	
673	0.000000e+00	0.000000e+00	-1.161450e+01	
674	0.000000e+00	0.000000e+00	-1.161964e+01	
675	0.000000e+00	0.000000e+00	-1.162464e+01	
676	0.000000e+00	0.000000e+00	-1.165542e+01	
677	0.000000e+00	0.000000e+00	-1.165604e+01	
678	0.000000e+00	0.000000e+00	-1.165651e+01	
679	0.000000e+00	0.000000e+00	-1.165684e+01	
680	0.000000e+00	0.000000e+00	-1.165700e+01	
681	0.000000e+00	0.000000e+00	-6.726408e+00	
682	0.000000e+00	0.000000e+00	-1.160914e+01	
683	0.000000e+00	0.000000e+00	-1.161441e+01	
684	0.000000e+00	0.000000e+00	-1.161950e+01	
685	0.000000e+00	0.000000e+00	-1.162444e+01	
686	0.000000e+00	0.000000e+00	-1.165520e+01	
687	0.000000e+00	0.000000e+00	-1.165586e+01	
688	0.000000e+00	0.000000e+00	-1.165637e+01	
689	0.000000e+00	0.000000e+00	-1.165672e+01	
690	0.000000e+00	0.000000e+00	-1.165689e+01	
691	0.000000e+00	0.000000e+00	-6.726388e+00	
692	0.000000e+00	0.000000e+00	-1.160908e+01	
693	0.000000e+00	0.000000e+00	-1.161430e+01	
694	0.000000e+00	0.000000e+00	-1.161933e+01	
695	0.000000e+00	0.000000e+00	-1.162418e+01	
696	0.000000e+00	0.000000e+00	-1.165491e+01	
697	0.000000e+00	0.000000e+00	-1.165565e+01	
698	0.000000e+00	0.000000e+00	-1.165621e+01	
699	0.000000e+00	0.000000e+00	-1.165658e+01	
700	0.000000e+00	0.000000e+00	-1.165677e+01	
701	0.000000e+00	0.000000e+00	-6.726367e+00	
702	0.000000e+00	0.000000e+00	-1.160902e+01	
703	0.000000e+00	0.000000e+00	-1.161418e+01	
704	0.000000e+00	0.000000e+00	-1.161914e+01	
705	0.000000e+00	0.000000e+00	-1.162389e+01	
706	0.000000e+00	0.000000e+00	-1.162839e+01	
707	0.000000e+00	0.000000e+00	-1.163259e+01	
708	0.000000e+00	0.000000e+00	-1.163644e+01	
709	0.000000e+00	0.000000e+00	-1.163994e+01	
710	0.000000e+00	0.000000e+00	-1.164309e+01	
711	0.000000e+00	0.000000e+00	-1.164589e+01	
712	0.000000e+00	0.000000e+00	-1.164832e+01	
713	0.000000e+00	0.000000e+00	-1.165040e+01	
714	0.000000e+00	0.000000e+00	-1.165213e+01	
715	0.000000e+00	0.000000e+00	-1.165351e+01	
716	0.000000e+00	0.000000e+00	-1.165459e+01	
717	0.000000e+00	0.000000e+00	-1.165542e+01	
718	0.000000e+00	0.000000e+00	-1.165603e+01	
719	0.000000e+00	0.000000e+00	-1.165644e+01	
720	0.000000e+00	0.000000e+00	-1.165664e+01	
721	0.000000e+00	0.000000e+00	-6.726347e+00	
722	0.000000e+00	0.000000e+00	-1.160895e+01	
723	0.000000e+00	0.000000e+00	-1.161407e+01	
724	0.000000e+00	0.000000e+00	-1.161897e+01	
725	0.000000e+00	0.000000e+00	-1.162363e+01	
726	0.000000e+00	0.000000e+00	-1.162804e+01	
727	0.000000e+00	0.000000e+00	-1.163216e+01	
728	0.000000e+00	0.000000e+00	-1.163596e+01	
729	0.000000e+00	0.000000e+00	-1.163943e+01	
730	0.000000e+00	0.000000e+00	-1.164256e+01	
731	0.000000e+00	0.000000e+00	-1.164535e+01	
732	0.000000e+00	0.000000e+00	-1.164779e+01	
733	0.000000e+00	0.000000e+00	-1.164990e+01	
734	0.000000e+00	0.000000e+00	-1.165168e+01	
735	0.000000e+00	0.000000e+00	-1.165314e+01	
736	0.000000e+00	0.000000e+00	-1.165430e+01	
737	0.000000e+00	0.000000e+00	-1.165520e+01	
738	0.000000e+00	0.000000e+00	-1.165586e+01	
739	0.000000e+00	0.000000e+00	-1.165630e+01	
740	0.000000e+00	0.000000e+00	-1.165651e+01	
741	0.000000e+00	0.000000e+00	-6.726329e+00	
742	0.000000e+00	0.000000e+00	-1.160890e+01	
743	0.000000e+00	0.000000e+00	-1.161398e+01	
744	0.000000e+00	0.000000e+00	-1.161883e+01	
745	0.000000e+00	0.000000e+00	-1.162344e+01	
746	0.000000e+00	0.000000e+00	-1.162779e+01	
747	0.000000e+00	0.000000e+00	-1.163185e+01	
748	0.000000e+00	0.000000e+00	-1.163561e+01	
749	0.000000e+00	0.000000e+00	-1.163905e+01	
750	0.000000e+00	0.000000e+00	-1.164217e+01	
751	0.000000e+00	0.000000e+00	-1.164496e+01	
752	0.000000e+00	0.000000e+00	-1.164741e+01	
753	0.000000e+00	0.000000e+00	-1.164954e+01	
754	0.000000e+00	0.000000e+00	-1.165135e+01	
755	0.000000e+00	0.000000e+00	-1.165286e+01	
756	0.000000e+00	0.000000e+00	-1.165408e+01	
757	0.000000e+00	0.000000e+00	-1.165503e+01	
758	0.000000e+00	0.000000e+00	-1.165572e+01	
759	0.000000e+00	0.000000e+00	-1.165618e+01	
760	0.000000e+00	0.000000e+00	-1.165640e+01	
761	0.000000e+00	0.000000e+00	-6.726317e+00	
762	0.000000e+00	0.000000e+00	-1.160886e+01	
763	0.000000e+00	0.000000e+00	-1.161391e+01	
764	0.000000e+00	0.000000e+00	-1.161873e+01	
765	0.000000e+00	0.000000e+00	-1.162331e+01	
766	0.000000e+00	0.000000e+00	-1.162762e+01	
767	0.000000e+00	0.000000e+00	-1.163165e+01	
768	0.000000e+00	0.000000e+00	-1.163539e+01	
769	0.000000e+00	0.000000e+00	-1.163881e+01	
770	0.000000e+00	0.000000e+00	-1.164192e+01	
771	0.000000e+00	0.000000e+00	-1.164470e+01	
772	0.000000e+00	0.000000e+00	-1.164716e+01	
773	0.000000e+00	0.000000e+00	-1.164930e+01	
774	0.000000e+00	0.000000e+00	-1.165114e+01	
775	0.000000e+00	0.000000e+00	-1.165267e+01	
776	0.000000e+00	0.000000e+00	-1.165392e+01	
777	0.000000e+00	0.000000e+00	-1.165490e+01	
778	0.000000e+00	0.000000e+00	-1.165562e+01	
779	0.000000e+00	0.000000e+00	-1.165610e+01	
780	0.000000e+00	0.000000e+00	-1.165633e+01	
781	0.000000e+00	0.000000e+00	-6.726311e+00	
782	0.000000e+00	0.000000e+00	-1.160884e+01	
783	0.000000e+00	0.000000e+00	-1.161388e+01	
784	0.000000e+00	0.000000e+00	-1.161868e+01	
785	0.000000e+00	0.000000e+00	-1.162324e+01	
786	0.000000e+00	0.000000e+00	-1.162754e+01	
787	0.000000e+00	0.000000e+00	-1.163155e+01	
788	0.000000e+00	0.000000e+00	-1.163527e+01	
789	0.000000e+00	0.000000e+00	-1.163869e+01	
790	0.000000e+00	0.000000e+00	-1.164179e+01	
791	0.000000e+00	0.000000e+00	-1.164457e+01	
792	0.000000e+00	0.000000e+00	-1.164704e+01	
793	0.000000e+00	0.000000e+00	-1.164919e+01	
794	0.000000e+00	0.000000e+00	-1.165103e+01	
795	0.000000e+00	0.000000e+00	-1.165258e+01	
796	0.000000e+00	0.000000e+00	-1.165385e+01	
797	0.000000e+00	0.000000e+00	-1.165484e+01	
798	0.000000e+00	0.000000e+00	-1.165557e+01	
799	0.000000e+00	0.000000e+00	-1.165605e+01	
800	0.000000e+00	0.000000e+00	-1.165629e+01	
