fluxJ
3
800
1	0.000000e+00	0.000000e+00	-3.248948e+01	
2	0.000000e+00	0.000000e+00	-3.250212e+01	
3	0.000000e+00	0.000000e+00	-3.251365e+01	
4	0.000000e+00	0.000000e+00	-3.252408e+01	
5	0.000000e+00	0.000000e+00	-3.253340e+01	
6	0.000000e+00	0.000000e+00	-3.254164e+01	
7	0.000000e+00	0.000000e+00	-3.254878e+01	
8	0.000000e+00	0.000000e+00	-3.255484e+01	
9	0.000000e+00	0.000000e+00	-3.255978e+01	
10	0.000000e+00	0.000000e+00	-3.256360e+01	
11	0.000000e+00	0.000000e+00	-3.249053e+01	
12	0.000000e+00	0.000000e+00	-3.250341e+01	
13	0.000000e+00	0.000000e+00	-3.251509e+01	
14	0.000000e+00	0.000000e+00	-3.252561e+01	
15	0.000000e+00	0.000000e+00	-3.253498e+01	
16	0.000000e+00	0.000000e+00	-3.254322e+01	
17	0.000000e+00	0.000000e+00	-3.255033e+01	
18	0.000000e+00	0.000000e+00	-3.255630e+01	
19	0.000000e+00	0.000000e+00	-3.256112e+01	
20	0.000000e+00	0.000000e+00	-3.256472e+01	
21	0.000000e+00	0.000000e+00	-3.249129e+01	
22	0.000000e+00	0.000000e+00	-3.250432e+01	
23	0.000000e+00	0.000000e+00	-3.251612e+01	
24	0.000000e+00	0.000000e+00	-3.252671e+01	
25	0.000000e+00	0.000000e+00	-3.253612e+01	
26	0.000000e+00	0.000000e+00	-3.254437e+01	
27	0.000000e+00	0.000000e+00	-3.255145e+01	
28	0.000000e+00	0.000000e+00	-3.255736e+01	
29	0.000000e+00	0.000000e+00	-3.256207e+01	
30	0.000000e+00	0.000000e+00	-3.256554e+01	
31	0.000000e+00	0.000000e+00	-3.249179e+01	
32	0.000000e+00	0.000000e+00	-3.250492e+01	
33	0.000000e+00	0.000000e+00	-3.251679e+01	
34	0.000000e+00	0.000000e+00	-3.252743e+01	
35	0.000000e+00	0.000000e+00	-3.253687e+01	
36	0.000000e+00	0.000000e+00	-3.254511e+01	
37	0.000000e+00	0.000000e+00	-3.255218e+01	
38	0.000000e+00	0.000000e+00	-3.255805e+01	
39	0.000000e+00	0.000000e+00	-3.256269e+01	
40	0.000000e+00	0.000000e+00	-3.256608e+01	
41	0.000000e+00	0.000000e+00	-3.249204e+01	
42	0.000000e+00	0.000000e+00	-3.250521e+01	
43	0.000000e+00	0.000000e+00	-3.251712e+01	
44	0.000000e+00	0.000000e+00	-3.252778e+01	
45	0.000000e+00	0.000000e+00	-3.253723e+01	
46	0.000000e+00	0.000000e+00	-3.254548e+01	
47	0.000000e+00	0.000000e+00	-3.255254e+01	
48	0.000000e+00	0.000000e+00	-3.255838e+01	
49	0.000000e+00	0.000000e+00	-3.256300e+01	
50	0.000000e+00	0.000000e+00	-3.256635e+01	
51	0.000000e+00	0.000000e+00	-3.249203e+01	
52	0.000000e+00	0.000000e+00	-3.250521e+01	
53	0.000000e+00	0.000000e+00	-3.251712e+01	
54	0.000000e+00	0.000000e+00	-3.252778e+01	
55	0.000000e+00	0.000000e+00	-3.253723e+01	
56	0.000000e+00	0.000000e+00	-3.254548e+01	
57	0.000000e+00	0.000000e+00	-3.255254e+01	
58	0.000000e+00	0.000000e+00	-3.255838e+01	
59	0.000000e+00	0.000000e+00	-3.256300e+01	
60	0.000000e+00	0.000000e+00	-3.256635e+01	
61	0.000000e+00	0.000000e+00	-3.249179e+01	
62	0.000000e+00	0.000000e+00	-3.250492e+01	
63	0.000000e+00	0.000000e+00	-3.251679e+01	
64	0.000000e+00	0.000000e+00	-3.252743e+01	
65	0.000000e+00	0.000000e+00	-3.253687e+01	
66	0.000000e+00	0.000000e+00	-3.254512e+01	
67	0.000000e+00	0.000000e+00	-3.255218e+01	
68	0.000000e+00	0.000000e+00	-3.255805e+01	
69	0.000000e+00	0.000000e+00	-3.256269e+01	
70	0.000000e+00	0.000000e+00	-3.256608e+01	
71	0.000000e+00	0.000000e+00	-3.249129e+01	
72	0.000000e+00	0.000000e+00	-3.250433e+01	
73	0.000000e+00	0.000000e+00	-3.251612e+01	
74	0.000000e+00	0.000000e+00	-3.252671e+01	
75	0.000000e+00	0.000000e+00	-3.253613e+01	
76	0.000000e+00	0.000000e+00	-3.254437e+01	
77	0.000000e+00	0.000000e+00	-3.255146e+01	
78	0.000000e+00	0.000000e+00	-3.255736e+01	
79	0.000000e+00	0.000000e+00	-3.256207e+01	
80	0.000000e+00	0.000000e+00	-3.256554e+01	
81	0.000000e+00	0.000000e+00	-3.249053e+01	
82	0.000000e+00	0.000000e+00	-3.250341e+01	
83	0.000000e+00	0.000000e+00	-3.251509e+01	
84	0.000000e+00	0.000000e+00	-3.252561e+01	
85	0.000000e+00	0.000000e+00	-3.253498e+01	
86	0.000000e+00	0.000000e+00	-3.254323e+01	
87	0.000000e+00	0.000000e+00	-3.255034e+01	
88	0.000000e+00	0.000000e+00	-3.255631e+01	
89	0.000000e+00	0.000000e+00	-3.256112e+01	
90	0.000000e+00	0.000000e+00	-3.256473e+01	
91	0.000000e+00	0.000000e+00	-3.248948e+01	
92	0.000000e+00	0.000000e+00	-3.250213e+01	
93	0.000000e+00	0.000000e+00	-3.251366e+01	
94	0.000000e+00	0.000000e+00	-3.252409e+01	
95	0.000000e+00	0.000000e+00	-3.253341e+01	
96	0.000000e+00	0.000000e+00	-3.254165e+01	
97	0.000000e+00	0.000000e+00	-3.254880e+01	
98	0.000000e+00	0.000000e+00	-3.255485e+01	
99	0.000000e+00	0.000000e+00	-3.255979e+01	
100	0.000000e+00	0.000000e+00	-3.256361e+01	
101	0.000000e+00	0.000000e+00	-3.248953e+01	
102	0.000000e+00	0.000000e+00	-3.250217e+01	
103	0.000000e+00	0.000000e+00	-3.251369e+01	
104	0.000000e+00	0.000000e+00	-3.252411e+01	
105	0.000000e+00	0.000000e+00	-3.253343e+01	
106	0.000000e+00	0.000000e+00	-3.254165e+01	
107	0.000000e+00	0.000000e+00	-3.254878e+01	
108	0.000000e+00	0.000000e+00	-3.255481e+01	
109	0.000000e+00	0.000000e+00	-3.255974e+01	
110	0.000000e+00	0.000000e+00	-3.256355e+01	
111	0.000000e+00	0.000000e+00	-3.249058e+01	
112	0.000000e+00	0.000000e+00	-3.250345e+01	
113	0.000000e+00	0.000000e+00	-3.251513e+01	
114	0.000000e+00	0.000000e+00	-3.252564e+01	
115	0.000000e+00	0.000000e+00	-3.253500e+01	
116	0.000000e+00	0.000000e+00	-3.254323e+01	
117	0.000000e+00	0.000000e+00	-3.255033e+01	
118	0.000000e+00	0.000000e+00	-3.255628e+01	
119	0.000000e+00	0.000000e+00	-3.256108e+01	
120	0.000000e+00	0.000000e+00	-3.256467e+01	
121	0.000000e+00	0.000000e+00	-3.249133e+01	
122	0.000000e+00	0.000000e+00	-3.250436e+01	
123	0.000000e+00	0.000000e+00	-3.251615e+01	
124	0.000000e+00	0.000000e+00	-3.252674e+01	
125	0.000000e+00	0.000000e+00	-3.253614e+01	
126	0.000000e+00	0.000000e+00	-3.254438e+01	
127	0.000000e+00	0.000000e+00	-3.255145e+01	
128	0.000000e+00	0.000000e+00	-3.255734e+01	
129	0.000000e+00	0.000000e+00	-3.256204e+01	
130	0.000000e+00	0.000000e+00	-3.256550e+01	
131	0.000000e+00	0.000000e+00	-3.249182e+01	
132	0.000000e+00	0.000000e+00	-3.250495e+01	
133	0.000000e+00	0.000000e+00	-3.251681e+01	
134	0.000000e+00	0.000000e+00	-3.252745e+01	
135	0.000000e+00	0.000000e+00	-3.253688e+01	
136	0.000000e+00	0.000000e+00	-3.254513e+01	
137	0.000000e+00	0.000000e+00	-3.255218e+01	
138	0.000000e+00	0.000000e+00	-3.255803e+01	
139	0.000000e+00	0.000000e+00	-3.256266e+01	
140	0.000000e+00	0.000000e+00	-3.256604e+01	
141	0.000000e+00	0.000000e+00	-3.249206e+01	
142	0.000000e+00	0.000000e+00	-3.250523e+01	
143	0.000000e+00	0.000000e+00	-3.251713e+01	
144	0.000000e+00	0.000000e+00	-3.252779e+01	
145	0.000000e+00	0.000000e+00	-3.253724e+01	
146	0.000000e+00	0.000000e+00	-3.254549e+01	
147	0.000000e+00	0.000000e+00	-3.255254e+01	
148	0.000000e+00	0.000000e+00	-3.255838e+01	
149	0.000000e+00	0.000000e+00	-3.256298e+01	
150	0.000000e+00	0.000000e+00	-3.256632e+01	
151	0.000000e+00	0.000000e+00	-3.249205e+01	
152	0.000000e+00	0.000000e+00	-3.250522e+01	
153	0.000000e+00	0.000000e+00	-3.251713e+01	
154	0.000000e+00	0.000000e+00	-3.252779e+01	
155	0.000000e+00	0.000000e+00	-3.253724e+01	
156	0.000000e+00	0.000000e+00	-3.254549e+01	
157	0.000000e+00	0.000000e+00	-3.255254e+01	
158	0.000000e+00	0.000000e+00	-3.255838e+01	
159	0.000000e+00	0.000000e+00	-3.256298e+01	
160	0.000000e+00	0.000000e+00	-3.256632e+01	
161	0.000000e+00	0.000000e+00	-3.249180e+01	
162	0.000000e+00	0.000000e+00	-3.250493e+01	
163	0.000000e+00	0.000000e+00	-3.251679e+01	
164	0.000000e+00	0.000000e+00	-3.252744e+01	
165	0.000000e+00	0.000000e+00	-3.253688e+01	
166	0.000000e+00	0.000000e+00	-3.254513e+01	
167	0.000000e+00	0.000000e+00	-3.255219e+01	
168	0.000000e+00	0.000000e+00	-3.255804e+01	
169	0.000000e+00	0.000000e+00	-3.256268e+01	
170	0.000000e+00	0.000000e+00	-3.256606e+01	
171	0.000000e+00	0.000000e+00	-3.249130e+01	
172	0.000000e+00	0.000000e+00	-3.250433e+01	
173	0.000000e+00	0.000000e+00	-3.251612e+01	
174	0.000000e+00	0.000000e+00	-3.252672e+01	
175	0.000000e+00	0.000000e+00	-3.253614e+01	
176	0.000000e+00	0.000000e+00	-3.254438e+01	
177	0.000000e+00	0.000000e+00	-3.255146e+01	
178	0.000000e+00	0.000000e+00	-3.255736e+01	
179	0.000000e+00	0.000000e+00	-3.256206e+01	
180	0.000000e+00	0.000000e+00	-3.256552e+01	
181	0.000000e+00	0.000000e+00	-3.249053e+01	
182	0.000000e+00	0.000000e+00	-3.250341e+01	
183	0.000000e+00	0.000000e+00	-3.251509e+01	
184	0.000000e+00	0.000000e+00	-3.252561e+01	
185	0.000000e+00	0.000000e+00	-3.253499e+01	
186	0.000000e+00	0.000000e+00	-3.254324e+01	
187	0.000000e+00	0.000000e+00	-3.255034e+01	
188	0.000000e+00	0.000000e+00	-3.255631e+01	
189	0.000000e+00	0.000000e+00	-3.256111e+01	
190	0.000000e+00	0.000000e+00	-3.256471e+01	
191	0.000000e+00	0.000000e+00	-3.248949e+01	
192	0.000000e+00	0.000000e+00	-3.250213e+01	
193	0.000000e+00	0.000000e+00	-3.251366e+01	
194	0.000000e+00	0.000000e+00	-3.252408e+01	
195	0.000000e+00	0.000000e+00	-3.253341e+01	
196	0.000000e+00	0.000000e+00	-3.254165e+01	
197	0.000000e+00	0.000000e+00	-3.254879e+01	
198	0.000000e+00	0.000000e+00	-3.255484e+01	
199	0.000000e+00	0.000000e+00	-3.255978e+01	
200	0.000000e+00	0.000000e+00	-3.256360e+01	
201	0.000000e+00	0.000000e+00	-6.908251e+00	
202	0.000000e+00	0.000000e+00	-1.192303e+01	
203	0.000000e+00	0.000000e+00	-1.192848e+01	
204	0.000000e+00	0.000000e+00	-1.193368e+01	
205	0.000000e+00	0.000000e+00	-1.193862e+01	
206	0.000000e+00	0.000000e+00	-1.194328e+01	
207	0.000000e+00	0.000000e+00	-1.194763e+01	
208	0.000000e+00	0.000000e+00	-1.195166e+01	
209	0.000000e+00	0.000000e+00	-1.195536e+01	
210	0.000000e+00	0.000000e+00	-1.195873e+01	
211	0.000000e+00	0.000000e+00	-1.196175e+01	
212	0.000000e+00	0.000000e+00	-1.196443e+01	
213	0.000000e+00	0.000000e+00	-1.196677e+01	
214	0.000000e+00	0.000000e+00	-1.196876e+01	
215	0.000000e+00	0.000000e+00	-1.197044e+01	
216	0.000000e+00	0.000000e+00	-1.197180e+01	
217	0.000000e+00	0.000000e+00	-1.197287e+01	
218	0.000000e+00	0.000000e+00	-1.197366e+01	
219	0.000000e+00	0.000000e+00	-1.197418e+01	
220	0.000000e+00	0.000000e+00	-1.197444e+01	
221	0.000000e+00	0.000000e+00	-6.908258e+00	
222	0.000000e+00	0.000000e+00	-1.192305e+01	
223	0.000000e+00	0.000000e+00	-1.192852e+01	
224	0.000000e+00	0.000000e+00	-1.193373e+01	
225	0.000000e+00	0.000000e+00	-1.193869e+01	
226	0.000000e+00	0.000000e+00	-1.194337e+01	
227	0.000000e+00	0.000000e+00	-1.194773e+01	
228	0.000000e+00	0.000000e+00	-1.195178e+01	
229	0.000000e+00	0.000000e+00	-1.195549e+01	
230	0.000000e+00	0.000000e+00	-1.195886e+01	
231	0.000000e+00	0.000000e+00	-1.196189e+01	
232	0.000000e+00	0.000000e+00	-1.196456e+01	
233	0.000000e+00	0.000000e+00	-1.196689e+01	
234	0.000000e+00	0.000000e+00	-1.196888e+01	
235	0.000000e+00	0.000000e+00	-1.197054e+01	
236	0.000000e+00	0.000000e+00	-1.197189e+01	
237	0.000000e+00	0.000000e+00	-1.197294e+01	
238	0.000000e+00	0.000000e+00	-1.197372e+01	
239	0.000000e+00	0.000000e+00	-1.197423e+01	
240	0.000000e+00	0.000000e+00	-1.197448e+01	
241	0.000000e+00	0.000000e+00	-6.908271e+00	
242	0.000000e+00	0.000000e+00	-1.192310e+01	
243	0.000000e+00	0.000000e+00	-1.192859e+01	
244	0.000000e+00	0.000000e+00	-1.193384e+01	
245	0.000000e+00	0.000000e+00	-1.193884e+01	
246	0.000000e+00	0.000000e+00	-1.194355e+01	
247	0.000000e+00	0.000000e+00	-1.194795e+01	
248	0.000000e+00	0.000000e+00	-1.195203e+01	
249	0.000000e+00	0.000000e+00	-1.195576e+01	
250	0.000000e+00	0.000000e+00	-1.195914e+01	
251	0.000000e+00	0.000000e+00	-1.196216e+01	
252	0.000000e+00	0.000000e+00	-1.196483e+01	
253	0.000000e+00	0.000000e+00	-1.196714e+01	
254	0.000000e+00	0.000000e+00	-1.196911e+01	
255	0.000000e+00	0.000000e+00	-1.197073e+01	
256	0.000000e+00	0.000000e+00	-1.197205e+01	
257	0.000000e+00	0.000000e+00	-1.197307e+01	
258	0.000000e+00	0.000000e+00	-1.197383e+01	
259	0.000000e+00	0.000000e+00	-1.197432e+01	
260	0.000000e+00	0.000000e+00	-1.197456e+01	
261	0.000000e+00	0.000000e+00	-6.908291e+00	
262	0.000000e+00	0.000000e+00	-1.192316e+01	
263	0.000000e+00	0.000000e+00	-1.192869e+01	
264	0.000000e+00	0.000000e+00	-1.193400e+01	
265	0.000000e+00	0.000000e+00	-1.193905e+01	
266	0.000000e+00	0.000000e+00	-1.194383e+01	
267	0.000000e+00	0.000000e+00	-1.194829e+01	
268	0.000000e+00	0.000000e+00	-1.195241e+01	
269	0.000000e+00	0.000000e+00	-1.195617e+01	
270	0.000000e+00	0.000000e+00	-1.195956e+01	
271	0.000000e+00	0.000000e+00	-1.196259e+01	
272	0.000000e+00	0.000000e+00	-1.196524e+01	
273	0.000000e+00	0.000000e+00	-1.196753e+01	
274	0.000000e+00	0.000000e+00	-1.196946e+01	
275	0.000000e+00	0.000000e+00	-1.197103e+01	
276	0.000000e+00	0.000000e+00	-1.197229e+01	
277	0.000000e+00	0.000000e+00	-1.197326e+01	
278	0.000000e+00	0.000000e+00	-1.197398e+01	
279	0.000000e+00	0.000000e+00	-1.197445e+01	
280	0.000000e+00	0.000000e+00	-1.197468e+01	
281	0.000000e+00	0.000000e+00	-6.908313e+00	
282	0.000000e+00	0.000000e+00	-1.192323e+01	
283	0.000000e+00	0.000000e+00	-1.192882e+01	
284	0.000000e+00	0.000000e+00	-1.193419e+01	
285	0.000000e+00	0.000000e+00	-1.193934e+01	
286	0.000000e+00	0.000000e+00	-1.194422e+01	
287	0.000000e+00	0.000000e+00	-1.194876e+01	
288	0.000000e+00	0.000000e+00	-1.195294e+01	
289	0.000000e+00	0.000000e+00	-1.195674e+01	
290	0.000000e+00	0.000000e+00	-1.196015e+01	
291	0.000000e+00	0.000000e+00	-1.196317e+01	
292	0.000000e+00	0.000000e+00	-1.196581e+01	
293	0.000000e+00	0.000000e+00	-1.196807e+01	
294	0.000000e+00	0.000000e+00	-1.196994e+01	
295	0.000000e+00	0.000000e+00	-1.197144e+01	
296	0.000000e+00	0.000000e+00	-1.197261e+01	
297	0.000000e+00	0.000000e+00	-1.197350e+01	
298	0.000000e+00	0.000000e+00	-1.197416e+01	
299	0.000000e+00	0.000000e+00	-1.197460e+01	
300	0.000000e+00	0.000000e+00	-1.197482e+01	
301	0.000000e+00	0.000000e+00	-6.908337e+00	
302	0.000000e+00	0.000000e+00	-1.192330e+01	
303	0.000000e+00	0.000000e+00	-1.192895e+01	
304	0.000000e+00	0.000000e+00	-1.193439e+01	
305	0.000000e+00	0.000000e+00	-1.193965e+01	
306	0.000000e+00	0.000000e+00	-1.197296e+01	
307	0.000000e+00	0.000000e+00	-1.197375e+01	
308	0.000000e+00	0.000000e+00	-1.197436e+01	
309	0.000000e+00	0.000000e+00	-1.197476e+01	
310	0.000000e+00	0.000000e+00	-1.197497e+01	
311	0.000000e+00	0.000000e+00	-6.908359e+00	
312	0.000000e+00	0.000000e+00	-1.192337e+01	
313	0.000000e+00	0.000000e+00	-1.192907e+01	
314	0.000000e+00	0.000000e+00	-1.193459e+01	
315	0.000000e+00	0.000000e+00	-1.193993e+01	
316	0.000000e+00	0.000000e+00	-1.197327e+01	
317	0.000000e+00	0.000000e+00	-1.197399e+01	
318	0.000000e+00	0.000000e+00	-1.197454e+01	
319	0.000000e+00	0.000000e+00	-1.197491e+01	
320	0.000000e+00	0.000000e+00	-1.197510e+01	
321	0.000000e+00	0.000000e+00	-6.908378e+00	
322	0.000000e+00	0.000000e+00	-1.192343e+01	
323	0.000000e+00	0.000000e+00	-1.192917e+01	
324	0.000000e+00	0.000000e+00	-1.193474e+01	
325	0.000000e+00	0.000000e+00	-1.194015e+01	
326	0.000000e+00	0.000000e+00	-1.197352e+01	
327	0.000000e+00	0.000000e+00	-1.197418e+01	
328	0.000000e+00	0.000000e+00	-1.197469e+01	
329	0.000000e+00	0.000000e+00	-1.197504e+01	
330	0.000000e+00	0.000000e+00	-1.197522e+01	
331	0.000000e+00	0.000000e+00	-6.908391e+00	
332	0.000000e+00	0.000000e+00	-1.192347e+01	
333	0.000000e+00	0.000000e+00	-1.192925e+01	
334	0.000000e+00	0.000000e+00	-1.193485e+01	
335	0.000000e+00	0.000000e+00	-1.194029e+01	
336	0.000000e+00	0.000000e+00	-1.197368e+01	
337	0.000000e+00	0.000000e+00	-1.197432e+01	
338	0.000000e+00	0.000000e+00	-1.197481e+01	
339	0.000000e+00	0.000000e+00	-1.197514e+01	
340	0.000000e+00	0.000000e+00	-1.197530e+01	
341	0.000000e+00	0.000000e+00	-6.908398e+00	
342	0.000000e+00	0.000000e+00	-1.192349e+01	
343	0.000000e+00	0.000000e+00	-1.192928e+01	
344	0.000000e+00	0.000000e+00	-1.193490e+01	
345	0.000000e+00	0.000000e+00	-1.194037e+01	
346	0.000000e+00	0.000000e+00	-1.197376e+01	
347	0.000000e+00	0.000000e+00	-1.197439e+01	
348	0.000000e+00	0.000000e+00	-1.197486e+01	
349	0.000000e+00	0.000000e+00	-1.197519e+01	
350	0.000000e+00	0.000000e+00	-1.197535e+01	
351	0.000000e+00	0.000000e+00	-6.908397e+00	
352	0.000000e+00	0.000000e+00	-1.192349e+01	
353	0.000000e+00	0.000000e+00	-1.192928e+01	
354	0.000000e+00	0.000000e+00	-1.193490e+01	
355	0.000000e+00	0.000000e+00	-1.194037e+01	
356	0.000000e+00	0.000000e+00	-1.197376e+01	
357	0.000000e+00	0.000000e+00	-1.197439e+01	
358	0.000000e+00	0.000000e+00	-1.197486e+01	
359	0.000000e+00	0.000000e+00	-1.197519e+01	
360	0.000000e+00	0.000000e+00	-1.197535e+01	
361	0.000000e+00	0.000000e+00	-6.908389e+00	
362	0.000000e+00	0.000000e+00	-1.192346e+01	
363	0.000000e+00	0.000000e+00	-1.192924e+01	
364	0.000000e+00	0.000000e+00	-1.193485e+01	
365	0.000000e+00	0.000000e+00	-1.194029e+01	
366	0.000000e+00	0.000000e+00	-1.197368e+01	
367	0.000000e+00	0.000000e+00	-1.197432e+01	
368	0.000000e+00	0.000000e+00	-1.197481e+01	
369	0.000000e+00	0.000000e+00	-1.197514e+01	
370	0.000000e+00	0.000000e+00	-1.197531e+01	
371	0.000000e+00	0.000000e+00	-6.908375e+00	
372	0.000000e+00	0.000000e+00	-1.192342e+01	
373	0.000000e+00	0.000000e+00	-1.192917e+01	
374	0.000000e+00	0.000000e+00	-1.193474e+01	
375	0.000000e+00	0.000000e+00	-1.194015e+01	
376	0.000000e+00	0.000000e+00	-1.197352e+01	
377	0.000000e+00	0.000000e+00	-1.197418e+01	
378	0.000000e+00	0.000000e+00	-1.197470e+01	
379	0.000000e+00	0.000000e+00	-1.197505e+01	
380	0.000000e+00	0.000000e+00	-1.197522e+01	
381	0.000000e+00	0.000000e+00	-6.908357e+00	
382	0.000000e+00	0.000000e+00	-1.192336e+01	
383	0.000000e+00	0.000000e+00	-1.192907e+01	
384	0.000000e+00	0.000000e+00	-1.193459e+01	
385	0.000000e+00	0.000000e+00	-1.193993e+01	
386	0.000000e+00	0.000000e+00	-1.197327e+01	
387	0.000000e+00	0.000000e+00	-1.197399e+01	
388	0.000000e+00	0.000000e+00	-1.197454e+01	
389	0.000000e+00	0.000000e+00	-1.197492e+01	
390	0.000000e+00	0.000000e+00	-1.197511e+01	
391	0.000000e+00	0.000000e+00	-6.908335e+00	
392	0.000000e+00	0.000000e+00	-1.192330e+01	
393	0.000000e+00	0.000000e+00	-1.192895e+01	
394	0.000000e+00	0.000000e+00	-1.193440e+01	
395	0.000000e+00	0.000000e+00	-1.193965e+01	
396	0.000000e+00	0.000000e+00	-1.197296e+01	
397	0.000000e+00	0.000000e+00	-1.197376e+01	
398	0.000000e+00	0.000000e+00	-1.197436e+01	
399	0.000000e+00	0.000000e+00	-1.197476e+01	
400	0.000000e+00	0.000000e+00	-1.197497e+01	
401	0.000000e+00	0.000000e+00	-6.908312e+00	
402	0.000000e+00	0.000000e+00	-1.192322e+01	
403	0.000000e+00	0.000000e+00	-1.192882e+01	
404	0.000000e+00	0.000000e+00	-1.193420e+01	
405	0.000000e+00	0.000000e+00	-1.193934e+01	
406	0.000000e+00	0.000000e+00	-1.194422e+01	
407	0.000000e+00	0.000000e+00	-1.194877e+01	
408	0.000000e+00	0.000000e+00	-1.195295e+01	
409	0.000000e+00	0.000000e+00	-1.195674e+01	
410	0.000000e+00	0.000000e+00	-1.196015e+01	
411	0.000000e+00	0.000000e+00	-1.196318e+01	
412	0.000000e+00	0.000000e+00	-1.196582e+01	
413	0.000000e+00	0.000000e+00	-1.196807e+01	
414	0.000000e+00	0.000000e+00	-1.196995e+01	
415	0.000000e+00	0.000000e+00	-1.197145e+01	
416	0.000000e+00	0.000000e+00	-1.197261e+01	
417	0.000000e+00	0.000000e+00	-1.197350e+01	
418	0.000000e+00	0.000000e+00	-1.197416e+01	
419	0.000000e+00	0.000000e+00	-1.197460e+01	
420	0.000000e+00	0.000000e+00	-1.197482e+01	
421	0.000000e+00	0.000000e+00	-6.908290e+00	
422	0.000000e+00	0.000000e+00	-1.192316e+01	
423	0.000000e+00	0.000000e+00	-1.192870e+01	
424	0.000000e+00	0.000000e+00	-1.193401e+01	
425	0.000000e+00	0.000000e+00	-1.193906e+01	
426	0.000000e+00	0.000000e+00	-1.194384e+01	
427	0.000000e+00	0.000000e+00	-1.194830e+01	
428	0.000000e+00	0.000000e+00	-1.195242e+01	
429	0.000000e+00	0.000000e+00	-1.195618e+01	
430	0.000000e+00	0.000000e+00	-1.195958e+01	
431	0.000000e+00	0.000000e+00	-1.196260e+01	
432	0.000000e+00	0.000000e+00	-1.196525e+01	
433	0.000000e+00	0.000000e+00	-1.196754e+01	
434	0.000000e+00	0.000000e+00	-1.196946e+01	
435	0.000000e+00	0.000000e+00	-1.197104e+01	
436	0.000000e+00	0.000000e+00	-1.197230e+01	
437	0.000000e+00	0.000000e+00	-1.197327e+01	
438	0.000000e+00	0.000000e+00	-1.197398e+01	
439	0.000000e+00	0.000000e+00	-1.197445e+01	
440	0.000000e+00	0.000000e+00	-1.197469e+01	
441	0.000000e+00	0.000000e+00	-6.908272e+00	
442	0.000000e+00	0.000000e+00	-1.192310e+01	
443	0.000000e+00	0.000000e+00	-1.192860e+01	
444	0.000000e+00	0.000000e+00	-1.193385e+01	
445	0.000000e+00	0.000000e+00	-1.193885e+01	
446	0.000000e+00	0.000000e+00	-1.194356e+01	
447	0.000000e+00	0.000000e+00	-1.194797e+01	
448	0.000000e+00	0.000000e+00	-1.195204e+01	
449	0.000000e+00	0.000000e+00	-1.195578e+01	
450	0.000000e+00	0.000000e+00	-1.195916e+01	
451	0.000000e+00	0.000000e+00	-1.196218e+01	
452	0.000000e+00	0.000000e+00	-1.196484e+01	
453	0.000000e+00	0.000000e+00	-1.196715e+01	
454	0.000000e+00	0.000000e+00	-1.196911e+01	
455	0.000000e+00	0.000000e+00	-1.197074e+01	
456	0.000000e+00	0.000000e+00	-1.197205e+01	
457	0.000000e+00	0.000000e+00	-1.197308e+01	
458	0.000000e+00	0.000000e+00	-1.197383e+01	
459	0.000000e+00	0.000000e+00	-1.197432e+01	
460	0.000000e+00	0.000000e+00	-1.197457e+01	
461	0.000000e+00	0.000000e+00	-6.908258e+00	
462	0.000000e+00	0.000000e+00	-1.192306e+01	
463	0.000000e+00	0.000000e+00	-1.192853e+01	
464	0.000000e+00	0.000000e+00	-1.193375e+01	
465	0.000000e+00	0.000000e+00	-1.193870e+01	
466	0.000000e+00	0.000000e+00	-1.194338e+01	
467	0.000000e+00	0.000000e+00	-1.194775e+01	
468	0.000000e+00	0.000000e+00	-1.195180e+01	
469	0.000000e+00	0.000000e+00	-1.195551e+01	
470	0.000000e+00	0.000000e+00	-1.195888e+01	
471	0.000000e+00	0.000000e+00	-1.196190e+01	
472	0.000000e+00	0.000000e+00	-1.196457e+01	
473	0.000000e+00	0.000000e+00	-1.196689e+01	
474	0.000000e+00	0.000000e+00	-1.196888e+01	
475	0.000000e+00	0.000000e+00	-1.197054e+01	
476	0.000000e+00	0.000000e+00	-1.197189e+01	
477	0.000000e+00	0.000000e+00	-1.197294e+01	
478	0.000000e+00	0.000000e+00	-1.197372e+01	
479	0.000000e+00	0.000000e+00	-1.197423e+01	
480	0.000000e+00	0.000000e+00	-1.197449e+01	
481	0.000000e+00	0.000000e+00	-6.908252e+00	
482	0.000000e+00	0.000000e+00	-1.192304e+01	
483	0.000000e+00	0.000000e+00	-1.192849e+01	
484	0.000000e+00	0.000000e+00	-1.193369e+01	
485	0.000000e+00	0.000000e+00	-1.193863e+01	
486	0.000000e+00	0.000000e+00	-1.194329e+01	
487	0.000000e+00	0.000000e+00	-1.194764e+01	
488	0.000000e+00	0.000000e+00	-1.195168e+01	
489	0.000000e+00	0.000000e+00	-1.195538e+01	
490	0.000000e+00	0.000000e+00	-1.195875e+01	
491	0.000000e+00	0.000000e+00	-1.196177e+01	
492	0.000000e+00	0.000000e+00	-1.196444e+01	
493	0.000000e+00	0.000000e+00	-1.196677e+01	
494	0.000000e+00	0.000000e+00	-1.196876e+01	
495	0.000000e+00	0.000000e+00	-1.197044e+01	
496	0.000000e+00	0.000000e+00	-1.197180e+01	
497	0.000000e+00	0.000000e+00	-1.197287e+01	
498	0.000000e+00	0.000000e+00	-1.197366e+01	
499	0.000000e+00	0.000000e+00	-1.197419e+01	
500	0.000000e+00	0.000000e+00	-1.197444e+01	
501	0.000000e+00	0.000000e+00	-6.908256e+00	
502	0.000000e+00	0.000000e+00	-1.192305e+01	
503	0.000000e+00	0.000000e+00	-1.192850e+01	
504	0.000000e+00	0.000000e+00	-1.193370e+01	
505	0.000000e+00	0.000000e+00	-1.193864e+01	
506	0.000000e+00	0.000000e+00	-1.194330e+01	
507	0.000000e+00	0.000000e+00	-1.194765e+01	
508	0.000000e+00	0.000000e+00	-1.195168e+01	
509	0.000000e+00	0.000000e+00	-1.195537e+01	
510	0.000000e+00	0.000000e+00	-1.195873e+01	
511	0.000000e+00	0.000000e+00	-1.196175e+01	
512	0.000000e+00	0.000000e+00	-1.196442e+01	
513	0.000000e+00	0.000000e+00	-1.196675e+01	
514	0.000000e+00	0.000000e+00	-1.196875e+01	
515	0.000000e+00	0.000000e+00	-1.197042e+01	
516	0.000000e+00	0.000000e+00	-1.197179e+01	
517	0.000000e+00	0.000000e+00	-1.197286e+01	
518	0.000000e+00	0.000000e+00	-1.197365e+01	
519	0.000000e+00	0.000000e+00	-1.197417e+01	
520	0.000000e+00	0.000000e+00	-1.197443e+01	
521	0.000000e+00	0.000000e+00	-6.908263e+00	
522	0.000000e+00	0.000000e+00	-1.192307e+01	
523	0.000000e+00	0.000000e+00	-1.192854e+01	
524	0.000000e+00	0.000000e+00	-1.193376e+01	
525	0.000000e+00	0.000000e+00	-1.193872e+01	
526	0.000000e+00	0.000000e+00	-1.194339e+01	
527	0.000000e+00	0.000000e+00	-1.194776e+01	
528	0.000000e+00	0.000000e+00	-1.195180e+01	
529	0.000000e+00	0.000000e+00	-1.195551e+01	
530	0.000000e+00	0.000000e+00	-1.195887e+01	
531	0.000000e+00	0.000000e+00	-1.196189e+01	
532	0.000000e+00	0.000000e+00	-1.196455e+01	
533	0.000000e+00	0.000000e+00	-1.196687e+01	
534	0.000000e+00	0.000000e+00	-1.196886e+01	
535	0.000000e+00	0.000000e+00	-1.197052e+01	
536	0.000000e+00	0.000000e+00	-1.197187e+01	
537	0.000000e+00	0.000000e+00	-1.197293e+01	
538	0.000000e+00	0.000000e+00	-1.197371e+01	
539	0.000000e+00	0.000000e+00	-1.197422e+01	
540	0.000000e+00	0.000000e+00	-1.197448e+01	
541	0.000000e+00	0.000000e+00	-6.908276e+00	
542	0.000000e+00	0.000000e+00	-1.192311e+01	
543	0.000000e+00	0.000000e+00	-1.192861e+01	
544	0.000000e+00	0.000000e+00	-1.193387e+01	
545	0.000000e+00	0.000000e+00	-1.193886e+01	
546	0.000000e+00	0.000000e+00	-1.194357e+01	
547	0.000000e+00	0.000000e+00	-1.194797e+01	
548	0.000000e+00	0.000000e+00	-1.195205e+01	
549	0.000000e+00	0.000000e+00	-1.195577e+01	
550	0.000000e+00	0.000000e+00	-1.195915e+01	
551	0.000000e+00	0.000000e+00	-1.196216e+01	
552	0.000000e+00	0.000000e+00	-1.196482e+01	
553	0.000000e+00	0.000000e+00	-1.196713e+01	
554	0.000000e+00	0.000000e+00	-1.196909e+01	
555	0.000000e+00	0.000000e+00	-1.197072e+01	
556	0.000000e+00	0.000000e+00	-1.197203e+01	
557	0.000000e+00	0.000000e+00	-1.197306e+01	
558	0.000000e+00	0.000000e+00	-1.197382e+01	
559	0.000000e+00	0.000000e+00	-1.197431e+01	
560	0.000000e+00	0.000000e+00	-1.197456e+01	
561	0.000000e+00	0.000000e+00	-6.908295e+00	
562	0.000000e+00	0.000000e+00	-1.192317e+01	
563	0.000000e+00	0.000000e+00	-1.192871e+01	
564	0.000000e+00	0.000000e+00	-1.193402e+01	
565	0.000000e+00	0.000000e+00	-1.193908e+01	
566	0.000000e+00	0.000000e+00	-1.194385e+01	
567	0.000000e+00	0.000000e+00	-1.194831e+01	
568	0.000000e+00	0.000000e+00	-1.195243e+01	
569	0.000000e+00	0.000000e+00	-1.195618e+01	
570	0.000000e+00	0.000000e+00	-1.195957e+01	
571	0.000000e+00	0.000000e+00	-1.196259e+01	
572	0.000000e+00	0.000000e+00	-1.196524e+01	
573	0.000000e+00	0.000000e+00	-1.196752e+01	
574	0.000000e+00	0.000000e+00	-1.196944e+01	
575	0.000000e+00	0.000000e+00	-1.197101e+01	
576	0.000000e+00	0.000000e+00	-1.197227e+01	
577	0.000000e+00	0.000000e+00	-1.197325e+01	
578	0.000000e+00	0.000000e+00	-1.197397e+01	
579	0.000000e+00	0.000000e+00	-1.197444e+01	
580	0.000000e+00	0.000000e+00	-1.197468e+01	
581	0.000000e+00	0.000000e+00	-6.908316e+00	
582	0.000000e+00	0.000000e+00	-1.192324e+01	
583	0.000000e+00	0.000000e+00	-1.192883e+01	
584	0.000000e+00	0.000000e+00	-1.193421e+01	
585	0.000000e+00	0.000000e+00	-1.193936e+01	
586	0.000000e+00	0.000000e+00	-1.194424e+01	
587	0.000000e+00	0.000000e+00	-1.194878e+01	
588	0.000000e+00	0.000000e+00	-1.195296e+01	
589	0.000000e+00	0.000000e+00	-1.195675e+01	
590	0.000000e+00	0.000000e+00	-1.196016e+01	
591	0.000000e+00	0.000000e+00	-1.196317e+01	
592	0.000000e+00	0.000000e+00	-1.196581e+01	
593	0.000000e+00	0.000000e+00	-1.196806e+01	
594	0.000000e+00	0.000000e+00	-1.196993e+01	
595	0.000000e+00	0.000000e+00	-1.197142e+01	
596	0.000000e+00	0.000000e+00	-1.197259e+01	
597	0.000000e+00	0.000000e+00	-1.197349e+01	
598	0.000000e+00	0.000000e+00	-1.197415e+01	
599	0.000000e+00	0.000000e+00	-1.197460e+01	
600	0.000000e+00	0.000000e+00	-1.197482e+01	
601	0.000000e+00	0.000000e+00	-6.908339e+00	
602	0.000000e+00	0.000000e+00	-1.192331e+01	
603	0.000000e+00	0.000000e+00	-1.192896e+01	
604	0.000000e+00	0.000000e+00	-1.193441e+01	
605	0.000000e+00	0.000000e+00	-1.193967e+01	
606	0.000000e+00	0.000000e+00	-1.197294e+01	
607	0.000000e+00	0.000000e+00	-1.197374e+01	
608	0.000000e+00	0.000000e+00	-1.197435e+01	
609	0.000000e+00	0.000000e+00	-1.197476e+01	
610	0.000000e+00	0.000000e+00	-1.197496e+01	
611	0.000000e+00	0.000000e+00	-6.908361e+00	
612	0.000000e+00	0.000000e+00	-1.192337e+01	
613	0.000000e+00	0.000000e+00	-1.192908e+01	
614	0.000000e+00	0.000000e+00	-1.193460e+01	
615	0.000000e+00	0.000000e+00	-1.193995e+01	
616	0.000000e+00	0.000000e+00	-1.197325e+01	
617	0.000000e+00	0.000000e+00	-1.197398e+01	
618	0.000000e+00	0.000000e+00	-1.197453e+01	
619	0.000000e+00	0.000000e+00	-1.197491e+01	
620	0.000000e+00	0.000000e+00	-1.197510e+01	
621	0.000000e+00	0.000000e+00	-6.908378e+00	
622	0.000000e+00	0.000000e+00	-1.192343e+01	
623	0.000000e+00	0.000000e+00	-1.192918e+01	
624	0.000000e+00	0.000000e+00	-1.193475e+01	
625	0.000000e+00	0.000000e+00	-1.194016e+01	
626	0.000000e+00	0.000000e+00	-1.197350e+01	
627	0.000000e+00	0.000000e+00	-1.197417e+01	
628	0.000000e+00	0.000000e+00	-1.197469e+01	
629	0.000000e+00	0.000000e+00	-1.197504e+01	
630	0.000000e+00	0.000000e+00	-1.197522e+01	
631	0.000000e+00	0.000000e+00	-6.908391e+00	
632	0.000000e+00	0.000000e+00	-1.192347e+01	
633	0.000000e+00	0.000000e+00	-1.192925e+01	
634	0.000000e+00	0.000000e+00	-1.193486e+01	
635	0.000000e+00	0.000000e+00	-1.194030e+01	
636	0.000000e+00	0.000000e+00	-1.197367e+01	
637	0.000000e+00	0.000000e+00	-1.197430e+01	
638	0.000000e+00	0.000000e+00	-1.197480e+01	
639	0.000000e+00	0.000000e+00	-1.197513e+01	
640	0.000000e+00	0.000000e+00	-1.197530e+01	
641	0.000000e+00	0.000000e+00	-6.908397e+00	
642	0.000000e+00	0.000000e+00	-1.192349e+01	
643	0.000000e+00	0.000000e+00	-1.192928e+01	
644	0.000000e+00	0.000000e+00	-1.193491e+01	
645	0.000000e+00	0.000000e+00	-1.194037e+01	
646	0.000000e+00	0.000000e+00	-1.197375e+01	
647	0.000000e+00	0.000000e+00	-1.197437e+01	
648	0.000000e+00	0.000000e+00	-1.197486e+01	
649	0.000000e+00	0.000000e+00	-1.197518e+01	
650	0.000000e+00	0.000000e+00	-1.197535e+01	
651	0.000000e+00	0.000000e+00	-6.908397e+00	
652	0.000000e+00	0.000000e+00	-1.192349e+01	
653	0.000000e+00	0.000000e+00	-1.192928e+01	
654	0.000000e+00	0.000000e+00	-1.193491e+01	
655	0.000000e+00	0.000000e+00	-1.194037e+01	
656	0.000000e+00	0.000000e+00	-1.197375e+01	
657	0.000000e+00	0.000000e+00	-1.197438e+01	
658	0.000000e+00	0.000000e+00	-1.197486e+01	
659	0.000000e+00	0.000000e+00	-1.197518e+01	
660	0.000000e+00	0.000000e+00	-1.197535e+01	
661	0.000000e+00	0.000000e+00	-6.908389e+00	
662	0.000000e+00	0.000000e+00	-1.192346e+01	
663	0.000000e+00	0.000000e+00	-1.192925e+01	
664	0.000000e+00	0.000000e+00	-1.193485e+01	
665	0.000000e+00	0.000000e+00	-1.194030e+01	
666	0.000000e+00	0.000000e+00	-1.197367e+01	
667	0.000000e+00	0.000000e+00	-1.197431e+01	
668	0.000000e+00	0.000000e+00	-1.197480e+01	
669	0.000000e+00	0.000000e+00	-1.197514e+01	
670	0.000000e+00	0.000000e+00	-1.197531e+01	
671	0.000000e+00	0.000000e+00	-6.908376e+00	
672	0.000000e+00	0.000000e+00	-1.192342e+01	
673	0.000000e+00	0.000000e+00	-1.192917e+01	
674	0.000000e+00	0.000000e+00	-1.193474e+01	
675	0.000000e+00	0.000000e+00	-1.194015e+01	
676	0.000000e+00	0.000000e+00	-1.197351e+01	
677	0.000000e+00	0.000000e+00	-1.197418e+01	
678	0.000000e+00	0.000000e+00	-1.197469e+01	
679	0.000000e+00	0.000000e+00	-1.197505e+01	
680	0.000000e+00	0.000000e+00	-1.197522e+01	
681	0.000000e+00	0.000000e+00	-6.908358e+00	
682	0.000000e+00	0.000000e+00	-1.192337e+01	
683	0.000000e+00	0.000000e+00	-1.192907e+01	
684	0.000000e+00	0.000000e+00	-1.193459e+01	
685	0.000000e+00	0.000000e+00	-1.193994e+01	
686	0.000000e+00	0.000000e+00	-1.197327e+01	
687	0.000000e+00	0.000000e+00	-1.197399e+01	
688	0.000000e+00	0.000000e+00	-1.197454e+01	
689	0.000000e+00	0.000000e+00	-1.197492e+01	
690	0.000000e+00	0.000000e+00	-1.197511e+01	
691	0.000000e+00	0.000000e+00	-6.908337e+00	
692	0.000000e+00	0.000000e+00	-1.192330e+01	
693	0.000000e+00	0.000000e+00	-1.192895e+01	
694	0.000000e+00	0.000000e+00	-1.193440e+01	
695	0.000000e+00	0.000000e+00	-1.193966e+01	
696	0.000000e+00	0.000000e+00	-1.197296e+01	
697	0.000000e+00	0.000000e+00	-1.197376e+01	
698	0.000000e+00	0.000000e+00	-1.197436e+01	
699	0.000000e+00	0.000000e+00	-1.197477e+01	
700	0.000000e+00	0.000000e+00	-1.197497e+01	
701	0.000000e+00	0.000000e+00	-6.908314e+00	
702	0.000000e+00	0.000000e+00	-1.192323e+01	
703	0.000000e+00	0.000000e+00	-1.192882e+01	
704	0.000000e+00	0.000000e+00	-1.193420e+01	
705	0.000000e+00	0.000000e+00	-1.193935e+01	
706	0.000000e+00	0.000000e+00	-1.194422e+01	
707	0.000000e+00	0.000000e+00	-1.194877e+01	
708	0.000000e+00	0.000000e+00	-1.195295e+01	
709	0.000000e+00	0.000000e+00	-1.195674e+01	
710	0.000000e+00	0.000000e+00	-1.196015e+01	
711	0.000000e+00	0.000000e+00	-1.196318e+01	
712	0.000000e+00	0.000000e+00	-1.196582e+01	
713	0.000000e+00	0.000000e+00	-1.196807e+01	
714	0.000000e+00	0.000000e+00	-1.196994e+01	
715	0.000000e+00	0.000000e+00	-1.197144e+01	
716	0.000000e+00	0.000000e+00	-1.197261e+01	
717	0.000000e+00	0.000000e+00	-1.197351e+01	
718	0.000000e+00	0.000000e+00	-1.197417e+01	
719	0.000000e+00	0.000000e+00	-1.197461e+01	
720	0.000000e+00	0.000000e+00	-1.197483e+01	
721	0.000000e+00	0.000000e+00	-6.908292e+00	
722	0.000000e+00	0.000000e+00	-1.192316e+01	
723	0.000000e+00	0.000000e+00	-1.192870e+01	
724	0.000000e+00	0.000000e+00	-1.193401e+01	
725	0.000000e+00	0.000000e+00	-1.193907e+01	
726	0.000000e+00	0.000000e+00	-1.194384e+01	
727	0.000000e+00	0.000000e+00	-1.194830e+01	
728	0.000000e+00	0.000000e+00	-1.195242e+01	
729	0.000000e+00	0.000000e+00	-1.195618e+01	
730	0.000000e+00	0.000000e+00	-1.195957e+01	
731	0.000000e+00	0.000000e+00	-1.196259e+01	
732	0.000000e+00	0.000000e+00	-1.196525e+01	
733	0.000000e+00	0.000000e+00	-1.196753e+01	
734	0.000000e+00	0.000000e+00	-1.196945e+01	
735	0.000000e+00	0.000000e+00	-1.197103e+01	
736	0.000000e+00	0.000000e+00	-1.197230e+01	
737	0.000000e+00	0.000000e+00	-1.197327e+01	
738	0.000000e+00	0.000000e+00	-1.197399e+01	
739	0.000000e+00	0.000000e+00	-1.197446e+01	
740	0.000000e+00	0.000000e+00	-1.197469e+01	
741	0.000000e+00	0.000000e+00	-6.908273e+00	
742	0.000000e+00	0.000000e+00	-1.192310e+01	
743	0.000000e+00	0.000000e+00	-1.192860e+01	
744	0.000000e+00	0.000000e+00	-1.193386e+01	
745	0.000000e+00	0.000000e+00	-1.193885e+01	
746	0.000000e+00	0.000000e+00	-1.194356e+01	
747	0.000000e+00	0.000000e+00	-1.194797e+01	
748	0.000000e+00	0.000000e+00	-1.195204e+01	
749	0.000000e+00	0.000000e+00	-1.195577e+01	
750	0.000000e+00	0.000000e+00	-1.195915e+01	
751	0.000000e+00	0.000000e+00	-1.196217e+01	
752	0.000000e+00	0.000000e+00	-1.196483e+01	
753	0.000000e+00	0.000000e+00	-1.196714e+01	
754	0.000000e+00	0.000000e+00	-1.196910e+01	
755	0.000000e+00	0.000000e+00	-1.197073e+01	
756	0.000000e+00	0.000000e+00	-1.197205e+01	
757	0.000000e+00	0.000000e+00	-1.197308e+01	
758	0.000000e+00	0.000000e+00	-1.197384e+01	
759	0.000000e+00	0.000000e+00	-1.197433e+01	
760	0.000000e+00	0.000000e+00	-1.197457e+01	
761	0.000000e+00	0.000000e+00	-6.908260e+00	
762	0.000000e+00	0.000000e+00	-1.192306e+01	
763	0.000000e+00	0.000000e+00	-1.192853e+01	
764	0.000000e+00	0.000000e+00	-1.193375e+01	
765	0.000000e+00	0.000000e+00	-1.193871e+01	
766	0.000000e+00	0.000000e+00	-1.194338e+01	
767	0.000000e+00	0.000000e+00	-1.194775e+01	
768	0.000000e+00	0.000000e+00	-1.195180e+01	
769	0.000000e+00	0.000000e+00	-1.195551e+01	
770	0.000000e+00	0.000000e+00	-1.195888e+01	
771	0.000000e+00	0.000000e+00	-1.196189e+01	
772	0.000000e+00	0.000000e+00	-1.196456e+01	
773	0.000000e+00	0.000000e+00	-1.196688e+01	
774	0.000000e+00	0.000000e+00	-1.196887e+01	
775	0.000000e+00	0.000000e+00	-1.197053e+01	
776	0.000000e+00	0.000000e+00	-1.197189e+01	
777	0.000000e+00	0.000000e+00	-1.197295e+01	
778	0.000000e+00	0.000000e+00	-1.197373e+01	
779	0.000000e+00	0.000000e+00	-1.197424e+01	
780	0.000000e+00	0.000000e+00	-1.197449e+01	
781	0.000000e+00	0.000000e+00	-6.908253e+00	
782	0.000000e+00	0.000000e+00	-1.192304e+01	
783	0.000000e+00	0.000000e+00	-1.192849e+01	
784	0.000000e+00	0.000000e+00	-1.193370e+01	
785	0.000000e+00	0.000000e+00	-1.193864e+01	
786	0.000000e+00	0.000000e+00	-1.194330e+01	
787	0.000000e+00	0.000000e+00	-1.194765e+01	
788	0.000000e+00	0.000000e+00	-1.195168e+01	
789	0.000000e+00	0.000000e+00	-1.195538e+01	
790	0.000000e+00	0.000000e+00	-1.195874e+01	
791	0.000000e+00	0.000000e+00	-1.196176e+01	
792	0.000000e+00	0.000000e+00	-1.196443e+01	
793	0.000000e+00	0.000000e+00	-1.196676e+01	
794	0.000000e+00	0.000000e+00	-1.196876e+01	
795	0.000000e+00	0.000000e+00	-1.197044e+01	
796	0.000000e+00	0.000000e+00	-1.197180e+01	
797	0.000000e+00	0.000000e+00	-1.197288e+01	
798	0.000000e+00	0.000000e+00	-1.197367e+01	
799	0.000000e+00	0.000000e+00	-1.197419e+01	
800	0.000000e+00	0.000000e+00	-1.197445e+01	
