fluxJ
3
800
1	0.000000e+00	0.000000e+00	-2.991301e+01	
2	0.000000e+00	0.000000e+00	-2.992289e+01	
3	0.000000e+00	0.000000e+00	-2.993189e+01	
4	0.000000e+00	0.000000e+00	-2.994004e+01	
5	0.000000e+00	0.000000e+00	-2.994732e+01	
6	0.000000e+00	0.000000e+00	-2.995375e+01	
7	0.000000e+00	0.000000e+00	-2.995932e+01	
8	0.000000e+00	0.000000e+00	-2.996405e+01	
9	0.000000e+00	0.000000e+00	-2.996792e+01	
10	0.000000e+00	0.000000e+00	-2.997090e+01	
11	0.000000e+00	0.000000e+00	-2.991384e+01	
12	0.000000e+00	0.000000e+00	-2.992389e+01	
13	0.000000e+00	0.000000e+00	-2.993302e+01	
14	0.000000e+00	0.000000e+00	-2.994123e+01	
15	0.000000e+00	0.000000e+00	-2.994855e+01	
16	0.000000e+00	0.000000e+00	-2.995498e+01	
17	0.000000e+00	0.000000e+00	-2.996053e+01	
18	0.000000e+00	0.000000e+00	-2.996520e+01	
19	0.000000e+00	0.000000e+00	-2.996896e+01	
20	0.000000e+00	0.000000e+00	-2.997177e+01	
21	0.000000e+00	0.000000e+00	-2.991443e+01	
22	0.000000e+00	0.000000e+00	-2.992461e+01	
23	0.000000e+00	0.000000e+00	-2.993382e+01	
24	0.000000e+00	0.000000e+00	-2.994209e+01	
25	0.000000e+00	0.000000e+00	-2.994944e+01	
26	0.000000e+00	0.000000e+00	-2.995588e+01	
27	0.000000e+00	0.000000e+00	-2.996141e+01	
28	0.000000e+00	0.000000e+00	-2.996602e+01	
29	0.000000e+00	0.000000e+00	-2.996970e+01	
30	0.000000e+00	0.000000e+00	-2.997241e+01	
31	0.000000e+00	0.000000e+00	-2.991482e+01	
32	0.000000e+00	0.000000e+00	-2.992507e+01	
33	0.000000e+00	0.000000e+00	-2.993434e+01	
34	0.000000e+00	0.000000e+00	-2.994265e+01	
35	0.000000e+00	0.000000e+00	-2.995002e+01	
36	0.000000e+00	0.000000e+00	-2.995646e+01	
37	0.000000e+00	0.000000e+00	-2.996198e+01	
38	0.000000e+00	0.000000e+00	-2.996656e+01	
39	0.000000e+00	0.000000e+00	-2.997019e+01	
40	0.000000e+00	0.000000e+00	-2.997283e+01	
41	0.000000e+00	0.000000e+00	-2.991501e+01	
42	0.000000e+00	0.000000e+00	-2.992530e+01	
43	0.000000e+00	0.000000e+00	-2.993460e+01	
44	0.000000e+00	0.000000e+00	-2.994293e+01	
45	0.000000e+00	0.000000e+00	-2.995031e+01	
46	0.000000e+00	0.000000e+00	-2.995675e+01	
47	0.000000e+00	0.000000e+00	-2.996226e+01	
48	0.000000e+00	0.000000e+00	-2.996682e+01	
49	0.000000e+00	0.000000e+00	-2.997043e+01	
50	0.000000e+00	0.000000e+00	-2.997304e+01	
51	0.000000e+00	0.000000e+00	-2.991501e+01	
52	0.000000e+00	0.000000e+00	-2.992530e+01	
53	0.000000e+00	0.000000e+00	-2.993460e+01	
54	0.000000e+00	0.000000e+00	-2.994293e+01	
55	0.000000e+00	0.000000e+00	-2.995031e+01	
56	0.000000e+00	0.000000e+00	-2.995675e+01	
57	0.000000e+00	0.000000e+00	-2.996226e+01	
58	0.000000e+00	0.000000e+00	-2.996682e+01	
59	0.000000e+00	0.000000e+00	-2.997043e+01	
60	0.000000e+00	0.000000e+00	-2.997304e+01	
61	0.000000e+00	0.000000e+00	-2.991482e+01	
62	0.000000e+00	0.000000e+00	-2.992507e+01	
63	0.000000e+00	0.000000e+00	-2.993434e+01	
64	0.000000e+00	0.000000e+00	-2.994265e+01	
65	0.000000e+00	0.000000e+00	-2.995002e+01	
66	0.000000e+00	0.000000e+00	-2.995646e+01	
67	0.000000e+00	0.000000e+00	-2.996198e+01	
68	0.000000e+00	0.000000e+00	-2.996656e+01	
69	0.000000e+00	0.000000e+00	-2.997019e+01	
70	0.000000e+00	0.000000e+00	-2.997283e+01	
71	0.000000e+00	0.000000e+00	-2.991443e+01	
72	0.000000e+00	0.000000e+00	-2.992461e+01	
73	0.000000e+00	0.000000e+00	-2.993382e+01	
74	0.000000e+00	0.000000e+00	-2.994209e+01	
75	0.000000e+00	0.000000e+00	-2.994944e+01	
76	0.000000e+00	0.000000e+00	-2.995588e+01	
77	0.000000e+00	0.000000e+00	-2.996141e+01	
78	0.000000e+00	0.000000e+00	-2.996603e+01	
79	0.000000e+00	0.000000e+00	-2.996970e+01	
80	0.000000e+00	0.000000e+00	-2.997241e+01	
81	0.000000e+00	0.000000e+00	-2.991384e+01	
82	0.000000e+00	0.000000e+00	-2.992390e+01	
83	0.000000e+00	0.000000e+00	-2.993302e+01	
84	0.000000e+00	0.000000e+00	-2.994123e+01	
85	0.000000e+00	0.000000e+00	-2.994855e+01	
86	0.000000e+00	0.000000e+00	-2.995499e+01	
87	0.000000e+00	0.000000e+00	-2.996054e+01	
88	0.000000e+00	0.000000e+00	-2.996521e+01	
89	0.000000e+00	0.000000e+00	-2.996896e+01	
90	0.000000e+00	0.000000e+00	-2.997178e+01	
91	0.000000e+00	0.000000e+00	-2.991302e+01	
92	0.000000e+00	0.000000e+00	-2.992290e+01	
93	0.000000e+00	0.000000e+00	-2.993190e+01	
94	0.000000e+00	0.000000e+00	-2.994004e+01	
95	0.000000e+00	0.000000e+00	-2.994733e+01	
96	0.000000e+00	0.000000e+00	-2.995376e+01	
97	0.000000e+00	0.000000e+00	-2.995934e+01	
98	0.000000e+00	0.000000e+00	-2.996406e+01	
99	0.000000e+00	0.000000e+00	-2.996792e+01	
100	0.000000e+00	0.000000e+00	-2.997091e+01	
101	0.000000e+00	0.000000e+00	-2.991307e+01	
102	0.000000e+00	0.000000e+00	-2.992294e+01	
103	0.000000e+00	0.000000e+00	-2.993193e+01	
104	0.000000e+00	0.000000e+00	-2.994007e+01	
105	0.000000e+00	0.000000e+00	-2.994734e+01	
106	0.000000e+00	0.000000e+00	-2.995376e+01	
107	0.000000e+00	0.000000e+00	-2.995932e+01	
108	0.000000e+00	0.000000e+00	-2.996403e+01	
109	0.000000e+00	0.000000e+00	-2.996788e+01	
110	0.000000e+00	0.000000e+00	-2.997085e+01	
111	0.000000e+00	0.000000e+00	-2.991388e+01	
112	0.000000e+00	0.000000e+00	-2.992394e+01	
113	0.000000e+00	0.000000e+00	-2.993305e+01	
114	0.000000e+00	0.000000e+00	-2.994126e+01	
115	0.000000e+00	0.000000e+00	-2.994857e+01	
116	0.000000e+00	0.000000e+00	-2.995499e+01	
117	0.000000e+00	0.000000e+00	-2.996053e+01	
118	0.000000e+00	0.000000e+00	-2.996518e+01	
119	0.000000e+00	0.000000e+00	-2.996892e+01	
120	0.000000e+00	0.000000e+00	-2.997173e+01	
121	0.000000e+00	0.000000e+00	-2.991447e+01	
122	0.000000e+00	0.000000e+00	-2.992464e+01	
123	0.000000e+00	0.000000e+00	-2.993385e+01	
124	0.000000e+00	0.000000e+00	-2.994211e+01	
125	0.000000e+00	0.000000e+00	-2.994946e+01	
126	0.000000e+00	0.000000e+00	-2.995589e+01	
127	0.000000e+00	0.000000e+00	-2.996141e+01	
128	0.000000e+00	0.000000e+00	-2.996601e+01	
129	0.000000e+00	0.000000e+00	-2.996967e+01	
130	0.000000e+00	0.000000e+00	-2.997237e+01	
131	0.000000e+00	0.000000e+00	-2.991485e+01	
132	0.000000e+00	0.000000e+00	-2.992510e+01	
133	0.000000e+00	0.000000e+00	-2.993436e+01	
134	0.000000e+00	0.000000e+00	-2.994267e+01	
135	0.000000e+00	0.000000e+00	-2.995003e+01	
136	0.000000e+00	0.000000e+00	-2.995647e+01	
137	0.000000e+00	0.000000e+00	-2.996198e+01	
138	0.000000e+00	0.000000e+00	-2.996655e+01	
139	0.000000e+00	0.000000e+00	-2.997016e+01	
140	0.000000e+00	0.000000e+00	-2.997280e+01	
141	0.000000e+00	0.000000e+00	-2.991504e+01	
142	0.000000e+00	0.000000e+00	-2.992532e+01	
143	0.000000e+00	0.000000e+00	-2.993461e+01	
144	0.000000e+00	0.000000e+00	-2.994294e+01	
145	0.000000e+00	0.000000e+00	-2.995032e+01	
146	0.000000e+00	0.000000e+00	-2.995676e+01	
147	0.000000e+00	0.000000e+00	-2.996226e+01	
148	0.000000e+00	0.000000e+00	-2.996682e+01	
149	0.000000e+00	0.000000e+00	-2.997041e+01	
150	0.000000e+00	0.000000e+00	-2.997302e+01	
151	0.000000e+00	0.000000e+00	-2.991503e+01	
152	0.000000e+00	0.000000e+00	-2.992531e+01	
153	0.000000e+00	0.000000e+00	-2.993461e+01	
154	0.000000e+00	0.000000e+00	-2.994294e+01	
155	0.000000e+00	0.000000e+00	-2.995032e+01	
156	0.000000e+00	0.000000e+00	-2.995676e+01	
157	0.000000e+00	0.000000e+00	-2.996226e+01	
158	0.000000e+00	0.000000e+00	-2.996682e+01	
159	0.000000e+00	0.000000e+00	-2.997041e+01	
160	0.000000e+00	0.000000e+00	-2.997302e+01	
161	0.000000e+00	0.000000e+00	-2.991483e+01	
162	0.000000e+00	0.000000e+00	-2.992508e+01	
163	0.000000e+00	0.000000e+00	-2.993435e+01	
164	0.000000e+00	0.000000e+00	-2.994266e+01	
165	0.000000e+00	0.000000e+00	-2.995003e+01	
166	0.000000e+00	0.000000e+00	-2.995647e+01	
167	0.000000e+00	0.000000e+00	-2.996199e+01	
168	0.000000e+00	0.000000e+00	-2.996656e+01	
169	0.000000e+00	0.000000e+00	-2.997018e+01	
170	0.000000e+00	0.000000e+00	-2.997282e+01	
171	0.000000e+00	0.000000e+00	-2.991444e+01	
172	0.000000e+00	0.000000e+00	-2.992461e+01	
173	0.000000e+00	0.000000e+00	-2.993382e+01	
174	0.000000e+00	0.000000e+00	-2.994210e+01	
175	0.000000e+00	0.000000e+00	-2.994945e+01	
176	0.000000e+00	0.000000e+00	-2.995589e+01	
177	0.000000e+00	0.000000e+00	-2.996142e+01	
178	0.000000e+00	0.000000e+00	-2.996603e+01	
179	0.000000e+00	0.000000e+00	-2.996969e+01	
180	0.000000e+00	0.000000e+00	-2.997240e+01	
181	0.000000e+00	0.000000e+00	-2.991384e+01	
182	0.000000e+00	0.000000e+00	-2.992390e+01	
183	0.000000e+00	0.000000e+00	-2.993302e+01	
184	0.000000e+00	0.000000e+00	-2.994123e+01	
185	0.000000e+00	0.000000e+00	-2.994856e+01	
186	0.000000e+00	0.000000e+00	-2.995500e+01	
187	0.000000e+00	0.000000e+00	-2.996055e+01	
188	0.000000e+00	0.000000e+00	-2.996520e+01	
189	0.000000e+00	0.000000e+00	-2.996895e+01	
190	0.000000e+00	0.000000e+00	-2.997176e+01	
191	0.000000e+00	0.000000e+00	-2.991302e+01	
192	0.000000e+00	0.000000e+00	-2.992290e+01	
193	0.000000e+00	0.000000e+00	-2.993190e+01	
194	0.000000e+00	0.000000e+00	-2.994004e+01	
195	0.000000e+00	0.000000e+00	-2.994733e+01	
196	0.000000e+00	0.000000e+00	-2.995376e+01	
197	0.000000e+00	0.000000e+00	-2.995934e+01	
198	0.000000e+00	0.000000e+00	-2.996406e+01	
199	0.000000e+00	0.000000e+00	-2.996791e+01	
200	0.000000e+00	0.000000e+00	-2.997090e+01	
201	0.000000e+00	0.000000e+00	-6.362459e+00	
202	0.000000e+00	0.000000e+00	-1.098054e+01	
203	0.000000e+00	0.000000e+00	-1.098479e+01	
204	0.000000e+00	0.000000e+00	-1.098886e+01	
205	0.000000e+00	0.000000e+00	-1.099271e+01	
206	0.000000e+00	0.000000e+00	-1.099635e+01	
207	0.000000e+00	0.000000e+00	-1.099975e+01	
208	0.000000e+00	0.000000e+00	-1.100289e+01	
209	0.000000e+00	0.000000e+00	-1.100578e+01	
210	0.000000e+00	0.000000e+00	-1.100841e+01	
211	0.000000e+00	0.000000e+00	-1.101078e+01	
212	0.000000e+00	0.000000e+00	-1.101287e+01	
213	0.000000e+00	0.000000e+00	-1.101469e+01	
214	0.000000e+00	0.000000e+00	-1.101625e+01	
215	0.000000e+00	0.000000e+00	-1.101756e+01	
216	0.000000e+00	0.000000e+00	-1.101863e+01	
217	0.000000e+00	0.000000e+00	-1.101946e+01	
218	0.000000e+00	0.000000e+00	-1.102008e+01	
219	0.000000e+00	0.000000e+00	-1.102048e+01	
220	0.000000e+00	0.000000e+00	-1.102068e+01	
221	0.000000e+00	0.000000e+00	-6.362464e+00	
222	0.000000e+00	0.000000e+00	-1.098056e+01	
223	0.000000e+00	0.000000e+00	-1.098482e+01	
224	0.000000e+00	0.000000e+00	-1.098890e+01	
225	0.000000e+00	0.000000e+00	-1.099277e+01	
226	0.000000e+00	0.000000e+00	-1.099642e+01	
227	0.000000e+00	0.000000e+00	-1.099983e+01	
228	0.000000e+00	0.000000e+00	-1.100299e+01	
229	0.000000e+00	0.000000e+00	-1.100589e+01	
230	0.000000e+00	0.000000e+00	-1.100852e+01	
231	0.000000e+00	0.000000e+00	-1.101088e+01	
232	0.000000e+00	0.000000e+00	-1.101297e+01	
233	0.000000e+00	0.000000e+00	-1.101479e+01	
234	0.000000e+00	0.000000e+00	-1.101634e+01	
235	0.000000e+00	0.000000e+00	-1.101764e+01	
236	0.000000e+00	0.000000e+00	-1.101869e+01	
237	0.000000e+00	0.000000e+00	-1.101952e+01	
238	0.000000e+00	0.000000e+00	-1.102012e+01	
239	0.000000e+00	0.000000e+00	-1.102052e+01	
240	0.000000e+00	0.000000e+00	-1.102072e+01	
241	0.000000e+00	0.000000e+00	-6.362475e+00	
242	0.000000e+00	0.000000e+00	-1.098059e+01	
243	0.000000e+00	0.000000e+00	-1.098488e+01	
244	0.000000e+00	0.000000e+00	-1.098898e+01	
245	0.000000e+00	0.000000e+00	-1.099289e+01	
246	0.000000e+00	0.000000e+00	-1.099657e+01	
247	0.000000e+00	0.000000e+00	-1.100000e+01	
248	0.000000e+00	0.000000e+00	-1.100318e+01	
249	0.000000e+00	0.000000e+00	-1.100610e+01	
250	0.000000e+00	0.000000e+00	-1.100874e+01	
251	0.000000e+00	0.000000e+00	-1.101110e+01	
252	0.000000e+00	0.000000e+00	-1.101318e+01	
253	0.000000e+00	0.000000e+00	-1.101499e+01	
254	0.000000e+00	0.000000e+00	-1.101652e+01	
255	0.000000e+00	0.000000e+00	-1.101779e+01	
256	0.000000e+00	0.000000e+00	-1.101882e+01	
257	0.000000e+00	0.000000e+00	-1.101962e+01	
258	0.000000e+00	0.000000e+00	-1.102021e+01	
259	0.000000e+00	0.000000e+00	-1.102059e+01	
260	0.000000e+00	0.000000e+00	-1.102078e+01	
261	0.000000e+00	0.000000e+00	-6.362490e+00	
262	0.000000e+00	0.000000e+00	-1.098064e+01	
263	0.000000e+00	0.000000e+00	-1.098496e+01	
264	0.000000e+00	0.000000e+00	-1.098911e+01	
265	0.000000e+00	0.000000e+00	-1.099305e+01	
266	0.000000e+00	0.000000e+00	-1.099678e+01	
267	0.000000e+00	0.000000e+00	-1.100027e+01	
268	0.000000e+00	0.000000e+00	-1.100348e+01	
269	0.000000e+00	0.000000e+00	-1.100642e+01	
270	0.000000e+00	0.000000e+00	-1.100907e+01	
271	0.000000e+00	0.000000e+00	-1.101143e+01	
272	0.000000e+00	0.000000e+00	-1.101350e+01	
273	0.000000e+00	0.000000e+00	-1.101529e+01	
274	0.000000e+00	0.000000e+00	-1.101679e+01	
275	0.000000e+00	0.000000e+00	-1.101803e+01	
276	0.000000e+00	0.000000e+00	-1.101901e+01	
277	0.000000e+00	0.000000e+00	-1.101977e+01	
278	0.000000e+00	0.000000e+00	-1.102033e+01	
279	0.000000e+00	0.000000e+00	-1.102069e+01	
280	0.000000e+00	0.000000e+00	-1.102087e+01	
281	0.000000e+00	0.000000e+00	-6.362508e+00	
282	0.000000e+00	0.000000e+00	-1.098069e+01	
283	0.000000e+00	0.000000e+00	-1.098506e+01	
284	0.000000e+00	0.000000e+00	-1.098926e+01	
285	0.000000e+00	0.000000e+00	-1.099328e+01	
286	0.000000e+00	0.000000e+00	-1.099709e+01	
287	0.000000e+00	0.000000e+00	-1.100064e+01	
288	0.000000e+00	0.000000e+00	-1.100390e+01	
289	0.000000e+00	0.000000e+00	-1.100686e+01	
290	0.000000e+00	0.000000e+00	-1.100953e+01	
291	0.000000e+00	0.000000e+00	-1.101189e+01	
292	0.000000e+00	0.000000e+00	-1.101395e+01	
293	0.000000e+00	0.000000e+00	-1.101571e+01	
294	0.000000e+00	0.000000e+00	-1.101718e+01	
295	0.000000e+00	0.000000e+00	-1.101835e+01	
296	0.000000e+00	0.000000e+00	-1.101925e+01	
297	0.000000e+00	0.000000e+00	-1.101995e+01	
298	0.000000e+00	0.000000e+00	-1.102047e+01	
299	0.000000e+00	0.000000e+00	-1.102081e+01	
300	0.000000e+00	0.000000e+00	-1.102098e+01	
301	0.000000e+00	0.000000e+00	-6.362526e+00	
302	0.000000e+00	0.000000e+00	-1.098075e+01	
303	0.000000e+00	0.000000e+00	-1.098516e+01	
304	0.000000e+00	0.000000e+00	-1.098942e+01	
305	0.000000e+00	0.000000e+00	-1.099352e+01	
306	0.000000e+00	0.000000e+00	-1.101953e+01	
307	0.000000e+00	0.000000e+00	-1.102015e+01	
308	0.000000e+00	0.000000e+00	-1.102062e+01	
309	0.000000e+00	0.000000e+00	-1.102094e+01	
310	0.000000e+00	0.000000e+00	-1.102110e+01	
311	0.000000e+00	0.000000e+00	-6.362544e+00	
312	0.000000e+00	0.000000e+00	-1.098081e+01	
313	0.000000e+00	0.000000e+00	-1.098526e+01	
314	0.000000e+00	0.000000e+00	-1.098957e+01	
315	0.000000e+00	0.000000e+00	-1.099374e+01	
316	0.000000e+00	0.000000e+00	-1.101977e+01	
317	0.000000e+00	0.000000e+00	-1.102033e+01	
318	0.000000e+00	0.000000e+00	-1.102076e+01	
319	0.000000e+00	0.000000e+00	-1.102105e+01	
320	0.000000e+00	0.000000e+00	-1.102120e+01	
321	0.000000e+00	0.000000e+00	-6.362559e+00	
322	0.000000e+00	0.000000e+00	-1.098085e+01	
323	0.000000e+00	0.000000e+00	-1.098534e+01	
324	0.000000e+00	0.000000e+00	-1.098969e+01	
325	0.000000e+00	0.000000e+00	-1.099391e+01	
326	0.000000e+00	0.000000e+00	-1.101996e+01	
327	0.000000e+00	0.000000e+00	-1.102048e+01	
328	0.000000e+00	0.000000e+00	-1.102088e+01	
329	0.000000e+00	0.000000e+00	-1.102116e+01	
330	0.000000e+00	0.000000e+00	-1.102129e+01	
331	0.000000e+00	0.000000e+00	-6.362569e+00	
332	0.000000e+00	0.000000e+00	-1.098088e+01	
333	0.000000e+00	0.000000e+00	-1.098540e+01	
334	0.000000e+00	0.000000e+00	-1.098977e+01	
335	0.000000e+00	0.000000e+00	-1.099402e+01	
336	0.000000e+00	0.000000e+00	-1.102009e+01	
337	0.000000e+00	0.000000e+00	-1.102059e+01	
338	0.000000e+00	0.000000e+00	-1.102097e+01	
339	0.000000e+00	0.000000e+00	-1.102123e+01	
340	0.000000e+00	0.000000e+00	-1.102136e+01	
341	0.000000e+00	0.000000e+00	-6.362574e+00	
342	0.000000e+00	0.000000e+00	-1.098090e+01	
343	0.000000e+00	0.000000e+00	-1.098543e+01	
344	0.000000e+00	0.000000e+00	-1.098981e+01	
345	0.000000e+00	0.000000e+00	-1.099408e+01	
346	0.000000e+00	0.000000e+00	-1.102016e+01	
347	0.000000e+00	0.000000e+00	-1.102064e+01	
348	0.000000e+00	0.000000e+00	-1.102102e+01	
349	0.000000e+00	0.000000e+00	-1.102127e+01	
350	0.000000e+00	0.000000e+00	-1.102140e+01	
351	0.000000e+00	0.000000e+00	-6.362574e+00	
352	0.000000e+00	0.000000e+00	-1.098090e+01	
353	0.000000e+00	0.000000e+00	-1.098542e+01	
354	0.000000e+00	0.000000e+00	-1.098981e+01	
355	0.000000e+00	0.000000e+00	-1.099408e+01	
356	0.000000e+00	0.000000e+00	-1.102016e+01	
357	0.000000e+00	0.000000e+00	-1.102064e+01	
358	0.000000e+00	0.000000e+00	-1.102102e+01	
359	0.000000e+00	0.000000e+00	-1.102127e+01	
360	0.000000e+00	0.000000e+00	-1.102140e+01	
361	0.000000e+00	0.000000e+00	-6.362567e+00	
362	0.000000e+00	0.000000e+00	-1.098088e+01	
363	0.000000e+00	0.000000e+00	-1.098539e+01	
364	0.000000e+00	0.000000e+00	-1.098977e+01	
365	0.000000e+00	0.000000e+00	-1.099402e+01	
366	0.000000e+00	0.000000e+00	-1.102009e+01	
367	0.000000e+00	0.000000e+00	-1.102059e+01	
368	0.000000e+00	0.000000e+00	-1.102097e+01	
369	0.000000e+00	0.000000e+00	-1.102123e+01	
370	0.000000e+00	0.000000e+00	-1.102136e+01	
371	0.000000e+00	0.000000e+00	-6.362556e+00	
372	0.000000e+00	0.000000e+00	-1.098085e+01	
373	0.000000e+00	0.000000e+00	-1.098534e+01	
374	0.000000e+00	0.000000e+00	-1.098969e+01	
375	0.000000e+00	0.000000e+00	-1.099391e+01	
376	0.000000e+00	0.000000e+00	-1.101997e+01	
377	0.000000e+00	0.000000e+00	-1.102049e+01	
378	0.000000e+00	0.000000e+00	-1.102089e+01	
379	0.000000e+00	0.000000e+00	-1.102116e+01	
380	0.000000e+00	0.000000e+00	-1.102130e+01	
381	0.000000e+00	0.000000e+00	-6.362542e+00	
382	0.000000e+00	0.000000e+00	-1.098080e+01	
383	0.000000e+00	0.000000e+00	-1.098526e+01	
384	0.000000e+00	0.000000e+00	-1.098957e+01	
385	0.000000e+00	0.000000e+00	-1.099374e+01	
386	0.000000e+00	0.000000e+00	-1.101978e+01	
387	0.000000e+00	0.000000e+00	-1.102034e+01	
388	0.000000e+00	0.000000e+00	-1.102077e+01	
389	0.000000e+00	0.000000e+00	-1.102106e+01	
390	0.000000e+00	0.000000e+00	-1.102121e+01	
391	0.000000e+00	0.000000e+00	-6.362525e+00	
392	0.000000e+00	0.000000e+00	-1.098075e+01	
393	0.000000e+00	0.000000e+00	-1.098516e+01	
394	0.000000e+00	0.000000e+00	-1.098942e+01	
395	0.000000e+00	0.000000e+00	-1.099352e+01	
396	0.000000e+00	0.000000e+00	-1.101953e+01	
397	0.000000e+00	0.000000e+00	-1.102015e+01	
398	0.000000e+00	0.000000e+00	-1.102062e+01	
399	0.000000e+00	0.000000e+00	-1.102094e+01	
400	0.000000e+00	0.000000e+00	-1.102110e+01	
401	0.000000e+00	0.000000e+00	-6.362507e+00	
402	0.000000e+00	0.000000e+00	-1.098069e+01	
403	0.000000e+00	0.000000e+00	-1.098506e+01	
404	0.000000e+00	0.000000e+00	-1.098926e+01	
405	0.000000e+00	0.000000e+00	-1.099328e+01	
406	0.000000e+00	0.000000e+00	-1.099709e+01	
407	0.000000e+00	0.000000e+00	-1.100064e+01	
408	0.000000e+00	0.000000e+00	-1.100390e+01	
409	0.000000e+00	0.000000e+00	-1.100687e+01	
410	0.000000e+00	0.000000e+00	-1.100953e+01	
411	0.000000e+00	0.000000e+00	-1.101189e+01	
412	0.000000e+00	0.000000e+00	-1.101396e+01	
413	0.000000e+00	0.000000e+00	-1.101572e+01	
414	0.000000e+00	0.000000e+00	-1.101718e+01	
415	0.000000e+00	0.000000e+00	-1.101835e+01	
416	0.000000e+00	0.000000e+00	-1.101926e+01	
417	0.000000e+00	0.000000e+00	-1.101996e+01	
418	0.000000e+00	0.000000e+00	-1.102047e+01	
419	0.000000e+00	0.000000e+00	-1.102081e+01	
420	0.000000e+00	0.000000e+00	-1.102099e+01	
421	0.000000e+00	0.000000e+00	-6.362490e+00	
422	0.000000e+00	0.000000e+00	-1.098064e+01	
423	0.000000e+00	0.000000e+00	-1.098497e+01	
424	0.000000e+00	0.000000e+00	-1.098911e+01	
425	0.000000e+00	0.000000e+00	-1.099306e+01	
426	0.000000e+00	0.000000e+00	-1.099679e+01	
427	0.000000e+00	0.000000e+00	-1.100028e+01	
428	0.000000e+00	0.000000e+00	-1.100349e+01	
429	0.000000e+00	0.000000e+00	-1.100643e+01	
430	0.000000e+00	0.000000e+00	-1.100908e+01	
431	0.000000e+00	0.000000e+00	-1.101144e+01	
432	0.000000e+00	0.000000e+00	-1.101351e+01	
433	0.000000e+00	0.000000e+00	-1.101530e+01	
434	0.000000e+00	0.000000e+00	-1.101680e+01	
435	0.000000e+00	0.000000e+00	-1.101803e+01	
436	0.000000e+00	0.000000e+00	-1.101901e+01	
437	0.000000e+00	0.000000e+00	-1.101977e+01	
438	0.000000e+00	0.000000e+00	-1.102033e+01	
439	0.000000e+00	0.000000e+00	-1.102070e+01	
440	0.000000e+00	0.000000e+00	-1.102088e+01	
441	0.000000e+00	0.000000e+00	-6.362475e+00	
442	0.000000e+00	0.000000e+00	-1.098060e+01	
443	0.000000e+00	0.000000e+00	-1.098489e+01	
444	0.000000e+00	0.000000e+00	-1.098899e+01	
445	0.000000e+00	0.000000e+00	-1.099290e+01	
446	0.000000e+00	0.000000e+00	-1.099658e+01	
447	0.000000e+00	0.000000e+00	-1.100002e+01	
448	0.000000e+00	0.000000e+00	-1.100320e+01	
449	0.000000e+00	0.000000e+00	-1.100612e+01	
450	0.000000e+00	0.000000e+00	-1.100875e+01	
451	0.000000e+00	0.000000e+00	-1.101111e+01	
452	0.000000e+00	0.000000e+00	-1.101319e+01	
453	0.000000e+00	0.000000e+00	-1.101499e+01	
454	0.000000e+00	0.000000e+00	-1.101652e+01	
455	0.000000e+00	0.000000e+00	-1.101780e+01	
456	0.000000e+00	0.000000e+00	-1.101882e+01	
457	0.000000e+00	0.000000e+00	-1.101962e+01	
458	0.000000e+00	0.000000e+00	-1.102021e+01	
459	0.000000e+00	0.000000e+00	-1.102060e+01	
460	0.000000e+00	0.000000e+00	-1.102079e+01	
461	0.000000e+00	0.000000e+00	-6.362465e+00	
462	0.000000e+00	0.000000e+00	-1.098056e+01	
463	0.000000e+00	0.000000e+00	-1.098483e+01	
464	0.000000e+00	0.000000e+00	-1.098891e+01	
465	0.000000e+00	0.000000e+00	-1.099278e+01	
466	0.000000e+00	0.000000e+00	-1.099643e+01	
467	0.000000e+00	0.000000e+00	-1.099985e+01	
468	0.000000e+00	0.000000e+00	-1.100301e+01	
469	0.000000e+00	0.000000e+00	-1.100591e+01	
470	0.000000e+00	0.000000e+00	-1.100854e+01	
471	0.000000e+00	0.000000e+00	-1.101090e+01	
472	0.000000e+00	0.000000e+00	-1.101298e+01	
473	0.000000e+00	0.000000e+00	-1.101479e+01	
474	0.000000e+00	0.000000e+00	-1.101634e+01	
475	0.000000e+00	0.000000e+00	-1.101764e+01	
476	0.000000e+00	0.000000e+00	-1.101869e+01	
477	0.000000e+00	0.000000e+00	-1.101952e+01	
478	0.000000e+00	0.000000e+00	-1.102012e+01	
479	0.000000e+00	0.000000e+00	-1.102052e+01	
480	0.000000e+00	0.000000e+00	-1.102072e+01	
481	0.000000e+00	0.000000e+00	-6.362460e+00	
482	0.000000e+00	0.000000e+00	-1.098055e+01	
483	0.000000e+00	0.000000e+00	-1.098481e+01	
484	0.000000e+00	0.000000e+00	-1.098887e+01	
485	0.000000e+00	0.000000e+00	-1.099273e+01	
486	0.000000e+00	0.000000e+00	-1.099636e+01	
487	0.000000e+00	0.000000e+00	-1.099976e+01	
488	0.000000e+00	0.000000e+00	-1.100292e+01	
489	0.000000e+00	0.000000e+00	-1.100581e+01	
490	0.000000e+00	0.000000e+00	-1.100844e+01	
491	0.000000e+00	0.000000e+00	-1.101079e+01	
492	0.000000e+00	0.000000e+00	-1.101288e+01	
493	0.000000e+00	0.000000e+00	-1.101470e+01	
494	0.000000e+00	0.000000e+00	-1.101626e+01	
495	0.000000e+00	0.000000e+00	-1.101756e+01	
496	0.000000e+00	0.000000e+00	-1.101863e+01	
497	0.000000e+00	0.000000e+00	-1.101946e+01	
498	0.000000e+00	0.000000e+00	-1.102008e+01	
499	0.000000e+00	0.000000e+00	-1.102049e+01	
500	0.000000e+00	0.000000e+00	-1.102069e+01	
501	0.000000e+00	0.000000e+00	-6.362464e+00	
502	0.000000e+00	0.000000e+00	-1.098056e+01	
503	0.000000e+00	0.000000e+00	-1.098481e+01	
504	0.000000e+00	0.000000e+00	-1.098888e+01	
505	0.000000e+00	0.000000e+00	-1.099274e+01	
506	0.000000e+00	0.000000e+00	-1.099637e+01	
507	0.000000e+00	0.000000e+00	-1.099977e+01	
508	0.000000e+00	0.000000e+00	-1.100291e+01	
509	0.000000e+00	0.000000e+00	-1.100580e+01	
510	0.000000e+00	0.000000e+00	-1.100842e+01	
511	0.000000e+00	0.000000e+00	-1.101078e+01	
512	0.000000e+00	0.000000e+00	-1.101286e+01	
513	0.000000e+00	0.000000e+00	-1.101468e+01	
514	0.000000e+00	0.000000e+00	-1.101624e+01	
515	0.000000e+00	0.000000e+00	-1.101755e+01	
516	0.000000e+00	0.000000e+00	-1.101861e+01	
517	0.000000e+00	0.000000e+00	-1.101945e+01	
518	0.000000e+00	0.000000e+00	-1.102007e+01	
519	0.000000e+00	0.000000e+00	-1.102048e+01	
520	0.000000e+00	0.000000e+00	-1.102068e+01	
521	0.000000e+00	0.000000e+00	-6.362470e+00	
522	0.000000e+00	0.000000e+00	-1.098057e+01	
523	0.000000e+00	0.000000e+00	-1.098484e+01	
524	0.000000e+00	0.000000e+00	-1.098892e+01	
525	0.000000e+00	0.000000e+00	-1.099279e+01	
526	0.000000e+00	0.000000e+00	-1.099644e+01	
527	0.000000e+00	0.000000e+00	-1.099985e+01	
528	0.000000e+00	0.000000e+00	-1.100301e+01	
529	0.000000e+00	0.000000e+00	-1.100590e+01	
530	0.000000e+00	0.000000e+00	-1.100853e+01	
531	0.000000e+00	0.000000e+00	-1.101088e+01	
532	0.000000e+00	0.000000e+00	-1.101296e+01	
533	0.000000e+00	0.000000e+00	-1.101478e+01	
534	0.000000e+00	0.000000e+00	-1.101633e+01	
535	0.000000e+00	0.000000e+00	-1.101762e+01	
536	0.000000e+00	0.000000e+00	-1.101868e+01	
537	0.000000e+00	0.000000e+00	-1.101950e+01	
538	0.000000e+00	0.000000e+00	-1.102011e+01	
539	0.000000e+00	0.000000e+00	-1.102051e+01	
540	0.000000e+00	0.000000e+00	-1.102071e+01	
541	0.000000e+00	0.000000e+00	-6.362480e+00	
542	0.000000e+00	0.000000e+00	-1.098061e+01	
543	0.000000e+00	0.000000e+00	-1.098490e+01	
544	0.000000e+00	0.000000e+00	-1.098901e+01	
545	0.000000e+00	0.000000e+00	-1.099291e+01	
546	0.000000e+00	0.000000e+00	-1.099659e+01	
547	0.000000e+00	0.000000e+00	-1.100002e+01	
548	0.000000e+00	0.000000e+00	-1.100320e+01	
549	0.000000e+00	0.000000e+00	-1.100611e+01	
550	0.000000e+00	0.000000e+00	-1.100875e+01	
551	0.000000e+00	0.000000e+00	-1.101110e+01	
552	0.000000e+00	0.000000e+00	-1.101317e+01	
553	0.000000e+00	0.000000e+00	-1.101497e+01	
554	0.000000e+00	0.000000e+00	-1.101650e+01	
555	0.000000e+00	0.000000e+00	-1.101778e+01	
556	0.000000e+00	0.000000e+00	-1.101880e+01	
557	0.000000e+00	0.000000e+00	-1.101961e+01	
558	0.000000e+00	0.000000e+00	-1.102020e+01	
559	0.000000e+00	0.000000e+00	-1.102059e+01	
560	0.000000e+00	0.000000e+00	-1.102078e+01	
561	0.000000e+00	0.000000e+00	-6.362494e+00	
562	0.000000e+00	0.000000e+00	-1.098065e+01	
563	0.000000e+00	0.000000e+00	-1.098498e+01	
564	0.000000e+00	0.000000e+00	-1.098913e+01	
565	0.000000e+00	0.000000e+00	-1.099308e+01	
566	0.000000e+00	0.000000e+00	-1.099680e+01	
567	0.000000e+00	0.000000e+00	-1.100029e+01	
568	0.000000e+00	0.000000e+00	-1.100350e+01	
569	0.000000e+00	0.000000e+00	-1.100643e+01	
570	0.000000e+00	0.000000e+00	-1.100908e+01	
571	0.000000e+00	0.000000e+00	-1.101143e+01	
572	0.000000e+00	0.000000e+00	-1.101350e+01	
573	0.000000e+00	0.000000e+00	-1.101528e+01	
574	0.000000e+00	0.000000e+00	-1.101678e+01	
575	0.000000e+00	0.000000e+00	-1.101801e+01	
576	0.000000e+00	0.000000e+00	-1.101899e+01	
577	0.000000e+00	0.000000e+00	-1.101976e+01	
578	0.000000e+00	0.000000e+00	-1.102032e+01	
579	0.000000e+00	0.000000e+00	-1.102069e+01	
580	0.000000e+00	0.000000e+00	-1.102087e+01	
581	0.000000e+00	0.000000e+00	-6.362511e+00	
582	0.000000e+00	0.000000e+00	-1.098070e+01	
583	0.000000e+00	0.000000e+00	-1.098507e+01	
584	0.000000e+00	0.000000e+00	-1.098927e+01	
585	0.000000e+00	0.000000e+00	-1.099329e+01	
586	0.000000e+00	0.000000e+00	-1.099711e+01	
587	0.000000e+00	0.000000e+00	-1.100066e+01	
588	0.000000e+00	0.000000e+00	-1.100391e+01	
589	0.000000e+00	0.000000e+00	-1.100687e+01	
590	0.000000e+00	0.000000e+00	-1.100953e+01	
591	0.000000e+00	0.000000e+00	-1.101189e+01	
592	0.000000e+00	0.000000e+00	-1.101395e+01	
593	0.000000e+00	0.000000e+00	-1.101570e+01	
594	0.000000e+00	0.000000e+00	-1.101716e+01	
595	0.000000e+00	0.000000e+00	-1.101833e+01	
596	0.000000e+00	0.000000e+00	-1.101924e+01	
597	0.000000e+00	0.000000e+00	-1.101994e+01	
598	0.000000e+00	0.000000e+00	-1.102046e+01	
599	0.000000e+00	0.000000e+00	-1.102081e+01	
600	0.000000e+00	0.000000e+00	-1.102098e+01	
601	0.000000e+00	0.000000e+00	-6.362529e+00	
602	0.000000e+00	0.000000e+00	-1.098076e+01	
603	0.000000e+00	0.000000e+00	-1.098517e+01	
604	0.000000e+00	0.000000e+00	-1.098943e+01	
605	0.000000e+00	0.000000e+00	-1.099354e+01	
606	0.000000e+00	0.000000e+00	-1.101951e+01	
607	0.000000e+00	0.000000e+00	-1.102014e+01	
608	0.000000e+00	0.000000e+00	-1.102061e+01	
609	0.000000e+00	0.000000e+00	-1.102093e+01	
610	0.000000e+00	0.000000e+00	-1.102109e+01	
611	0.000000e+00	0.000000e+00	-6.362545e+00	
612	0.000000e+00	0.000000e+00	-1.098081e+01	
613	0.000000e+00	0.000000e+00	-1.098527e+01	
614	0.000000e+00	0.000000e+00	-1.098958e+01	
615	0.000000e+00	0.000000e+00	-1.099376e+01	
616	0.000000e+00	0.000000e+00	-1.101976e+01	
617	0.000000e+00	0.000000e+00	-1.102032e+01	
618	0.000000e+00	0.000000e+00	-1.102076e+01	
619	0.000000e+00	0.000000e+00	-1.102105e+01	
620	0.000000e+00	0.000000e+00	-1.102120e+01	
621	0.000000e+00	0.000000e+00	-6.362559e+00	
622	0.000000e+00	0.000000e+00	-1.098085e+01	
623	0.000000e+00	0.000000e+00	-1.098535e+01	
624	0.000000e+00	0.000000e+00	-1.098970e+01	
625	0.000000e+00	0.000000e+00	-1.099392e+01	
626	0.000000e+00	0.000000e+00	-1.101995e+01	
627	0.000000e+00	0.000000e+00	-1.102047e+01	
628	0.000000e+00	0.000000e+00	-1.102088e+01	
629	0.000000e+00	0.000000e+00	-1.102115e+01	
630	0.000000e+00	0.000000e+00	-1.102129e+01	
631	0.000000e+00	0.000000e+00	-6.362569e+00	
632	0.000000e+00	0.000000e+00	-1.098088e+01	
633	0.000000e+00	0.000000e+00	-1.098540e+01	
634	0.000000e+00	0.000000e+00	-1.098978e+01	
635	0.000000e+00	0.000000e+00	-1.099403e+01	
636	0.000000e+00	0.000000e+00	-1.102008e+01	
637	0.000000e+00	0.000000e+00	-1.102058e+01	
638	0.000000e+00	0.000000e+00	-1.102096e+01	
639	0.000000e+00	0.000000e+00	-1.102123e+01	
640	0.000000e+00	0.000000e+00	-1.102136e+01	
641	0.000000e+00	0.000000e+00	-6.362573e+00	
642	0.000000e+00	0.000000e+00	-1.098090e+01	
643	0.000000e+00	0.000000e+00	-1.098543e+01	
644	0.000000e+00	0.000000e+00	-1.098982e+01	
645	0.000000e+00	0.000000e+00	-1.099409e+01	
646	0.000000e+00	0.000000e+00	-1.102015e+01	
647	0.000000e+00	0.000000e+00	-1.102063e+01	
648	0.000000e+00	0.000000e+00	-1.102101e+01	
649	0.000000e+00	0.000000e+00	-1.102127e+01	
650	0.000000e+00	0.000000e+00	-1.102139e+01	
651	0.000000e+00	0.000000e+00	-6.362573e+00	
652	0.000000e+00	0.000000e+00	-1.098090e+01	
653	0.000000e+00	0.000000e+00	-1.098543e+01	
654	0.000000e+00	0.000000e+00	-1.098982e+01	
655	0.000000e+00	0.000000e+00	-1.099408e+01	
656	0.000000e+00	0.000000e+00	-1.102015e+01	
657	0.000000e+00	0.000000e+00	-1.102063e+01	
658	0.000000e+00	0.000000e+00	-1.102101e+01	
659	0.000000e+00	0.000000e+00	-1.102127e+01	
660	0.000000e+00	0.000000e+00	-1.102140e+01	
661	0.000000e+00	0.000000e+00	-6.362567e+00	
662	0.000000e+00	0.000000e+00	-1.098088e+01	
663	0.000000e+00	0.000000e+00	-1.098540e+01	
664	0.000000e+00	0.000000e+00	-1.098977e+01	
665	0.000000e+00	0.000000e+00	-1.099403e+01	
666	0.000000e+00	0.000000e+00	-1.102009e+01	
667	0.000000e+00	0.000000e+00	-1.102058e+01	
668	0.000000e+00	0.000000e+00	-1.102097e+01	
669	0.000000e+00	0.000000e+00	-1.102123e+01	
670	0.000000e+00	0.000000e+00	-1.102136e+01	
671	0.000000e+00	0.000000e+00	-6.362557e+00	
672	0.000000e+00	0.000000e+00	-1.098085e+01	
673	0.000000e+00	0.000000e+00	-1.098534e+01	
674	0.000000e+00	0.000000e+00	-1.098969e+01	
675	0.000000e+00	0.000000e+00	-1.099391e+01	
676	0.000000e+00	0.000000e+00	-1.101996e+01	
677	0.000000e+00	0.000000e+00	-1.102048e+01	
678	0.000000e+00	0.000000e+00	-1.102088e+01	
679	0.000000e+00	0.000000e+00	-1.102116e+01	
680	0.000000e+00	0.000000e+00	-1.102130e+01	
681	0.000000e+00	0.000000e+00	-6.362543e+00	
682	0.000000e+00	0.000000e+00	-1.098081e+01	
683	0.000000e+00	0.000000e+00	-1.098526e+01	
684	0.000000e+00	0.000000e+00	-1.098957e+01	
685	0.000000e+00	0.000000e+00	-1.099374e+01	
686	0.000000e+00	0.000000e+00	-1.101977e+01	
687	0.000000e+00	0.000000e+00	-1.102033e+01	
688	0.000000e+00	0.000000e+00	-1.102077e+01	
689	0.000000e+00	0.000000e+00	-1.102106e+01	
690	0.000000e+00	0.000000e+00	-1.102121e+01	
691	0.000000e+00	0.000000e+00	-6.362526e+00	
692	0.000000e+00	0.000000e+00	-1.098075e+01	
693	0.000000e+00	0.000000e+00	-1.098517e+01	
694	0.000000e+00	0.000000e+00	-1.098942e+01	
695	0.000000e+00	0.000000e+00	-1.099352e+01	
696	0.000000e+00	0.000000e+00	-1.101953e+01	
697	0.000000e+00	0.000000e+00	-1.102015e+01	
698	0.000000e+00	0.000000e+00	-1.102063e+01	
699	0.000000e+00	0.000000e+00	-1.102094e+01	
700	0.000000e+00	0.000000e+00	-1.102110e+01	
701	0.000000e+00	0.000000e+00	-6.362509e+00	
702	0.000000e+00	0.000000e+00	-1.098070e+01	
703	0.000000e+00	0.000000e+00	-1.098507e+01	
704	0.000000e+00	0.000000e+00	-1.098927e+01	
705	0.000000e+00	0.000000e+00	-1.099328e+01	
706	0.000000e+00	0.000000e+00	-1.099709e+01	
707	0.000000e+00	0.000000e+00	-1.100064e+01	
708	0.000000e+00	0.000000e+00	-1.100390e+01	
709	0.000000e+00	0.000000e+00	-1.100687e+01	
710	0.000000e+00	0.000000e+00	-1.100953e+01	
711	0.000000e+00	0.000000e+00	-1.101189e+01	
712	0.000000e+00	0.000000e+00	-1.101395e+01	
713	0.000000e+00	0.000000e+00	-1.101571e+01	
714	0.000000e+00	0.000000e+00	-1.101717e+01	
715	0.000000e+00	0.000000e+00	-1.101835e+01	
716	0.000000e+00	0.000000e+00	-1.101926e+01	
717	0.000000e+00	0.000000e+00	-1.101996e+01	
718	0.000000e+00	0.000000e+00	-1.102048e+01	
719	0.000000e+00	0.000000e+00	-1.102082e+01	
720	0.000000e+00	0.000000e+00	-1.102099e+01	
721	0.000000e+00	0.000000e+00	-6.362492e+00	
722	0.000000e+00	0.000000e+00	-1.098064e+01	
723	0.000000e+00	0.000000e+00	-1.098497e+01	
724	0.000000e+00	0.000000e+00	-1.098912e+01	
725	0.000000e+00	0.000000e+00	-1.099307e+01	
726	0.000000e+00	0.000000e+00	-1.099679e+01	
727	0.000000e+00	0.000000e+00	-1.100028e+01	
728	0.000000e+00	0.000000e+00	-1.100349e+01	
729	0.000000e+00	0.000000e+00	-1.100643e+01	
730	0.000000e+00	0.000000e+00	-1.100908e+01	
731	0.000000e+00	0.000000e+00	-1.101144e+01	
732	0.000000e+00	0.000000e+00	-1.101351e+01	
733	0.000000e+00	0.000000e+00	-1.101529e+01	
734	0.000000e+00	0.000000e+00	-1.101679e+01	
735	0.000000e+00	0.000000e+00	-1.101803e+01	
736	0.000000e+00	0.000000e+00	-1.101901e+01	
737	0.000000e+00	0.000000e+00	-1.101978e+01	
738	0.000000e+00	0.000000e+00	-1.102033e+01	
739	0.000000e+00	0.000000e+00	-1.102070e+01	
740	0.000000e+00	0.000000e+00	-1.102088e+01	
741	0.000000e+00	0.000000e+00	-6.362477e+00	
742	0.000000e+00	0.000000e+00	-1.098060e+01	
743	0.000000e+00	0.000000e+00	-1.098489e+01	
744	0.000000e+00	0.000000e+00	-1.098900e+01	
745	0.000000e+00	0.000000e+00	-1.099290e+01	
746	0.000000e+00	0.000000e+00	-1.099658e+01	
747	0.000000e+00	0.000000e+00	-1.100002e+01	
748	0.000000e+00	0.000000e+00	-1.100320e+01	
749	0.000000e+00	0.000000e+00	-1.100611e+01	
750	0.000000e+00	0.000000e+00	-1.100875e+01	
751	0.000000e+00	0.000000e+00	-1.101111e+01	
752	0.000000e+00	0.000000e+00	-1.101318e+01	
753	0.000000e+00	0.000000e+00	-1.101498e+01	
754	0.000000e+00	0.000000e+00	-1.101652e+01	
755	0.000000e+00	0.000000e+00	-1.101779e+01	
756	0.000000e+00	0.000000e+00	-1.101882e+01	
757	0.000000e+00	0.000000e+00	-1.101963e+01	
758	0.000000e+00	0.000000e+00	-1.102022e+01	
759	0.000000e+00	0.000000e+00	-1.102060e+01	
760	0.000000e+00	0.000000e+00	-1.102079e+01	
761	0.000000e+00	0.000000e+00	-6.362466e+00	
762	0.000000e+00	0.000000e+00	-1.098057e+01	
763	0.000000e+00	0.000000e+00	-1.098484e+01	
764	0.000000e+00	0.000000e+00	-1.098892e+01	
765	0.000000e+00	0.000000e+00	-1.099279e+01	
766	0.000000e+00	0.000000e+00	-1.099644e+01	
767	0.000000e+00	0.000000e+00	-1.099985e+01	
768	0.000000e+00	0.000000e+00	-1.100301e+01	
769	0.000000e+00	0.000000e+00	-1.100591e+01	
770	0.000000e+00	0.000000e+00	-1.100853e+01	
771	0.000000e+00	0.000000e+00	-1.101089e+01	
772	0.000000e+00	0.000000e+00	-1.101297e+01	
773	0.000000e+00	0.000000e+00	-1.101478e+01	
774	0.000000e+00	0.000000e+00	-1.101634e+01	
775	0.000000e+00	0.000000e+00	-1.101764e+01	
776	0.000000e+00	0.000000e+00	-1.101869e+01	
777	0.000000e+00	0.000000e+00	-1.101952e+01	
778	0.000000e+00	0.000000e+00	-1.102013e+01	
779	0.000000e+00	0.000000e+00	-1.102053e+01	
780	0.000000e+00	0.000000e+00	-1.102073e+01	
781	0.000000e+00	0.000000e+00	-6.362461e+00	
782	0.000000e+00	0.000000e+00	-1.098055e+01	
783	0.000000e+00	0.000000e+00	-1.098481e+01	
784	0.000000e+00	0.000000e+00	-1.098888e+01	
785	0.000000e+00	0.000000e+00	-1.099273e+01	
786	0.000000e+00	0.000000e+00	-1.099637e+01	
787	0.000000e+00	0.000000e+00	-1.099977e+01	
788	0.000000e+00	0.000000e+00	-1.100292e+01	
789	0.000000e+00	0.000000e+00	-1.100580e+01	
790	0.000000e+00	0.000000e+00	-1.100843e+01	
791	0.000000e+00	0.000000e+00	-1.101078e+01	
792	0.000000e+00	0.000000e+00	-1.101287e+01	
793	0.000000e+00	0.000000e+00	-1.101469e+01	
794	0.000000e+00	0.000000e+00	-1.101625e+01	
795	0.000000e+00	0.000000e+00	-1.101756e+01	
796	0.000000e+00	0.000000e+00	-1.101863e+01	
797	0.000000e+00	0.000000e+00	-1.101947e+01	
798	0.000000e+00	0.000000e+00	-1.102009e+01	
799	0.000000e+00	0.000000e+00	-1.102049e+01	
800	0.000000e+00	0.000000e+00	-1.102069e+01	
