fluxJ
3
800
1	0.000000e+00	0.000000e+00	-3.334897e+01	
2	0.000000e+00	0.000000e+00	-3.336265e+01	
3	0.000000e+00	0.000000e+00	-3.337511e+01	
4	0.000000e+00	0.000000e+00	-3.338639e+01	
5	0.000000e+00	0.000000e+00	-3.339647e+01	
6	0.000000e+00	0.000000e+00	-3.340537e+01	
7	0.000000e+00	0.000000e+00	-3.341310e+01	
8	0.000000e+00	0.000000e+00	-3.341965e+01	
9	0.000000e+00	0.000000e+00	-3.342500e+01	
10	0.000000e+00	0.000000e+00	-3.342913e+01	
11	0.000000e+00	0.000000e+00	-3.335011e+01	
12	0.000000e+00	0.000000e+00	-3.336404e+01	
13	0.000000e+00	0.000000e+00	-3.337667e+01	
14	0.000000e+00	0.000000e+00	-3.338804e+01	
15	0.000000e+00	0.000000e+00	-3.339818e+01	
16	0.000000e+00	0.000000e+00	-3.340708e+01	
17	0.000000e+00	0.000000e+00	-3.341477e+01	
18	0.000000e+00	0.000000e+00	-3.342123e+01	
19	0.000000e+00	0.000000e+00	-3.342644e+01	
20	0.000000e+00	0.000000e+00	-3.343034e+01	
21	0.000000e+00	0.000000e+00	-3.335093e+01	
22	0.000000e+00	0.000000e+00	-3.336503e+01	
23	0.000000e+00	0.000000e+00	-3.337778e+01	
24	0.000000e+00	0.000000e+00	-3.338924e+01	
25	0.000000e+00	0.000000e+00	-3.339941e+01	
26	0.000000e+00	0.000000e+00	-3.340833e+01	
27	0.000000e+00	0.000000e+00	-3.341598e+01	
28	0.000000e+00	0.000000e+00	-3.342238e+01	
29	0.000000e+00	0.000000e+00	-3.342747e+01	
30	0.000000e+00	0.000000e+00	-3.343122e+01	
31	0.000000e+00	0.000000e+00	-3.335147e+01	
32	0.000000e+00	0.000000e+00	-3.336567e+01	
33	0.000000e+00	0.000000e+00	-3.337851e+01	
34	0.000000e+00	0.000000e+00	-3.339001e+01	
35	0.000000e+00	0.000000e+00	-3.340021e+01	
36	0.000000e+00	0.000000e+00	-3.340913e+01	
37	0.000000e+00	0.000000e+00	-3.341677e+01	
38	0.000000e+00	0.000000e+00	-3.342312e+01	
39	0.000000e+00	0.000000e+00	-3.342814e+01	
40	0.000000e+00	0.000000e+00	-3.343180e+01	
41	0.000000e+00	0.000000e+00	-3.335174e+01	
42	0.000000e+00	0.000000e+00	-3.336599e+01	
43	0.000000e+00	0.000000e+00	-3.337886e+01	
44	0.000000e+00	0.000000e+00	-3.339039e+01	
45	0.000000e+00	0.000000e+00	-3.340061e+01	
46	0.000000e+00	0.000000e+00	-3.340953e+01	
47	0.000000e+00	0.000000e+00	-3.341716e+01	
48	0.000000e+00	0.000000e+00	-3.342348e+01	
49	0.000000e+00	0.000000e+00	-3.342847e+01	
50	0.000000e+00	0.000000e+00	-3.343209e+01	
51	0.000000e+00	0.000000e+00	-3.335174e+01	
52	0.000000e+00	0.000000e+00	-3.336599e+01	
53	0.000000e+00	0.000000e+00	-3.337886e+01	
54	0.000000e+00	0.000000e+00	-3.339040e+01	
55	0.000000e+00	0.000000e+00	-3.340061e+01	
56	0.000000e+00	0.000000e+00	-3.340953e+01	
57	0.000000e+00	0.000000e+00	-3.341716e+01	
58	0.000000e+00	0.000000e+00	-3.342348e+01	
59	0.000000e+00	0.000000e+00	-3.342847e+01	
60	0.000000e+00	0.000000e+00	-3.343209e+01	
61	0.000000e+00	0.000000e+00	-3.335147e+01	
62	0.000000e+00	0.000000e+00	-3.336567e+01	
63	0.000000e+00	0.000000e+00	-3.337851e+01	
64	0.000000e+00	0.000000e+00	-3.339001e+01	
65	0.000000e+00	0.000000e+00	-3.340022e+01	
66	0.000000e+00	0.000000e+00	-3.340914e+01	
67	0.000000e+00	0.000000e+00	-3.341677e+01	
68	0.000000e+00	0.000000e+00	-3.342312e+01	
69	0.000000e+00	0.000000e+00	-3.342814e+01	
70	0.000000e+00	0.000000e+00	-3.343180e+01	
71	0.000000e+00	0.000000e+00	-3.335093e+01	
72	0.000000e+00	0.000000e+00	-3.336503e+01	
73	0.000000e+00	0.000000e+00	-3.337779e+01	
74	0.000000e+00	0.000000e+00	-3.338924e+01	
75	0.000000e+00	0.000000e+00	-3.339941e+01	
76	0.000000e+00	0.000000e+00	-3.340833e+01	
77	0.000000e+00	0.000000e+00	-3.341599e+01	
78	0.000000e+00	0.000000e+00	-3.342238e+01	
79	0.000000e+00	0.000000e+00	-3.342747e+01	
80	0.000000e+00	0.000000e+00	-3.343122e+01	
81	0.000000e+00	0.000000e+00	-3.335011e+01	
82	0.000000e+00	0.000000e+00	-3.336404e+01	
83	0.000000e+00	0.000000e+00	-3.337667e+01	
84	0.000000e+00	0.000000e+00	-3.338804e+01	
85	0.000000e+00	0.000000e+00	-3.339818e+01	
86	0.000000e+00	0.000000e+00	-3.340709e+01	
87	0.000000e+00	0.000000e+00	-3.341478e+01	
88	0.000000e+00	0.000000e+00	-3.342124e+01	
89	0.000000e+00	0.000000e+00	-3.342644e+01	
90	0.000000e+00	0.000000e+00	-3.343034e+01	
91	0.000000e+00	0.000000e+00	-3.334898e+01	
92	0.000000e+00	0.000000e+00	-3.336266e+01	
93	0.000000e+00	0.000000e+00	-3.337512e+01	
94	0.000000e+00	0.000000e+00	-3.338640e+01	
95	0.000000e+00	0.000000e+00	-3.339648e+01	
96	0.000000e+00	0.000000e+00	-3.340539e+01	
97	0.000000e+00	0.000000e+00	-3.341311e+01	
98	0.000000e+00	0.000000e+00	-3.341966e+01	
99	0.000000e+00	0.000000e+00	-3.342500e+01	
100	0.000000e+00	0.000000e+00	-3.342913e+01	
101	0.000000e+00	0.000000e+00	-3.334903e+01	
102	0.000000e+00	0.000000e+00	-3.336270e+01	
103	0.000000e+00	0.000000e+00	-3.337516e+01	
104	0.000000e+00	0.000000e+00	-3.338642e+01	
105	0.000000e+00	0.000000e+00	-3.339650e+01	
106	0.000000e+00	0.000000e+00	-3.340538e+01	
107	0.000000e+00	0.000000e+00	-3.341309e+01	
108	0.000000e+00	0.000000e+00	-3.341962e+01	
109	0.000000e+00	0.000000e+00	-3.342495e+01	
110	0.000000e+00	0.000000e+00	-3.342907e+01	
111	0.000000e+00	0.000000e+00	-3.335016e+01	
112	0.000000e+00	0.000000e+00	-3.336408e+01	
113	0.000000e+00	0.000000e+00	-3.337671e+01	
114	0.000000e+00	0.000000e+00	-3.338807e+01	
115	0.000000e+00	0.000000e+00	-3.339820e+01	
116	0.000000e+00	0.000000e+00	-3.340710e+01	
117	0.000000e+00	0.000000e+00	-3.341477e+01	
118	0.000000e+00	0.000000e+00	-3.342121e+01	
119	0.000000e+00	0.000000e+00	-3.342639e+01	
120	0.000000e+00	0.000000e+00	-3.343028e+01	
121	0.000000e+00	0.000000e+00	-3.335098e+01	
122	0.000000e+00	0.000000e+00	-3.336507e+01	
123	0.000000e+00	0.000000e+00	-3.337782e+01	
124	0.000000e+00	0.000000e+00	-3.338926e+01	
125	0.000000e+00	0.000000e+00	-3.339943e+01	
126	0.000000e+00	0.000000e+00	-3.340834e+01	
127	0.000000e+00	0.000000e+00	-3.341598e+01	
128	0.000000e+00	0.000000e+00	-3.342236e+01	
129	0.000000e+00	0.000000e+00	-3.342743e+01	
130	0.000000e+00	0.000000e+00	-3.343117e+01	
131	0.000000e+00	0.000000e+00	-3.335151e+01	
132	0.000000e+00	0.000000e+00	-3.336570e+01	
133	0.000000e+00	0.000000e+00	-3.337853e+01	
134	0.000000e+00	0.000000e+00	-3.339003e+01	
135	0.000000e+00	0.000000e+00	-3.340023e+01	
136	0.000000e+00	0.000000e+00	-3.340914e+01	
137	0.000000e+00	0.000000e+00	-3.341677e+01	
138	0.000000e+00	0.000000e+00	-3.342310e+01	
139	0.000000e+00	0.000000e+00	-3.342811e+01	
140	0.000000e+00	0.000000e+00	-3.343176e+01	
141	0.000000e+00	0.000000e+00	-3.335177e+01	
142	0.000000e+00	0.000000e+00	-3.336601e+01	
143	0.000000e+00	0.000000e+00	-3.337888e+01	
144	0.000000e+00	0.000000e+00	-3.339041e+01	
145	0.000000e+00	0.000000e+00	-3.340062e+01	
146	0.000000e+00	0.000000e+00	-3.340954e+01	
147	0.000000e+00	0.000000e+00	-3.341716e+01	
148	0.000000e+00	0.000000e+00	-3.342347e+01	
149	0.000000e+00	0.000000e+00	-3.342845e+01	
150	0.000000e+00	0.000000e+00	-3.343206e+01	
151	0.000000e+00	0.000000e+00	-3.335176e+01	
152	0.000000e+00	0.000000e+00	-3.336600e+01	
153	0.000000e+00	0.000000e+00	-3.337887e+01	
154	0.000000e+00	0.000000e+00	-3.339040e+01	
155	0.000000e+00	0.000000e+00	-3.340062e+01	
156	0.000000e+00	0.000000e+00	-3.340954e+01	
157	0.000000e+00	0.000000e+00	-3.341717e+01	
158	0.000000e+00	0.000000e+00	-3.342348e+01	
159	0.000000e+00	0.000000e+00	-3.342845e+01	
160	0.000000e+00	0.000000e+00	-3.343207e+01	
161	0.000000e+00	0.000000e+00	-3.335148e+01	
162	0.000000e+00	0.000000e+00	-3.336568e+01	
163	0.000000e+00	0.000000e+00	-3.337851e+01	
164	0.000000e+00	0.000000e+00	-3.339002e+01	
165	0.000000e+00	0.000000e+00	-3.340023e+01	
166	0.000000e+00	0.000000e+00	-3.340915e+01	
167	0.000000e+00	0.000000e+00	-3.341678e+01	
168	0.000000e+00	0.000000e+00	-3.342311e+01	
169	0.000000e+00	0.000000e+00	-3.342813e+01	
170	0.000000e+00	0.000000e+00	-3.343178e+01	
171	0.000000e+00	0.000000e+00	-3.335094e+01	
172	0.000000e+00	0.000000e+00	-3.336503e+01	
173	0.000000e+00	0.000000e+00	-3.337779e+01	
174	0.000000e+00	0.000000e+00	-3.338924e+01	
175	0.000000e+00	0.000000e+00	-3.339942e+01	
176	0.000000e+00	0.000000e+00	-3.340834e+01	
177	0.000000e+00	0.000000e+00	-3.341600e+01	
178	0.000000e+00	0.000000e+00	-3.342238e+01	
179	0.000000e+00	0.000000e+00	-3.342746e+01	
180	0.000000e+00	0.000000e+00	-3.343120e+01	
181	0.000000e+00	0.000000e+00	-3.335012e+01	
182	0.000000e+00	0.000000e+00	-3.336404e+01	
183	0.000000e+00	0.000000e+00	-3.337667e+01	
184	0.000000e+00	0.000000e+00	-3.338805e+01	
185	0.000000e+00	0.000000e+00	-3.339819e+01	
186	0.000000e+00	0.000000e+00	-3.340710e+01	
187	0.000000e+00	0.000000e+00	-3.341479e+01	
188	0.000000e+00	0.000000e+00	-3.342123e+01	
189	0.000000e+00	0.000000e+00	-3.342643e+01	
190	0.000000e+00	0.000000e+00	-3.343032e+01	
191	0.000000e+00	0.000000e+00	-3.334898e+01	
192	0.000000e+00	0.000000e+00	-3.336266e+01	
193	0.000000e+00	0.000000e+00	-3.337512e+01	
194	0.000000e+00	0.000000e+00	-3.338639e+01	
195	0.000000e+00	0.000000e+00	-3.339648e+01	
196	0.000000e+00	0.000000e+00	-3.340539e+01	
197	0.000000e+00	0.000000e+00	-3.341311e+01	
198	0.000000e+00	0.000000e+00	-3.341965e+01	
199	0.000000e+00	0.000000e+00	-3.342499e+01	
200	0.000000e+00	0.000000e+00	-3.342912e+01	
201	0.000000e+00	0.000000e+00	-7.090205e+00	
202	0.000000e+00	0.000000e+00	-1.223727e+01	
203	0.000000e+00	0.000000e+00	-1.224315e+01	
204	0.000000e+00	0.000000e+00	-1.224878e+01	
205	0.000000e+00	0.000000e+00	-1.225412e+01	
206	0.000000e+00	0.000000e+00	-1.225915e+01	
207	0.000000e+00	0.000000e+00	-1.226386e+01	
208	0.000000e+00	0.000000e+00	-1.226822e+01	
209	0.000000e+00	0.000000e+00	-1.227222e+01	
210	0.000000e+00	0.000000e+00	-1.227586e+01	
211	0.000000e+00	0.000000e+00	-1.227913e+01	
212	0.000000e+00	0.000000e+00	-1.228203e+01	
213	0.000000e+00	0.000000e+00	-1.228455e+01	
214	0.000000e+00	0.000000e+00	-1.228671e+01	
215	0.000000e+00	0.000000e+00	-1.228853e+01	
216	0.000000e+00	0.000000e+00	-1.229000e+01	
217	0.000000e+00	0.000000e+00	-1.229116e+01	
218	0.000000e+00	0.000000e+00	-1.229201e+01	
219	0.000000e+00	0.000000e+00	-1.229257e+01	
220	0.000000e+00	0.000000e+00	-1.229285e+01	
221	0.000000e+00	0.000000e+00	-7.090213e+00	
222	0.000000e+00	0.000000e+00	-1.223729e+01	
223	0.000000e+00	0.000000e+00	-1.224320e+01	
224	0.000000e+00	0.000000e+00	-1.224884e+01	
225	0.000000e+00	0.000000e+00	-1.225420e+01	
226	0.000000e+00	0.000000e+00	-1.225925e+01	
227	0.000000e+00	0.000000e+00	-1.226398e+01	
228	0.000000e+00	0.000000e+00	-1.226835e+01	
229	0.000000e+00	0.000000e+00	-1.227236e+01	
230	0.000000e+00	0.000000e+00	-1.227601e+01	
231	0.000000e+00	0.000000e+00	-1.227928e+01	
232	0.000000e+00	0.000000e+00	-1.228217e+01	
233	0.000000e+00	0.000000e+00	-1.228469e+01	
234	0.000000e+00	0.000000e+00	-1.228684e+01	
235	0.000000e+00	0.000000e+00	-1.228863e+01	
236	0.000000e+00	0.000000e+00	-1.229009e+01	
237	0.000000e+00	0.000000e+00	-1.229123e+01	
238	0.000000e+00	0.000000e+00	-1.229207e+01	
239	0.000000e+00	0.000000e+00	-1.229262e+01	
240	0.000000e+00	0.000000e+00	-1.229290e+01	
241	0.000000e+00	0.000000e+00	-7.090227e+00	
242	0.000000e+00	0.000000e+00	-1.223734e+01	
243	0.000000e+00	0.000000e+00	-1.224327e+01	
244	0.000000e+00	0.000000e+00	-1.224896e+01	
245	0.000000e+00	0.000000e+00	-1.225436e+01	
246	0.000000e+00	0.000000e+00	-1.225945e+01	
247	0.000000e+00	0.000000e+00	-1.226421e+01	
248	0.000000e+00	0.000000e+00	-1.226862e+01	
249	0.000000e+00	0.000000e+00	-1.227265e+01	
250	0.000000e+00	0.000000e+00	-1.227631e+01	
251	0.000000e+00	0.000000e+00	-1.227958e+01	
252	0.000000e+00	0.000000e+00	-1.228246e+01	
253	0.000000e+00	0.000000e+00	-1.228496e+01	
254	0.000000e+00	0.000000e+00	-1.228708e+01	
255	0.000000e+00	0.000000e+00	-1.228885e+01	
256	0.000000e+00	0.000000e+00	-1.229027e+01	
257	0.000000e+00	0.000000e+00	-1.229138e+01	
258	0.000000e+00	0.000000e+00	-1.229219e+01	
259	0.000000e+00	0.000000e+00	-1.229272e+01	
260	0.000000e+00	0.000000e+00	-1.229299e+01	
261	0.000000e+00	0.000000e+00	-7.090248e+00	
262	0.000000e+00	0.000000e+00	-1.223740e+01	
263	0.000000e+00	0.000000e+00	-1.224339e+01	
264	0.000000e+00	0.000000e+00	-1.224912e+01	
265	0.000000e+00	0.000000e+00	-1.225459e+01	
266	0.000000e+00	0.000000e+00	-1.225975e+01	
267	0.000000e+00	0.000000e+00	-1.226458e+01	
268	0.000000e+00	0.000000e+00	-1.226903e+01	
269	0.000000e+00	0.000000e+00	-1.227310e+01	
270	0.000000e+00	0.000000e+00	-1.227677e+01	
271	0.000000e+00	0.000000e+00	-1.228004e+01	
272	0.000000e+00	0.000000e+00	-1.228291e+01	
273	0.000000e+00	0.000000e+00	-1.228538e+01	
274	0.000000e+00	0.000000e+00	-1.228746e+01	
275	0.000000e+00	0.000000e+00	-1.228917e+01	
276	0.000000e+00	0.000000e+00	-1.229053e+01	
277	0.000000e+00	0.000000e+00	-1.229158e+01	
278	0.000000e+00	0.000000e+00	-1.229235e+01	
279	0.000000e+00	0.000000e+00	-1.229286e+01	
280	0.000000e+00	0.000000e+00	-1.229311e+01	
281	0.000000e+00	0.000000e+00	-7.090272e+00	
282	0.000000e+00	0.000000e+00	-1.223747e+01	
283	0.000000e+00	0.000000e+00	-1.224352e+01	
284	0.000000e+00	0.000000e+00	-1.224933e+01	
285	0.000000e+00	0.000000e+00	-1.225490e+01	
286	0.000000e+00	0.000000e+00	-1.226017e+01	
287	0.000000e+00	0.000000e+00	-1.226509e+01	
288	0.000000e+00	0.000000e+00	-1.226960e+01	
289	0.000000e+00	0.000000e+00	-1.227371e+01	
290	0.000000e+00	0.000000e+00	-1.227740e+01	
291	0.000000e+00	0.000000e+00	-1.228067e+01	
292	0.000000e+00	0.000000e+00	-1.228352e+01	
293	0.000000e+00	0.000000e+00	-1.228596e+01	
294	0.000000e+00	0.000000e+00	-1.228799e+01	
295	0.000000e+00	0.000000e+00	-1.228961e+01	
296	0.000000e+00	0.000000e+00	-1.229087e+01	
297	0.000000e+00	0.000000e+00	-1.229184e+01	
298	0.000000e+00	0.000000e+00	-1.229255e+01	
299	0.000000e+00	0.000000e+00	-1.229303e+01	
300	0.000000e+00	0.000000e+00	-1.229326e+01	
301	0.000000e+00	0.000000e+00	-7.090298e+00	
302	0.000000e+00	0.000000e+00	-1.223755e+01	
303	0.000000e+00	0.000000e+00	-1.224366e+01	
304	0.000000e+00	0.000000e+00	-1.224955e+01	
305	0.000000e+00	0.000000e+00	-1.225523e+01	
306	0.000000e+00	0.000000e+00	-1.229125e+01	
307	0.000000e+00	0.000000e+00	-1.229211e+01	
308	0.000000e+00	0.000000e+00	-1.229276e+01	
309	0.000000e+00	0.000000e+00	-1.229320e+01	
310	0.000000e+00	0.000000e+00	-1.229342e+01	
311	0.000000e+00	0.000000e+00	-7.090322e+00	
312	0.000000e+00	0.000000e+00	-1.223763e+01	
313	0.000000e+00	0.000000e+00	-1.224380e+01	
314	0.000000e+00	0.000000e+00	-1.224976e+01	
315	0.000000e+00	0.000000e+00	-1.225554e+01	
316	0.000000e+00	0.000000e+00	-1.229159e+01	
317	0.000000e+00	0.000000e+00	-1.229236e+01	
318	0.000000e+00	0.000000e+00	-1.229296e+01	
319	0.000000e+00	0.000000e+00	-1.229336e+01	
320	0.000000e+00	0.000000e+00	-1.229357e+01	
321	0.000000e+00	0.000000e+00	-7.090342e+00	
322	0.000000e+00	0.000000e+00	-1.223769e+01	
323	0.000000e+00	0.000000e+00	-1.224391e+01	
324	0.000000e+00	0.000000e+00	-1.224993e+01	
325	0.000000e+00	0.000000e+00	-1.225577e+01	
326	0.000000e+00	0.000000e+00	-1.229185e+01	
327	0.000000e+00	0.000000e+00	-1.229257e+01	
328	0.000000e+00	0.000000e+00	-1.229313e+01	
329	0.000000e+00	0.000000e+00	-1.229350e+01	
330	0.000000e+00	0.000000e+00	-1.229370e+01	
331	0.000000e+00	0.000000e+00	-7.090357e+00	
332	0.000000e+00	0.000000e+00	-1.223774e+01	
333	0.000000e+00	0.000000e+00	-1.224399e+01	
334	0.000000e+00	0.000000e+00	-1.225004e+01	
335	0.000000e+00	0.000000e+00	-1.225593e+01	
336	0.000000e+00	0.000000e+00	-1.229203e+01	
337	0.000000e+00	0.000000e+00	-1.229272e+01	
338	0.000000e+00	0.000000e+00	-1.229325e+01	
339	0.000000e+00	0.000000e+00	-1.229361e+01	
340	0.000000e+00	0.000000e+00	-1.229379e+01	
341	0.000000e+00	0.000000e+00	-7.090364e+00	
342	0.000000e+00	0.000000e+00	-1.223776e+01	
343	0.000000e+00	0.000000e+00	-1.224402e+01	
344	0.000000e+00	0.000000e+00	-1.225010e+01	
345	0.000000e+00	0.000000e+00	-1.225601e+01	
346	0.000000e+00	0.000000e+00	-1.229212e+01	
347	0.000000e+00	0.000000e+00	-1.229279e+01	
348	0.000000e+00	0.000000e+00	-1.229331e+01	
349	0.000000e+00	0.000000e+00	-1.229366e+01	
350	0.000000e+00	0.000000e+00	-1.229384e+01	
351	0.000000e+00	0.000000e+00	-7.090363e+00	
352	0.000000e+00	0.000000e+00	-1.223776e+01	
353	0.000000e+00	0.000000e+00	-1.224402e+01	
354	0.000000e+00	0.000000e+00	-1.225010e+01	
355	0.000000e+00	0.000000e+00	-1.225601e+01	
356	0.000000e+00	0.000000e+00	-1.229212e+01	
357	0.000000e+00	0.000000e+00	-1.229279e+01	
358	0.000000e+00	0.000000e+00	-1.229331e+01	
359	0.000000e+00	0.000000e+00	-1.229366e+01	
360	0.000000e+00	0.000000e+00	-1.229384e+01	
361	0.000000e+00	0.000000e+00	-7.090355e+00	
362	0.000000e+00	0.000000e+00	-1.223773e+01	
363	0.000000e+00	0.000000e+00	-1.224398e+01	
364	0.000000e+00	0.000000e+00	-1.225004e+01	
365	0.000000e+00	0.000000e+00	-1.225593e+01	
366	0.000000e+00	0.000000e+00	-1.229203e+01	
367	0.000000e+00	0.000000e+00	-1.229272e+01	
368	0.000000e+00	0.000000e+00	-1.229325e+01	
369	0.000000e+00	0.000000e+00	-1.229361e+01	
370	0.000000e+00	0.000000e+00	-1.229379e+01	
371	0.000000e+00	0.000000e+00	-7.090340e+00	
372	0.000000e+00	0.000000e+00	-1.223769e+01	
373	0.000000e+00	0.000000e+00	-1.224390e+01	
374	0.000000e+00	0.000000e+00	-1.224993e+01	
375	0.000000e+00	0.000000e+00	-1.225577e+01	
376	0.000000e+00	0.000000e+00	-1.229185e+01	
377	0.000000e+00	0.000000e+00	-1.229257e+01	
378	0.000000e+00	0.000000e+00	-1.229313e+01	
379	0.000000e+00	0.000000e+00	-1.229351e+01	
380	0.000000e+00	0.000000e+00	-1.229370e+01	
381	0.000000e+00	0.000000e+00	-7.090320e+00	
382	0.000000e+00	0.000000e+00	-1.223762e+01	
383	0.000000e+00	0.000000e+00	-1.224379e+01	
384	0.000000e+00	0.000000e+00	-1.224976e+01	
385	0.000000e+00	0.000000e+00	-1.225554e+01	
386	0.000000e+00	0.000000e+00	-1.229159e+01	
387	0.000000e+00	0.000000e+00	-1.229237e+01	
388	0.000000e+00	0.000000e+00	-1.229296e+01	
389	0.000000e+00	0.000000e+00	-1.229337e+01	
390	0.000000e+00	0.000000e+00	-1.229357e+01	
391	0.000000e+00	0.000000e+00	-7.090296e+00	
392	0.000000e+00	0.000000e+00	-1.223755e+01	
393	0.000000e+00	0.000000e+00	-1.224366e+01	
394	0.000000e+00	0.000000e+00	-1.224955e+01	
395	0.000000e+00	0.000000e+00	-1.225524e+01	
396	0.000000e+00	0.000000e+00	-1.229125e+01	
397	0.000000e+00	0.000000e+00	-1.229211e+01	
398	0.000000e+00	0.000000e+00	-1.229277e+01	
399	0.000000e+00	0.000000e+00	-1.229320e+01	
400	0.000000e+00	0.000000e+00	-1.229342e+01	
401	0.000000e+00	0.000000e+00	-7.090271e+00	
402	0.000000e+00	0.000000e+00	-1.223747e+01	
403	0.000000e+00	0.000000e+00	-1.224352e+01	
404	0.000000e+00	0.000000e+00	-1.224934e+01	
405	0.000000e+00	0.000000e+00	-1.225490e+01	
406	0.000000e+00	0.000000e+00	-1.226018e+01	
407	0.000000e+00	0.000000e+00	-1.226510e+01	
408	0.000000e+00	0.000000e+00	-1.226961e+01	
409	0.000000e+00	0.000000e+00	-1.227372e+01	
410	0.000000e+00	0.000000e+00	-1.227740e+01	
411	0.000000e+00	0.000000e+00	-1.228067e+01	
412	0.000000e+00	0.000000e+00	-1.228353e+01	
413	0.000000e+00	0.000000e+00	-1.228597e+01	
414	0.000000e+00	0.000000e+00	-1.228799e+01	
415	0.000000e+00	0.000000e+00	-1.228962e+01	
416	0.000000e+00	0.000000e+00	-1.229087e+01	
417	0.000000e+00	0.000000e+00	-1.229184e+01	
418	0.000000e+00	0.000000e+00	-1.229255e+01	
419	0.000000e+00	0.000000e+00	-1.229303e+01	
420	0.000000e+00	0.000000e+00	-1.229327e+01	
421	0.000000e+00	0.000000e+00	-7.090248e+00	
422	0.000000e+00	0.000000e+00	-1.223740e+01	
423	0.000000e+00	0.000000e+00	-1.224339e+01	
424	0.000000e+00	0.000000e+00	-1.224913e+01	
425	0.000000e+00	0.000000e+00	-1.225460e+01	
426	0.000000e+00	0.000000e+00	-1.225976e+01	
427	0.000000e+00	0.000000e+00	-1.226459e+01	
428	0.000000e+00	0.000000e+00	-1.226904e+01	
429	0.000000e+00	0.000000e+00	-1.227311e+01	
430	0.000000e+00	0.000000e+00	-1.227678e+01	
431	0.000000e+00	0.000000e+00	-1.228005e+01	
432	0.000000e+00	0.000000e+00	-1.228292e+01	
433	0.000000e+00	0.000000e+00	-1.228539e+01	
434	0.000000e+00	0.000000e+00	-1.228747e+01	
435	0.000000e+00	0.000000e+00	-1.228917e+01	
436	0.000000e+00	0.000000e+00	-1.229053e+01	
437	0.000000e+00	0.000000e+00	-1.229159e+01	
438	0.000000e+00	0.000000e+00	-1.229236e+01	
439	0.000000e+00	0.000000e+00	-1.229287e+01	
440	0.000000e+00	0.000000e+00	-1.229312e+01	
441	0.000000e+00	0.000000e+00	-7.090228e+00	
442	0.000000e+00	0.000000e+00	-1.223734e+01	
443	0.000000e+00	0.000000e+00	-1.224328e+01	
444	0.000000e+00	0.000000e+00	-1.224897e+01	
445	0.000000e+00	0.000000e+00	-1.225437e+01	
446	0.000000e+00	0.000000e+00	-1.225946e+01	
447	0.000000e+00	0.000000e+00	-1.226423e+01	
448	0.000000e+00	0.000000e+00	-1.226863e+01	
449	0.000000e+00	0.000000e+00	-1.227267e+01	
450	0.000000e+00	0.000000e+00	-1.227632e+01	
451	0.000000e+00	0.000000e+00	-1.227959e+01	
452	0.000000e+00	0.000000e+00	-1.228247e+01	
453	0.000000e+00	0.000000e+00	-1.228496e+01	
454	0.000000e+00	0.000000e+00	-1.228709e+01	
455	0.000000e+00	0.000000e+00	-1.228885e+01	
456	0.000000e+00	0.000000e+00	-1.229027e+01	
457	0.000000e+00	0.000000e+00	-1.229138e+01	
458	0.000000e+00	0.000000e+00	-1.229219e+01	
459	0.000000e+00	0.000000e+00	-1.229273e+01	
460	0.000000e+00	0.000000e+00	-1.229299e+01	
461	0.000000e+00	0.000000e+00	-7.090213e+00	
462	0.000000e+00	0.000000e+00	-1.223729e+01	
463	0.000000e+00	0.000000e+00	-1.224321e+01	
464	0.000000e+00	0.000000e+00	-1.224885e+01	
465	0.000000e+00	0.000000e+00	-1.225421e+01	
466	0.000000e+00	0.000000e+00	-1.225927e+01	
467	0.000000e+00	0.000000e+00	-1.226399e+01	
468	0.000000e+00	0.000000e+00	-1.226837e+01	
469	0.000000e+00	0.000000e+00	-1.227239e+01	
470	0.000000e+00	0.000000e+00	-1.227603e+01	
471	0.000000e+00	0.000000e+00	-1.227929e+01	
472	0.000000e+00	0.000000e+00	-1.228218e+01	
473	0.000000e+00	0.000000e+00	-1.228469e+01	
474	0.000000e+00	0.000000e+00	-1.228684e+01	
475	0.000000e+00	0.000000e+00	-1.228863e+01	
476	0.000000e+00	0.000000e+00	-1.229009e+01	
477	0.000000e+00	0.000000e+00	-1.229123e+01	
478	0.000000e+00	0.000000e+00	-1.229207e+01	
479	0.000000e+00	0.000000e+00	-1.229263e+01	
480	0.000000e+00	0.000000e+00	-1.229290e+01	
481	0.000000e+00	0.000000e+00	-7.090206e+00	
482	0.000000e+00	0.000000e+00	-1.223727e+01	
483	0.000000e+00	0.000000e+00	-1.224317e+01	
484	0.000000e+00	0.000000e+00	-1.224879e+01	
485	0.000000e+00	0.000000e+00	-1.225413e+01	
486	0.000000e+00	0.000000e+00	-1.225917e+01	
487	0.000000e+00	0.000000e+00	-1.226388e+01	
488	0.000000e+00	0.000000e+00	-1.226824e+01	
489	0.000000e+00	0.000000e+00	-1.227225e+01	
490	0.000000e+00	0.000000e+00	-1.227588e+01	
491	0.000000e+00	0.000000e+00	-1.227915e+01	
492	0.000000e+00	0.000000e+00	-1.228204e+01	
493	0.000000e+00	0.000000e+00	-1.228456e+01	
494	0.000000e+00	0.000000e+00	-1.228672e+01	
495	0.000000e+00	0.000000e+00	-1.228853e+01	
496	0.000000e+00	0.000000e+00	-1.229000e+01	
497	0.000000e+00	0.000000e+00	-1.229116e+01	
498	0.000000e+00	0.000000e+00	-1.229201e+01	
499	0.000000e+00	0.000000e+00	-1.229258e+01	
500	0.000000e+00	0.000000e+00	-1.229286e+01	
501	0.000000e+00	0.000000e+00	-7.090211e+00	
502	0.000000e+00	0.000000e+00	-1.223728e+01	
503	0.000000e+00	0.000000e+00	-1.224318e+01	
504	0.000000e+00	0.000000e+00	-1.224880e+01	
505	0.000000e+00	0.000000e+00	-1.225414e+01	
506	0.000000e+00	0.000000e+00	-1.225918e+01	
507	0.000000e+00	0.000000e+00	-1.226388e+01	
508	0.000000e+00	0.000000e+00	-1.226824e+01	
509	0.000000e+00	0.000000e+00	-1.227224e+01	
510	0.000000e+00	0.000000e+00	-1.227587e+01	
511	0.000000e+00	0.000000e+00	-1.227913e+01	
512	0.000000e+00	0.000000e+00	-1.228202e+01	
513	0.000000e+00	0.000000e+00	-1.228454e+01	
514	0.000000e+00	0.000000e+00	-1.228670e+01	
515	0.000000e+00	0.000000e+00	-1.228851e+01	
516	0.000000e+00	0.000000e+00	-1.228998e+01	
517	0.000000e+00	0.000000e+00	-1.229114e+01	
518	0.000000e+00	0.000000e+00	-1.229200e+01	
519	0.000000e+00	0.000000e+00	-1.229256e+01	
520	0.000000e+00	0.000000e+00	-1.229285e+01	
521	0.000000e+00	0.000000e+00	-7.090218e+00	
522	0.000000e+00	0.000000e+00	-1.223731e+01	
523	0.000000e+00	0.000000e+00	-1.224322e+01	
524	0.000000e+00	0.000000e+00	-1.224886e+01	
525	0.000000e+00	0.000000e+00	-1.225422e+01	
526	0.000000e+00	0.000000e+00	-1.225928e+01	
527	0.000000e+00	0.000000e+00	-1.226400e+01	
528	0.000000e+00	0.000000e+00	-1.226837e+01	
529	0.000000e+00	0.000000e+00	-1.227238e+01	
530	0.000000e+00	0.000000e+00	-1.227602e+01	
531	0.000000e+00	0.000000e+00	-1.227928e+01	
532	0.000000e+00	0.000000e+00	-1.228216e+01	
533	0.000000e+00	0.000000e+00	-1.228467e+01	
534	0.000000e+00	0.000000e+00	-1.228682e+01	
535	0.000000e+00	0.000000e+00	-1.228861e+01	
536	0.000000e+00	0.000000e+00	-1.229007e+01	
537	0.000000e+00	0.000000e+00	-1.229122e+01	
538	0.000000e+00	0.000000e+00	-1.229206e+01	
539	0.000000e+00	0.000000e+00	-1.229262e+01	
540	0.000000e+00	0.000000e+00	-1.229289e+01	
541	0.000000e+00	0.000000e+00	-7.090233e+00	
542	0.000000e+00	0.000000e+00	-1.223735e+01	
543	0.000000e+00	0.000000e+00	-1.224329e+01	
544	0.000000e+00	0.000000e+00	-1.224898e+01	
545	0.000000e+00	0.000000e+00	-1.225438e+01	
546	0.000000e+00	0.000000e+00	-1.225947e+01	
547	0.000000e+00	0.000000e+00	-1.226423e+01	
548	0.000000e+00	0.000000e+00	-1.226864e+01	
549	0.000000e+00	0.000000e+00	-1.227267e+01	
550	0.000000e+00	0.000000e+00	-1.227632e+01	
551	0.000000e+00	0.000000e+00	-1.227958e+01	
552	0.000000e+00	0.000000e+00	-1.228245e+01	
553	0.000000e+00	0.000000e+00	-1.228495e+01	
554	0.000000e+00	0.000000e+00	-1.228707e+01	
555	0.000000e+00	0.000000e+00	-1.228883e+01	
556	0.000000e+00	0.000000e+00	-1.229025e+01	
557	0.000000e+00	0.000000e+00	-1.229136e+01	
558	0.000000e+00	0.000000e+00	-1.229218e+01	
559	0.000000e+00	0.000000e+00	-1.229272e+01	
560	0.000000e+00	0.000000e+00	-1.229298e+01	
561	0.000000e+00	0.000000e+00	-7.090252e+00	
562	0.000000e+00	0.000000e+00	-1.223741e+01	
563	0.000000e+00	0.000000e+00	-1.224340e+01	
564	0.000000e+00	0.000000e+00	-1.224915e+01	
565	0.000000e+00	0.000000e+00	-1.225461e+01	
566	0.000000e+00	0.000000e+00	-1.225978e+01	
567	0.000000e+00	0.000000e+00	-1.226460e+01	
568	0.000000e+00	0.000000e+00	-1.226905e+01	
569	0.000000e+00	0.000000e+00	-1.227311e+01	
570	0.000000e+00	0.000000e+00	-1.227677e+01	
571	0.000000e+00	0.000000e+00	-1.228004e+01	
572	0.000000e+00	0.000000e+00	-1.228290e+01	
573	0.000000e+00	0.000000e+00	-1.228537e+01	
574	0.000000e+00	0.000000e+00	-1.228744e+01	
575	0.000000e+00	0.000000e+00	-1.228915e+01	
576	0.000000e+00	0.000000e+00	-1.229051e+01	
577	0.000000e+00	0.000000e+00	-1.229157e+01	
578	0.000000e+00	0.000000e+00	-1.229234e+01	
579	0.000000e+00	0.000000e+00	-1.229286e+01	
580	0.000000e+00	0.000000e+00	-1.229311e+01	
581	0.000000e+00	0.000000e+00	-7.090276e+00	
582	0.000000e+00	0.000000e+00	-1.223748e+01	
583	0.000000e+00	0.000000e+00	-1.224354e+01	
584	0.000000e+00	0.000000e+00	-1.224935e+01	
585	0.000000e+00	0.000000e+00	-1.225492e+01	
586	0.000000e+00	0.000000e+00	-1.226019e+01	
587	0.000000e+00	0.000000e+00	-1.226511e+01	
588	0.000000e+00	0.000000e+00	-1.226962e+01	
589	0.000000e+00	0.000000e+00	-1.227372e+01	
590	0.000000e+00	0.000000e+00	-1.227741e+01	
591	0.000000e+00	0.000000e+00	-1.228067e+01	
592	0.000000e+00	0.000000e+00	-1.228352e+01	
593	0.000000e+00	0.000000e+00	-1.228595e+01	
594	0.000000e+00	0.000000e+00	-1.228797e+01	
595	0.000000e+00	0.000000e+00	-1.228959e+01	
596	0.000000e+00	0.000000e+00	-1.229085e+01	
597	0.000000e+00	0.000000e+00	-1.229182e+01	
598	0.000000e+00	0.000000e+00	-1.229254e+01	
599	0.000000e+00	0.000000e+00	-1.229302e+01	
600	0.000000e+00	0.000000e+00	-1.229326e+01	
601	0.000000e+00	0.000000e+00	-7.090300e+00	
602	0.000000e+00	0.000000e+00	-1.223756e+01	
603	0.000000e+00	0.000000e+00	-1.224367e+01	
604	0.000000e+00	0.000000e+00	-1.224957e+01	
605	0.000000e+00	0.000000e+00	-1.225525e+01	
606	0.000000e+00	0.000000e+00	-1.229123e+01	
607	0.000000e+00	0.000000e+00	-1.229209e+01	
608	0.000000e+00	0.000000e+00	-1.229275e+01	
609	0.000000e+00	0.000000e+00	-1.229320e+01	
610	0.000000e+00	0.000000e+00	-1.229342e+01	
611	0.000000e+00	0.000000e+00	-7.090324e+00	
612	0.000000e+00	0.000000e+00	-1.223763e+01	
613	0.000000e+00	0.000000e+00	-1.224380e+01	
614	0.000000e+00	0.000000e+00	-1.224977e+01	
615	0.000000e+00	0.000000e+00	-1.225556e+01	
616	0.000000e+00	0.000000e+00	-1.229157e+01	
617	0.000000e+00	0.000000e+00	-1.229235e+01	
618	0.000000e+00	0.000000e+00	-1.229295e+01	
619	0.000000e+00	0.000000e+00	-1.229336e+01	
620	0.000000e+00	0.000000e+00	-1.229357e+01	
621	0.000000e+00	0.000000e+00	-7.090343e+00	
622	0.000000e+00	0.000000e+00	-1.223769e+01	
623	0.000000e+00	0.000000e+00	-1.224391e+01	
624	0.000000e+00	0.000000e+00	-1.224994e+01	
625	0.000000e+00	0.000000e+00	-1.225579e+01	
626	0.000000e+00	0.000000e+00	-1.229184e+01	
627	0.000000e+00	0.000000e+00	-1.229256e+01	
628	0.000000e+00	0.000000e+00	-1.229312e+01	
629	0.000000e+00	0.000000e+00	-1.229350e+01	
630	0.000000e+00	0.000000e+00	-1.229370e+01	
631	0.000000e+00	0.000000e+00	-7.090356e+00	
632	0.000000e+00	0.000000e+00	-1.223774e+01	
633	0.000000e+00	0.000000e+00	-1.224399e+01	
634	0.000000e+00	0.000000e+00	-1.225005e+01	
635	0.000000e+00	0.000000e+00	-1.225594e+01	
636	0.000000e+00	0.000000e+00	-1.229202e+01	
637	0.000000e+00	0.000000e+00	-1.229271e+01	
638	0.000000e+00	0.000000e+00	-1.229324e+01	
639	0.000000e+00	0.000000e+00	-1.229360e+01	
640	0.000000e+00	0.000000e+00	-1.229379e+01	
641	0.000000e+00	0.000000e+00	-7.090363e+00	
642	0.000000e+00	0.000000e+00	-1.223776e+01	
643	0.000000e+00	0.000000e+00	-1.224403e+01	
644	0.000000e+00	0.000000e+00	-1.225011e+01	
645	0.000000e+00	0.000000e+00	-1.225602e+01	
646	0.000000e+00	0.000000e+00	-1.229211e+01	
647	0.000000e+00	0.000000e+00	-1.229278e+01	
648	0.000000e+00	0.000000e+00	-1.229330e+01	
649	0.000000e+00	0.000000e+00	-1.229366e+01	
650	0.000000e+00	0.000000e+00	-1.229384e+01	
651	0.000000e+00	0.000000e+00	-7.090363e+00	
652	0.000000e+00	0.000000e+00	-1.223776e+01	
653	0.000000e+00	0.000000e+00	-1.224402e+01	
654	0.000000e+00	0.000000e+00	-1.225010e+01	
655	0.000000e+00	0.000000e+00	-1.225601e+01	
656	0.000000e+00	0.000000e+00	-1.229211e+01	
657	0.000000e+00	0.000000e+00	-1.229278e+01	
658	0.000000e+00	0.000000e+00	-1.229330e+01	
659	0.000000e+00	0.000000e+00	-1.229366e+01	
660	0.000000e+00	0.000000e+00	-1.229384e+01	
661	0.000000e+00	0.000000e+00	-7.090355e+00	
662	0.000000e+00	0.000000e+00	-1.223773e+01	
663	0.000000e+00	0.000000e+00	-1.224398e+01	
664	0.000000e+00	0.000000e+00	-1.225004e+01	
665	0.000000e+00	0.000000e+00	-1.225593e+01	
666	0.000000e+00	0.000000e+00	-1.229202e+01	
667	0.000000e+00	0.000000e+00	-1.229271e+01	
668	0.000000e+00	0.000000e+00	-1.229324e+01	
669	0.000000e+00	0.000000e+00	-1.229361e+01	
670	0.000000e+00	0.000000e+00	-1.229379e+01	
671	0.000000e+00	0.000000e+00	-7.090341e+00	
672	0.000000e+00	0.000000e+00	-1.223769e+01	
673	0.000000e+00	0.000000e+00	-1.224391e+01	
674	0.000000e+00	0.000000e+00	-1.224993e+01	
675	0.000000e+00	0.000000e+00	-1.225578e+01	
676	0.000000e+00	0.000000e+00	-1.229185e+01	
677	0.000000e+00	0.000000e+00	-1.229257e+01	
678	0.000000e+00	0.000000e+00	-1.229313e+01	
679	0.000000e+00	0.000000e+00	-1.229351e+01	
680	0.000000e+00	0.000000e+00	-1.229370e+01	
681	0.000000e+00	0.000000e+00	-7.090321e+00	
682	0.000000e+00	0.000000e+00	-1.223763e+01	
683	0.000000e+00	0.000000e+00	-1.224380e+01	
684	0.000000e+00	0.000000e+00	-1.224976e+01	
685	0.000000e+00	0.000000e+00	-1.225554e+01	
686	0.000000e+00	0.000000e+00	-1.229158e+01	
687	0.000000e+00	0.000000e+00	-1.229236e+01	
688	0.000000e+00	0.000000e+00	-1.229296e+01	
689	0.000000e+00	0.000000e+00	-1.229337e+01	
690	0.000000e+00	0.000000e+00	-1.229357e+01	
691	0.000000e+00	0.000000e+00	-7.090298e+00	
692	0.000000e+00	0.000000e+00	-1.223756e+01	
693	0.000000e+00	0.000000e+00	-1.224367e+01	
694	0.000000e+00	0.000000e+00	-1.224956e+01	
695	0.000000e+00	0.000000e+00	-1.225524e+01	
696	0.000000e+00	0.000000e+00	-1.229125e+01	
697	0.000000e+00	0.000000e+00	-1.229211e+01	
698	0.000000e+00	0.000000e+00	-1.229277e+01	
699	0.000000e+00	0.000000e+00	-1.229321e+01	
700	0.000000e+00	0.000000e+00	-1.229343e+01	
701	0.000000e+00	0.000000e+00	-7.090273e+00	
702	0.000000e+00	0.000000e+00	-1.223748e+01	
703	0.000000e+00	0.000000e+00	-1.224353e+01	
704	0.000000e+00	0.000000e+00	-1.224934e+01	
705	0.000000e+00	0.000000e+00	-1.225490e+01	
706	0.000000e+00	0.000000e+00	-1.226018e+01	
707	0.000000e+00	0.000000e+00	-1.226509e+01	
708	0.000000e+00	0.000000e+00	-1.226961e+01	
709	0.000000e+00	0.000000e+00	-1.227371e+01	
710	0.000000e+00	0.000000e+00	-1.227740e+01	
711	0.000000e+00	0.000000e+00	-1.228067e+01	
712	0.000000e+00	0.000000e+00	-1.228353e+01	
713	0.000000e+00	0.000000e+00	-1.228596e+01	
714	0.000000e+00	0.000000e+00	-1.228799e+01	
715	0.000000e+00	0.000000e+00	-1.228961e+01	
716	0.000000e+00	0.000000e+00	-1.229087e+01	
717	0.000000e+00	0.000000e+00	-1.229184e+01	
718	0.000000e+00	0.000000e+00	-1.229256e+01	
719	0.000000e+00	0.000000e+00	-1.229303e+01	
720	0.000000e+00	0.000000e+00	-1.229327e+01	
721	0.000000e+00	0.000000e+00	-7.090250e+00	
722	0.000000e+00	0.000000e+00	-1.223740e+01	
723	0.000000e+00	0.000000e+00	-1.224340e+01	
724	0.000000e+00	0.000000e+00	-1.224914e+01	
725	0.000000e+00	0.000000e+00	-1.225460e+01	
726	0.000000e+00	0.000000e+00	-1.225976e+01	
727	0.000000e+00	0.000000e+00	-1.226459e+01	
728	0.000000e+00	0.000000e+00	-1.226904e+01	
729	0.000000e+00	0.000000e+00	-1.227311e+01	
730	0.000000e+00	0.000000e+00	-1.227677e+01	
731	0.000000e+00	0.000000e+00	-1.228004e+01	
732	0.000000e+00	0.000000e+00	-1.228291e+01	
733	0.000000e+00	0.000000e+00	-1.228538e+01	
734	0.000000e+00	0.000000e+00	-1.228746e+01	
735	0.000000e+00	0.000000e+00	-1.228917e+01	
736	0.000000e+00	0.000000e+00	-1.229053e+01	
737	0.000000e+00	0.000000e+00	-1.229159e+01	
738	0.000000e+00	0.000000e+00	-1.229236e+01	
739	0.000000e+00	0.000000e+00	-1.229287e+01	
740	0.000000e+00	0.000000e+00	-1.229312e+01	
741	0.000000e+00	0.000000e+00	-7.090229e+00	
742	0.000000e+00	0.000000e+00	-1.223734e+01	
743	0.000000e+00	0.000000e+00	-1.224329e+01	
744	0.000000e+00	0.000000e+00	-1.224897e+01	
745	0.000000e+00	0.000000e+00	-1.225437e+01	
746	0.000000e+00	0.000000e+00	-1.225947e+01	
747	0.000000e+00	0.000000e+00	-1.226423e+01	
748	0.000000e+00	0.000000e+00	-1.226863e+01	
749	0.000000e+00	0.000000e+00	-1.227267e+01	
750	0.000000e+00	0.000000e+00	-1.227632e+01	
751	0.000000e+00	0.000000e+00	-1.227958e+01	
752	0.000000e+00	0.000000e+00	-1.228246e+01	
753	0.000000e+00	0.000000e+00	-1.228496e+01	
754	0.000000e+00	0.000000e+00	-1.228708e+01	
755	0.000000e+00	0.000000e+00	-1.228884e+01	
756	0.000000e+00	0.000000e+00	-1.229027e+01	
757	0.000000e+00	0.000000e+00	-1.229138e+01	
758	0.000000e+00	0.000000e+00	-1.229220e+01	
759	0.000000e+00	0.000000e+00	-1.229273e+01	
760	0.000000e+00	0.000000e+00	-1.229300e+01	
761	0.000000e+00	0.000000e+00	-7.090215e+00	
762	0.000000e+00	0.000000e+00	-1.223730e+01	
763	0.000000e+00	0.000000e+00	-1.224321e+01	
764	0.000000e+00	0.000000e+00	-1.224886e+01	
765	0.000000e+00	0.000000e+00	-1.225422e+01	
766	0.000000e+00	0.000000e+00	-1.225927e+01	
767	0.000000e+00	0.000000e+00	-1.226400e+01	
768	0.000000e+00	0.000000e+00	-1.226837e+01	
769	0.000000e+00	0.000000e+00	-1.227238e+01	
770	0.000000e+00	0.000000e+00	-1.227602e+01	
771	0.000000e+00	0.000000e+00	-1.227928e+01	
772	0.000000e+00	0.000000e+00	-1.228217e+01	
773	0.000000e+00	0.000000e+00	-1.228468e+01	
774	0.000000e+00	0.000000e+00	-1.228683e+01	
775	0.000000e+00	0.000000e+00	-1.228863e+01	
776	0.000000e+00	0.000000e+00	-1.229009e+01	
777	0.000000e+00	0.000000e+00	-1.229124e+01	
778	0.000000e+00	0.000000e+00	-1.229208e+01	
779	0.000000e+00	0.000000e+00	-1.229263e+01	
780	0.000000e+00	0.000000e+00	-1.229291e+01	
781	0.000000e+00	0.000000e+00	-7.090207e+00	
782	0.000000e+00	0.000000e+00	-1.223727e+01	
783	0.000000e+00	0.000000e+00	-1.224317e+01	
784	0.000000e+00	0.000000e+00	-1.224880e+01	
785	0.000000e+00	0.000000e+00	-1.225414e+01	
786	0.000000e+00	0.000000e+00	-1.225917e+01	
787	0.000000e+00	0.000000e+00	-1.226388e+01	
788	0.000000e+00	0.000000e+00	-1.226824e+01	
789	0.000000e+00	0.000000e+00	-1.227224e+01	
790	0.000000e+00	0.000000e+00	-1.227588e+01	
791	0.000000e+00	0.000000e+00	-1.227914e+01	
792	0.000000e+00	0.000000e+00	-1.228203e+01	
793	0.000000e+00	0.000000e+00	-1.228454e+01	
794	0.000000e+00	0.000000e+00	-1.228671e+01	
795	0.000000e+00	0.000000e+00	-1.228852e+01	
796	0.000000e+00	0.000000e+00	-1.229000e+01	
797	0.000000e+00	0.000000e+00	-1.229116e+01	
798	0.000000e+00	0.000000e+00	-1.229202e+01	
799	0.000000e+00	0.000000e+00	-1.229258e+01	
800	0.000000e+00	0.000000e+00	-1.229286e+01	
