fluxJ
3
800
1	0.000000e+00	0.000000e+00	-2.733940e+01	
2	0.000000e+00	0.000000e+00	-2.734694e+01	
3	0.000000e+00	0.000000e+00	-2.735382e+01	
4	0.000000e+00	0.000000e+00	-2.736004e+01	
5	0.000000e+00	0.000000e+00	-2.736560e+01	
6	0.000000e+00	0.000000e+00	-2.737051e+01	
7	0.000000e+00	0.000000e+00	-2.737477e+01	
8	0.000000e+00	0.000000e+00	-2.737839e+01	
9	0.000000e+00	0.000000e+00	-2.738134e+01	
10	0.000000e+00	0.000000e+00	-2.738362e+01	
11	0.000000e+00	0.000000e+00	-2.734003e+01	
12	0.000000e+00	0.000000e+00	-2.734771e+01	
13	0.000000e+00	0.000000e+00	-2.735468e+01	
14	0.000000e+00	0.000000e+00	-2.736095e+01	
15	0.000000e+00	0.000000e+00	-2.736654e+01	
16	0.000000e+00	0.000000e+00	-2.737146e+01	
17	0.000000e+00	0.000000e+00	-2.737570e+01	
18	0.000000e+00	0.000000e+00	-2.737926e+01	
19	0.000000e+00	0.000000e+00	-2.738213e+01	
20	0.000000e+00	0.000000e+00	-2.738429e+01	
21	0.000000e+00	0.000000e+00	-2.734048e+01	
22	0.000000e+00	0.000000e+00	-2.734826e+01	
23	0.000000e+00	0.000000e+00	-2.735529e+01	
24	0.000000e+00	0.000000e+00	-2.736161e+01	
25	0.000000e+00	0.000000e+00	-2.736722e+01	
26	0.000000e+00	0.000000e+00	-2.737214e+01	
27	0.000000e+00	0.000000e+00	-2.737637e+01	
28	0.000000e+00	0.000000e+00	-2.737989e+01	
29	0.000000e+00	0.000000e+00	-2.738270e+01	
30	0.000000e+00	0.000000e+00	-2.738477e+01	
31	0.000000e+00	0.000000e+00	-2.734078e+01	
32	0.000000e+00	0.000000e+00	-2.734861e+01	
33	0.000000e+00	0.000000e+00	-2.735569e+01	
34	0.000000e+00	0.000000e+00	-2.736204e+01	
35	0.000000e+00	0.000000e+00	-2.736767e+01	
36	0.000000e+00	0.000000e+00	-2.737259e+01	
37	0.000000e+00	0.000000e+00	-2.737680e+01	
38	0.000000e+00	0.000000e+00	-2.738030e+01	
39	0.000000e+00	0.000000e+00	-2.738307e+01	
40	0.000000e+00	0.000000e+00	-2.738509e+01	
41	0.000000e+00	0.000000e+00	-2.734093e+01	
42	0.000000e+00	0.000000e+00	-2.734879e+01	
43	0.000000e+00	0.000000e+00	-2.735589e+01	
44	0.000000e+00	0.000000e+00	-2.736225e+01	
45	0.000000e+00	0.000000e+00	-2.736788e+01	
46	0.000000e+00	0.000000e+00	-2.737281e+01	
47	0.000000e+00	0.000000e+00	-2.737701e+01	
48	0.000000e+00	0.000000e+00	-2.738050e+01	
49	0.000000e+00	0.000000e+00	-2.738326e+01	
50	0.000000e+00	0.000000e+00	-2.738526e+01	
51	0.000000e+00	0.000000e+00	-2.734093e+01	
52	0.000000e+00	0.000000e+00	-2.734879e+01	
53	0.000000e+00	0.000000e+00	-2.735589e+01	
54	0.000000e+00	0.000000e+00	-2.736225e+01	
55	0.000000e+00	0.000000e+00	-2.736789e+01	
56	0.000000e+00	0.000000e+00	-2.737281e+01	
57	0.000000e+00	0.000000e+00	-2.737701e+01	
58	0.000000e+00	0.000000e+00	-2.738050e+01	
59	0.000000e+00	0.000000e+00	-2.738326e+01	
60	0.000000e+00	0.000000e+00	-2.738526e+01	
61	0.000000e+00	0.000000e+00	-2.734078e+01	
62	0.000000e+00	0.000000e+00	-2.734861e+01	
63	0.000000e+00	0.000000e+00	-2.735569e+01	
64	0.000000e+00	0.000000e+00	-2.736204e+01	
65	0.000000e+00	0.000000e+00	-2.736767e+01	
66	0.000000e+00	0.000000e+00	-2.737259e+01	
67	0.000000e+00	0.000000e+00	-2.737680e+01	
68	0.000000e+00	0.000000e+00	-2.738030e+01	
69	0.000000e+00	0.000000e+00	-2.738307e+01	
70	0.000000e+00	0.000000e+00	-2.738510e+01	
71	0.000000e+00	0.000000e+00	-2.734048e+01	
72	0.000000e+00	0.000000e+00	-2.734826e+01	
73	0.000000e+00	0.000000e+00	-2.735530e+01	
74	0.000000e+00	0.000000e+00	-2.736161e+01	
75	0.000000e+00	0.000000e+00	-2.736723e+01	
76	0.000000e+00	0.000000e+00	-2.737215e+01	
77	0.000000e+00	0.000000e+00	-2.737637e+01	
78	0.000000e+00	0.000000e+00	-2.737990e+01	
79	0.000000e+00	0.000000e+00	-2.738270e+01	
80	0.000000e+00	0.000000e+00	-2.738477e+01	
81	0.000000e+00	0.000000e+00	-2.734003e+01	
82	0.000000e+00	0.000000e+00	-2.734771e+01	
83	0.000000e+00	0.000000e+00	-2.735468e+01	
84	0.000000e+00	0.000000e+00	-2.736096e+01	
85	0.000000e+00	0.000000e+00	-2.736655e+01	
86	0.000000e+00	0.000000e+00	-2.737146e+01	
87	0.000000e+00	0.000000e+00	-2.737571e+01	
88	0.000000e+00	0.000000e+00	-2.737927e+01	
89	0.000000e+00	0.000000e+00	-2.738214e+01	
90	0.000000e+00	0.000000e+00	-2.738429e+01	
91	0.000000e+00	0.000000e+00	-2.733941e+01	
92	0.000000e+00	0.000000e+00	-2.734695e+01	
93	0.000000e+00	0.000000e+00	-2.735383e+01	
94	0.000000e+00	0.000000e+00	-2.736005e+01	
95	0.000000e+00	0.000000e+00	-2.736561e+01	
96	0.000000e+00	0.000000e+00	-2.737052e+01	
97	0.000000e+00	0.000000e+00	-2.737479e+01	
98	0.000000e+00	0.000000e+00	-2.737840e+01	
99	0.000000e+00	0.000000e+00	-2.738135e+01	
100	0.000000e+00	0.000000e+00	-2.738362e+01	
101	0.000000e+00	0.000000e+00	-2.733945e+01	
102	0.000000e+00	0.000000e+00	-2.734699e+01	
103	0.000000e+00	0.000000e+00	-2.735386e+01	
104	0.000000e+00	0.000000e+00	-2.736007e+01	
105	0.000000e+00	0.000000e+00	-2.736562e+01	
106	0.000000e+00	0.000000e+00	-2.737052e+01	
107	0.000000e+00	0.000000e+00	-2.737477e+01	
108	0.000000e+00	0.000000e+00	-2.737837e+01	
109	0.000000e+00	0.000000e+00	-2.738130e+01	
110	0.000000e+00	0.000000e+00	-2.738357e+01	
111	0.000000e+00	0.000000e+00	-2.734007e+01	
112	0.000000e+00	0.000000e+00	-2.734775e+01	
113	0.000000e+00	0.000000e+00	-2.735471e+01	
114	0.000000e+00	0.000000e+00	-2.736098e+01	
115	0.000000e+00	0.000000e+00	-2.736656e+01	
116	0.000000e+00	0.000000e+00	-2.737147e+01	
117	0.000000e+00	0.000000e+00	-2.737570e+01	
118	0.000000e+00	0.000000e+00	-2.737924e+01	
119	0.000000e+00	0.000000e+00	-2.738210e+01	
120	0.000000e+00	0.000000e+00	-2.738424e+01	
121	0.000000e+00	0.000000e+00	-2.734052e+01	
122	0.000000e+00	0.000000e+00	-2.734829e+01	
123	0.000000e+00	0.000000e+00	-2.735532e+01	
124	0.000000e+00	0.000000e+00	-2.736163e+01	
125	0.000000e+00	0.000000e+00	-2.736724e+01	
126	0.000000e+00	0.000000e+00	-2.737215e+01	
127	0.000000e+00	0.000000e+00	-2.737637e+01	
128	0.000000e+00	0.000000e+00	-2.737988e+01	
129	0.000000e+00	0.000000e+00	-2.738267e+01	
130	0.000000e+00	0.000000e+00	-2.738474e+01	
131	0.000000e+00	0.000000e+00	-2.734081e+01	
132	0.000000e+00	0.000000e+00	-2.734864e+01	
133	0.000000e+00	0.000000e+00	-2.735571e+01	
134	0.000000e+00	0.000000e+00	-2.736205e+01	
135	0.000000e+00	0.000000e+00	-2.736768e+01	
136	0.000000e+00	0.000000e+00	-2.737259e+01	
137	0.000000e+00	0.000000e+00	-2.737680e+01	
138	0.000000e+00	0.000000e+00	-2.738029e+01	
139	0.000000e+00	0.000000e+00	-2.738305e+01	
140	0.000000e+00	0.000000e+00	-2.738506e+01	
141	0.000000e+00	0.000000e+00	-2.734095e+01	
142	0.000000e+00	0.000000e+00	-2.734880e+01	
143	0.000000e+00	0.000000e+00	-2.735590e+01	
144	0.000000e+00	0.000000e+00	-2.736226e+01	
145	0.000000e+00	0.000000e+00	-2.736789e+01	
146	0.000000e+00	0.000000e+00	-2.737281e+01	
147	0.000000e+00	0.000000e+00	-2.737702e+01	
148	0.000000e+00	0.000000e+00	-2.738050e+01	
149	0.000000e+00	0.000000e+00	-2.738324e+01	
150	0.000000e+00	0.000000e+00	-2.738523e+01	
151	0.000000e+00	0.000000e+00	-2.734094e+01	
152	0.000000e+00	0.000000e+00	-2.734880e+01	
153	0.000000e+00	0.000000e+00	-2.735590e+01	
154	0.000000e+00	0.000000e+00	-2.736226e+01	
155	0.000000e+00	0.000000e+00	-2.736789e+01	
156	0.000000e+00	0.000000e+00	-2.737282e+01	
157	0.000000e+00	0.000000e+00	-2.737702e+01	
158	0.000000e+00	0.000000e+00	-2.738050e+01	
159	0.000000e+00	0.000000e+00	-2.738324e+01	
160	0.000000e+00	0.000000e+00	-2.738523e+01	
161	0.000000e+00	0.000000e+00	-2.734079e+01	
162	0.000000e+00	0.000000e+00	-2.734862e+01	
163	0.000000e+00	0.000000e+00	-2.735570e+01	
164	0.000000e+00	0.000000e+00	-2.736204e+01	
165	0.000000e+00	0.000000e+00	-2.736768e+01	
166	0.000000e+00	0.000000e+00	-2.737260e+01	
167	0.000000e+00	0.000000e+00	-2.737681e+01	
168	0.000000e+00	0.000000e+00	-2.738030e+01	
169	0.000000e+00	0.000000e+00	-2.738306e+01	
170	0.000000e+00	0.000000e+00	-2.738508e+01	
171	0.000000e+00	0.000000e+00	-2.734049e+01	
172	0.000000e+00	0.000000e+00	-2.734826e+01	
173	0.000000e+00	0.000000e+00	-2.735530e+01	
174	0.000000e+00	0.000000e+00	-2.736162e+01	
175	0.000000e+00	0.000000e+00	-2.736723e+01	
176	0.000000e+00	0.000000e+00	-2.737215e+01	
177	0.000000e+00	0.000000e+00	-2.737638e+01	
178	0.000000e+00	0.000000e+00	-2.737989e+01	
179	0.000000e+00	0.000000e+00	-2.738269e+01	
180	0.000000e+00	0.000000e+00	-2.738476e+01	
181	0.000000e+00	0.000000e+00	-2.734003e+01	
182	0.000000e+00	0.000000e+00	-2.734771e+01	
183	0.000000e+00	0.000000e+00	-2.735468e+01	
184	0.000000e+00	0.000000e+00	-2.736096e+01	
185	0.000000e+00	0.000000e+00	-2.736655e+01	
186	0.000000e+00	0.000000e+00	-2.737147e+01	
187	0.000000e+00	0.000000e+00	-2.737571e+01	
188	0.000000e+00	0.000000e+00	-2.737926e+01	
189	0.000000e+00	0.000000e+00	-2.738213e+01	
190	0.000000e+00	0.000000e+00	-2.738428e+01	
191	0.000000e+00	0.000000e+00	-2.733941e+01	
192	0.000000e+00	0.000000e+00	-2.734695e+01	
193	0.000000e+00	0.000000e+00	-2.735383e+01	
194	0.000000e+00	0.000000e+00	-2.736005e+01	
195	0.000000e+00	0.000000e+00	-2.736561e+01	
196	0.000000e+00	0.000000e+00	-2.737053e+01	
197	0.000000e+00	0.000000e+00	-2.737479e+01	
198	0.000000e+00	0.000000e+00	-2.737839e+01	
199	0.000000e+00	0.000000e+00	-2.738133e+01	
200	0.000000e+00	0.000000e+00	-2.738361e+01	
201	0.000000e+00	0.000000e+00	-5.816767e+00	
202	0.000000e+00	0.000000e+00	-1.003835e+01	
203	0.000000e+00	0.000000e+00	-1.004160e+01	
204	0.000000e+00	0.000000e+00	-1.004470e+01	
205	0.000000e+00	0.000000e+00	-1.004765e+01	
206	0.000000e+00	0.000000e+00	-1.005043e+01	
207	0.000000e+00	0.000000e+00	-1.005302e+01	
208	0.000000e+00	0.000000e+00	-1.005542e+01	
209	0.000000e+00	0.000000e+00	-1.005763e+01	
210	0.000000e+00	0.000000e+00	-1.005964e+01	
211	0.000000e+00	0.000000e+00	-1.006144e+01	
212	0.000000e+00	0.000000e+00	-1.006304e+01	
213	0.000000e+00	0.000000e+00	-1.006444e+01	
214	0.000000e+00	0.000000e+00	-1.006563e+01	
215	0.000000e+00	0.000000e+00	-1.006663e+01	
216	0.000000e+00	0.000000e+00	-1.006744e+01	
217	0.000000e+00	0.000000e+00	-1.006808e+01	
218	0.000000e+00	0.000000e+00	-1.006855e+01	
219	0.000000e+00	0.000000e+00	-1.006886e+01	
220	0.000000e+00	0.000000e+00	-1.006901e+01	
221	0.000000e+00	0.000000e+00	-5.816771e+00	
222	0.000000e+00	0.000000e+00	-1.003836e+01	
223	0.000000e+00	0.000000e+00	-1.004162e+01	
224	0.000000e+00	0.000000e+00	-1.004473e+01	
225	0.000000e+00	0.000000e+00	-1.004769e+01	
226	0.000000e+00	0.000000e+00	-1.005048e+01	
227	0.000000e+00	0.000000e+00	-1.005308e+01	
228	0.000000e+00	0.000000e+00	-1.005549e+01	
229	0.000000e+00	0.000000e+00	-1.005771e+01	
230	0.000000e+00	0.000000e+00	-1.005972e+01	
231	0.000000e+00	0.000000e+00	-1.006152e+01	
232	0.000000e+00	0.000000e+00	-1.006312e+01	
233	0.000000e+00	0.000000e+00	-1.006451e+01	
234	0.000000e+00	0.000000e+00	-1.006570e+01	
235	0.000000e+00	0.000000e+00	-1.006669e+01	
236	0.000000e+00	0.000000e+00	-1.006749e+01	
237	0.000000e+00	0.000000e+00	-1.006812e+01	
238	0.000000e+00	0.000000e+00	-1.006858e+01	
239	0.000000e+00	0.000000e+00	-1.006889e+01	
240	0.000000e+00	0.000000e+00	-1.006904e+01	
241	0.000000e+00	0.000000e+00	-5.816780e+00	
242	0.000000e+00	0.000000e+00	-1.003839e+01	
243	0.000000e+00	0.000000e+00	-1.004166e+01	
244	0.000000e+00	0.000000e+00	-1.004480e+01	
245	0.000000e+00	0.000000e+00	-1.004778e+01	
246	0.000000e+00	0.000000e+00	-1.005059e+01	
247	0.000000e+00	0.000000e+00	-1.005322e+01	
248	0.000000e+00	0.000000e+00	-1.005564e+01	
249	0.000000e+00	0.000000e+00	-1.005787e+01	
250	0.000000e+00	0.000000e+00	-1.005989e+01	
251	0.000000e+00	0.000000e+00	-1.006169e+01	
252	0.000000e+00	0.000000e+00	-1.006328e+01	
253	0.000000e+00	0.000000e+00	-1.006466e+01	
254	0.000000e+00	0.000000e+00	-1.006583e+01	
255	0.000000e+00	0.000000e+00	-1.006680e+01	
256	0.000000e+00	0.000000e+00	-1.006759e+01	
257	0.000000e+00	0.000000e+00	-1.006820e+01	
258	0.000000e+00	0.000000e+00	-1.006865e+01	
259	0.000000e+00	0.000000e+00	-1.006894e+01	
260	0.000000e+00	0.000000e+00	-1.006909e+01	
261	0.000000e+00	0.000000e+00	-5.816791e+00	
262	0.000000e+00	0.000000e+00	-1.003842e+01	
263	0.000000e+00	0.000000e+00	-1.004173e+01	
264	0.000000e+00	0.000000e+00	-1.004489e+01	
265	0.000000e+00	0.000000e+00	-1.004791e+01	
266	0.000000e+00	0.000000e+00	-1.005076e+01	
267	0.000000e+00	0.000000e+00	-1.005342e+01	
268	0.000000e+00	0.000000e+00	-1.005587e+01	
269	0.000000e+00	0.000000e+00	-1.005812e+01	
270	0.000000e+00	0.000000e+00	-1.006014e+01	
271	0.000000e+00	0.000000e+00	-1.006194e+01	
272	0.000000e+00	0.000000e+00	-1.006353e+01	
273	0.000000e+00	0.000000e+00	-1.006489e+01	
274	0.000000e+00	0.000000e+00	-1.006604e+01	
275	0.000000e+00	0.000000e+00	-1.006698e+01	
276	0.000000e+00	0.000000e+00	-1.006773e+01	
277	0.000000e+00	0.000000e+00	-1.006831e+01	
278	0.000000e+00	0.000000e+00	-1.006874e+01	
279	0.000000e+00	0.000000e+00	-1.006902e+01	
280	0.000000e+00	0.000000e+00	-1.006916e+01	
281	0.000000e+00	0.000000e+00	-5.816805e+00	
282	0.000000e+00	0.000000e+00	-1.003847e+01	
283	0.000000e+00	0.000000e+00	-1.004180e+01	
284	0.000000e+00	0.000000e+00	-1.004501e+01	
285	0.000000e+00	0.000000e+00	-1.004808e+01	
286	0.000000e+00	0.000000e+00	-1.005099e+01	
287	0.000000e+00	0.000000e+00	-1.005370e+01	
288	0.000000e+00	0.000000e+00	-1.005619e+01	
289	0.000000e+00	0.000000e+00	-1.005845e+01	
290	0.000000e+00	0.000000e+00	-1.006049e+01	
291	0.000000e+00	0.000000e+00	-1.006229e+01	
292	0.000000e+00	0.000000e+00	-1.006387e+01	
293	0.000000e+00	0.000000e+00	-1.006521e+01	
294	0.000000e+00	0.000000e+00	-1.006633e+01	
295	0.000000e+00	0.000000e+00	-1.006723e+01	
296	0.000000e+00	0.000000e+00	-1.006792e+01	
297	0.000000e+00	0.000000e+00	-1.006845e+01	
298	0.000000e+00	0.000000e+00	-1.006885e+01	
299	0.000000e+00	0.000000e+00	-1.006911e+01	
300	0.000000e+00	0.000000e+00	-1.006924e+01	
301	0.000000e+00	0.000000e+00	-5.816819e+00	
302	0.000000e+00	0.000000e+00	-1.003851e+01	
303	0.000000e+00	0.000000e+00	-1.004188e+01	
304	0.000000e+00	0.000000e+00	-1.004513e+01	
305	0.000000e+00	0.000000e+00	-1.004826e+01	
306	0.000000e+00	0.000000e+00	-1.006813e+01	
307	0.000000e+00	0.000000e+00	-1.006860e+01	
308	0.000000e+00	0.000000e+00	-1.006896e+01	
309	0.000000e+00	0.000000e+00	-1.006920e+01	
310	0.000000e+00	0.000000e+00	-1.006932e+01	
311	0.000000e+00	0.000000e+00	-5.816832e+00	
312	0.000000e+00	0.000000e+00	-1.003855e+01	
313	0.000000e+00	0.000000e+00	-1.004195e+01	
314	0.000000e+00	0.000000e+00	-1.004524e+01	
315	0.000000e+00	0.000000e+00	-1.004843e+01	
316	0.000000e+00	0.000000e+00	-1.006832e+01	
317	0.000000e+00	0.000000e+00	-1.006874e+01	
318	0.000000e+00	0.000000e+00	-1.006907e+01	
319	0.000000e+00	0.000000e+00	-1.006929e+01	
320	0.000000e+00	0.000000e+00	-1.006941e+01	
321	0.000000e+00	0.000000e+00	-5.816844e+00	
322	0.000000e+00	0.000000e+00	-1.003859e+01	
323	0.000000e+00	0.000000e+00	-1.004201e+01	
324	0.000000e+00	0.000000e+00	-1.004533e+01	
325	0.000000e+00	0.000000e+00	-1.004856e+01	
326	0.000000e+00	0.000000e+00	-1.006846e+01	
327	0.000000e+00	0.000000e+00	-1.006886e+01	
328	0.000000e+00	0.000000e+00	-1.006916e+01	
329	0.000000e+00	0.000000e+00	-1.006937e+01	
330	0.000000e+00	0.000000e+00	-1.006948e+01	
331	0.000000e+00	0.000000e+00	-5.816852e+00	
332	0.000000e+00	0.000000e+00	-1.003861e+01	
333	0.000000e+00	0.000000e+00	-1.004206e+01	
334	0.000000e+00	0.000000e+00	-1.004540e+01	
335	0.000000e+00	0.000000e+00	-1.004865e+01	
336	0.000000e+00	0.000000e+00	-1.006856e+01	
337	0.000000e+00	0.000000e+00	-1.006894e+01	
338	0.000000e+00	0.000000e+00	-1.006923e+01	
339	0.000000e+00	0.000000e+00	-1.006943e+01	
340	0.000000e+00	0.000000e+00	-1.006953e+01	
341	0.000000e+00	0.000000e+00	-5.816855e+00	
342	0.000000e+00	0.000000e+00	-1.003862e+01	
343	0.000000e+00	0.000000e+00	-1.004208e+01	
344	0.000000e+00	0.000000e+00	-1.004543e+01	
345	0.000000e+00	0.000000e+00	-1.004869e+01	
346	0.000000e+00	0.000000e+00	-1.006861e+01	
347	0.000000e+00	0.000000e+00	-1.006898e+01	
348	0.000000e+00	0.000000e+00	-1.006926e+01	
349	0.000000e+00	0.000000e+00	-1.006946e+01	
350	0.000000e+00	0.000000e+00	-1.006955e+01	
351	0.000000e+00	0.000000e+00	-5.816855e+00	
352	0.000000e+00	0.000000e+00	-1.003862e+01	
353	0.000000e+00	0.000000e+00	-1.004208e+01	
354	0.000000e+00	0.000000e+00	-1.004543e+01	
355	0.000000e+00	0.000000e+00	-1.004869e+01	
356	0.000000e+00	0.000000e+00	-1.006861e+01	
357	0.000000e+00	0.000000e+00	-1.006898e+01	
358	0.000000e+00	0.000000e+00	-1.006926e+01	
359	0.000000e+00	0.000000e+00	-1.006946e+01	
360	0.000000e+00	0.000000e+00	-1.006955e+01	
361	0.000000e+00	0.000000e+00	-5.816850e+00	
362	0.000000e+00	0.000000e+00	-1.003861e+01	
363	0.000000e+00	0.000000e+00	-1.004206e+01	
364	0.000000e+00	0.000000e+00	-1.004540e+01	
365	0.000000e+00	0.000000e+00	-1.004865e+01	
366	0.000000e+00	0.000000e+00	-1.006856e+01	
367	0.000000e+00	0.000000e+00	-1.006894e+01	
368	0.000000e+00	0.000000e+00	-1.006923e+01	
369	0.000000e+00	0.000000e+00	-1.006943e+01	
370	0.000000e+00	0.000000e+00	-1.006953e+01	
371	0.000000e+00	0.000000e+00	-5.816841e+00	
372	0.000000e+00	0.000000e+00	-1.003858e+01	
373	0.000000e+00	0.000000e+00	-1.004201e+01	
374	0.000000e+00	0.000000e+00	-1.004533e+01	
375	0.000000e+00	0.000000e+00	-1.004856e+01	
376	0.000000e+00	0.000000e+00	-1.006846e+01	
377	0.000000e+00	0.000000e+00	-1.006886e+01	
378	0.000000e+00	0.000000e+00	-1.006917e+01	
379	0.000000e+00	0.000000e+00	-1.006937e+01	
380	0.000000e+00	0.000000e+00	-1.006948e+01	
381	0.000000e+00	0.000000e+00	-5.816830e+00	
382	0.000000e+00	0.000000e+00	-1.003855e+01	
383	0.000000e+00	0.000000e+00	-1.004195e+01	
384	0.000000e+00	0.000000e+00	-1.004524e+01	
385	0.000000e+00	0.000000e+00	-1.004843e+01	
386	0.000000e+00	0.000000e+00	-1.006832e+01	
387	0.000000e+00	0.000000e+00	-1.006874e+01	
388	0.000000e+00	0.000000e+00	-1.006907e+01	
389	0.000000e+00	0.000000e+00	-1.006930e+01	
390	0.000000e+00	0.000000e+00	-1.006941e+01	
391	0.000000e+00	0.000000e+00	-5.816817e+00	
392	0.000000e+00	0.000000e+00	-1.003851e+01	
393	0.000000e+00	0.000000e+00	-1.004188e+01	
394	0.000000e+00	0.000000e+00	-1.004513e+01	
395	0.000000e+00	0.000000e+00	-1.004826e+01	
396	0.000000e+00	0.000000e+00	-1.006813e+01	
397	0.000000e+00	0.000000e+00	-1.006860e+01	
398	0.000000e+00	0.000000e+00	-1.006896e+01	
399	0.000000e+00	0.000000e+00	-1.006921e+01	
400	0.000000e+00	0.000000e+00	-1.006933e+01	
401	0.000000e+00	0.000000e+00	-5.816804e+00	
402	0.000000e+00	0.000000e+00	-1.003847e+01	
403	0.000000e+00	0.000000e+00	-1.004180e+01	
404	0.000000e+00	0.000000e+00	-1.004501e+01	
405	0.000000e+00	0.000000e+00	-1.004808e+01	
406	0.000000e+00	0.000000e+00	-1.005099e+01	
407	0.000000e+00	0.000000e+00	-1.005370e+01	
408	0.000000e+00	0.000000e+00	-1.005620e+01	
409	0.000000e+00	0.000000e+00	-1.005846e+01	
410	0.000000e+00	0.000000e+00	-1.006049e+01	
411	0.000000e+00	0.000000e+00	-1.006230e+01	
412	0.000000e+00	0.000000e+00	-1.006387e+01	
413	0.000000e+00	0.000000e+00	-1.006522e+01	
414	0.000000e+00	0.000000e+00	-1.006634e+01	
415	0.000000e+00	0.000000e+00	-1.006723e+01	
416	0.000000e+00	0.000000e+00	-1.006792e+01	
417	0.000000e+00	0.000000e+00	-1.006846e+01	
418	0.000000e+00	0.000000e+00	-1.006885e+01	
419	0.000000e+00	0.000000e+00	-1.006911e+01	
420	0.000000e+00	0.000000e+00	-1.006924e+01	
421	0.000000e+00	0.000000e+00	-5.816791e+00	
422	0.000000e+00	0.000000e+00	-1.003842e+01	
423	0.000000e+00	0.000000e+00	-1.004173e+01	
424	0.000000e+00	0.000000e+00	-1.004490e+01	
425	0.000000e+00	0.000000e+00	-1.004791e+01	
426	0.000000e+00	0.000000e+00	-1.005076e+01	
427	0.000000e+00	0.000000e+00	-1.005342e+01	
428	0.000000e+00	0.000000e+00	-1.005588e+01	
429	0.000000e+00	0.000000e+00	-1.005813e+01	
430	0.000000e+00	0.000000e+00	-1.006015e+01	
431	0.000000e+00	0.000000e+00	-1.006195e+01	
432	0.000000e+00	0.000000e+00	-1.006353e+01	
433	0.000000e+00	0.000000e+00	-1.006490e+01	
434	0.000000e+00	0.000000e+00	-1.006604e+01	
435	0.000000e+00	0.000000e+00	-1.006698e+01	
436	0.000000e+00	0.000000e+00	-1.006774e+01	
437	0.000000e+00	0.000000e+00	-1.006831e+01	
438	0.000000e+00	0.000000e+00	-1.006874e+01	
439	0.000000e+00	0.000000e+00	-1.006902e+01	
440	0.000000e+00	0.000000e+00	-1.006916e+01	
441	0.000000e+00	0.000000e+00	-5.816780e+00	
442	0.000000e+00	0.000000e+00	-1.003839e+01	
443	0.000000e+00	0.000000e+00	-1.004167e+01	
444	0.000000e+00	0.000000e+00	-1.004481e+01	
445	0.000000e+00	0.000000e+00	-1.004779e+01	
446	0.000000e+00	0.000000e+00	-1.005060e+01	
447	0.000000e+00	0.000000e+00	-1.005323e+01	
448	0.000000e+00	0.000000e+00	-1.005566e+01	
449	0.000000e+00	0.000000e+00	-1.005789e+01	
450	0.000000e+00	0.000000e+00	-1.005990e+01	
451	0.000000e+00	0.000000e+00	-1.006170e+01	
452	0.000000e+00	0.000000e+00	-1.006329e+01	
453	0.000000e+00	0.000000e+00	-1.006466e+01	
454	0.000000e+00	0.000000e+00	-1.006583e+01	
455	0.000000e+00	0.000000e+00	-1.006681e+01	
456	0.000000e+00	0.000000e+00	-1.006759e+01	
457	0.000000e+00	0.000000e+00	-1.006820e+01	
458	0.000000e+00	0.000000e+00	-1.006865e+01	
459	0.000000e+00	0.000000e+00	-1.006894e+01	
460	0.000000e+00	0.000000e+00	-1.006909e+01	
461	0.000000e+00	0.000000e+00	-5.816772e+00	
462	0.000000e+00	0.000000e+00	-1.003837e+01	
463	0.000000e+00	0.000000e+00	-1.004163e+01	
464	0.000000e+00	0.000000e+00	-1.004474e+01	
465	0.000000e+00	0.000000e+00	-1.004770e+01	
466	0.000000e+00	0.000000e+00	-1.005049e+01	
467	0.000000e+00	0.000000e+00	-1.005310e+01	
468	0.000000e+00	0.000000e+00	-1.005551e+01	
469	0.000000e+00	0.000000e+00	-1.005773e+01	
470	0.000000e+00	0.000000e+00	-1.005974e+01	
471	0.000000e+00	0.000000e+00	-1.006154e+01	
472	0.000000e+00	0.000000e+00	-1.006313e+01	
473	0.000000e+00	0.000000e+00	-1.006451e+01	
474	0.000000e+00	0.000000e+00	-1.006570e+01	
475	0.000000e+00	0.000000e+00	-1.006669e+01	
476	0.000000e+00	0.000000e+00	-1.006749e+01	
477	0.000000e+00	0.000000e+00	-1.006812e+01	
478	0.000000e+00	0.000000e+00	-1.006858e+01	
479	0.000000e+00	0.000000e+00	-1.006889e+01	
480	0.000000e+00	0.000000e+00	-1.006904e+01	
481	0.000000e+00	0.000000e+00	-5.816768e+00	
482	0.000000e+00	0.000000e+00	-1.003835e+01	
483	0.000000e+00	0.000000e+00	-1.004161e+01	
484	0.000000e+00	0.000000e+00	-1.004471e+01	
485	0.000000e+00	0.000000e+00	-1.004766e+01	
486	0.000000e+00	0.000000e+00	-1.005044e+01	
487	0.000000e+00	0.000000e+00	-1.005303e+01	
488	0.000000e+00	0.000000e+00	-1.005544e+01	
489	0.000000e+00	0.000000e+00	-1.005765e+01	
490	0.000000e+00	0.000000e+00	-1.005966e+01	
491	0.000000e+00	0.000000e+00	-1.006146e+01	
492	0.000000e+00	0.000000e+00	-1.006305e+01	
493	0.000000e+00	0.000000e+00	-1.006444e+01	
494	0.000000e+00	0.000000e+00	-1.006563e+01	
495	0.000000e+00	0.000000e+00	-1.006663e+01	
496	0.000000e+00	0.000000e+00	-1.006744e+01	
497	0.000000e+00	0.000000e+00	-1.006808e+01	
498	0.000000e+00	0.000000e+00	-1.006855e+01	
499	0.000000e+00	0.000000e+00	-1.006886e+01	
500	0.000000e+00	0.000000e+00	-1.006902e+01	
501	0.000000e+00	0.000000e+00	-5.816772e+00	
502	0.000000e+00	0.000000e+00	-1.003836e+01	
503	0.000000e+00	0.000000e+00	-1.004162e+01	
504	0.000000e+00	0.000000e+00	-1.004472e+01	
505	0.000000e+00	0.000000e+00	-1.004767e+01	
506	0.000000e+00	0.000000e+00	-1.005044e+01	
507	0.000000e+00	0.000000e+00	-1.005304e+01	
508	0.000000e+00	0.000000e+00	-1.005544e+01	
509	0.000000e+00	0.000000e+00	-1.005764e+01	
510	0.000000e+00	0.000000e+00	-1.005965e+01	
511	0.000000e+00	0.000000e+00	-1.006144e+01	
512	0.000000e+00	0.000000e+00	-1.006303e+01	
513	0.000000e+00	0.000000e+00	-1.006442e+01	
514	0.000000e+00	0.000000e+00	-1.006561e+01	
515	0.000000e+00	0.000000e+00	-1.006661e+01	
516	0.000000e+00	0.000000e+00	-1.006743e+01	
517	0.000000e+00	0.000000e+00	-1.006807e+01	
518	0.000000e+00	0.000000e+00	-1.006854e+01	
519	0.000000e+00	0.000000e+00	-1.006885e+01	
520	0.000000e+00	0.000000e+00	-1.006901e+01	
521	0.000000e+00	0.000000e+00	-5.816776e+00	
522	0.000000e+00	0.000000e+00	-1.003838e+01	
523	0.000000e+00	0.000000e+00	-1.004164e+01	
524	0.000000e+00	0.000000e+00	-1.004475e+01	
525	0.000000e+00	0.000000e+00	-1.004771e+01	
526	0.000000e+00	0.000000e+00	-1.005050e+01	
527	0.000000e+00	0.000000e+00	-1.005310e+01	
528	0.000000e+00	0.000000e+00	-1.005551e+01	
529	0.000000e+00	0.000000e+00	-1.005772e+01	
530	0.000000e+00	0.000000e+00	-1.005973e+01	
531	0.000000e+00	0.000000e+00	-1.006152e+01	
532	0.000000e+00	0.000000e+00	-1.006311e+01	
533	0.000000e+00	0.000000e+00	-1.006450e+01	
534	0.000000e+00	0.000000e+00	-1.006568e+01	
535	0.000000e+00	0.000000e+00	-1.006667e+01	
536	0.000000e+00	0.000000e+00	-1.006748e+01	
537	0.000000e+00	0.000000e+00	-1.006811e+01	
538	0.000000e+00	0.000000e+00	-1.006857e+01	
539	0.000000e+00	0.000000e+00	-1.006888e+01	
540	0.000000e+00	0.000000e+00	-1.006903e+01	
541	0.000000e+00	0.000000e+00	-5.816784e+00	
542	0.000000e+00	0.000000e+00	-1.003840e+01	
543	0.000000e+00	0.000000e+00	-1.004168e+01	
544	0.000000e+00	0.000000e+00	-1.004482e+01	
545	0.000000e+00	0.000000e+00	-1.004780e+01	
546	0.000000e+00	0.000000e+00	-1.005061e+01	
547	0.000000e+00	0.000000e+00	-1.005323e+01	
548	0.000000e+00	0.000000e+00	-1.005566e+01	
549	0.000000e+00	0.000000e+00	-1.005788e+01	
550	0.000000e+00	0.000000e+00	-1.005989e+01	
551	0.000000e+00	0.000000e+00	-1.006169e+01	
552	0.000000e+00	0.000000e+00	-1.006327e+01	
553	0.000000e+00	0.000000e+00	-1.006465e+01	
554	0.000000e+00	0.000000e+00	-1.006582e+01	
555	0.000000e+00	0.000000e+00	-1.006679e+01	
556	0.000000e+00	0.000000e+00	-1.006757e+01	
557	0.000000e+00	0.000000e+00	-1.006819e+01	
558	0.000000e+00	0.000000e+00	-1.006864e+01	
559	0.000000e+00	0.000000e+00	-1.006894e+01	
560	0.000000e+00	0.000000e+00	-1.006908e+01	
561	0.000000e+00	0.000000e+00	-5.816795e+00	
562	0.000000e+00	0.000000e+00	-1.003843e+01	
563	0.000000e+00	0.000000e+00	-1.004174e+01	
564	0.000000e+00	0.000000e+00	-1.004491e+01	
565	0.000000e+00	0.000000e+00	-1.004793e+01	
566	0.000000e+00	0.000000e+00	-1.005077e+01	
567	0.000000e+00	0.000000e+00	-1.005343e+01	
568	0.000000e+00	0.000000e+00	-1.005589e+01	
569	0.000000e+00	0.000000e+00	-1.005813e+01	
570	0.000000e+00	0.000000e+00	-1.006015e+01	
571	0.000000e+00	0.000000e+00	-1.006194e+01	
572	0.000000e+00	0.000000e+00	-1.006352e+01	
573	0.000000e+00	0.000000e+00	-1.006488e+01	
574	0.000000e+00	0.000000e+00	-1.006603e+01	
575	0.000000e+00	0.000000e+00	-1.006697e+01	
576	0.000000e+00	0.000000e+00	-1.006772e+01	
577	0.000000e+00	0.000000e+00	-1.006830e+01	
578	0.000000e+00	0.000000e+00	-1.006873e+01	
579	0.000000e+00	0.000000e+00	-1.006901e+01	
580	0.000000e+00	0.000000e+00	-1.006915e+01	
581	0.000000e+00	0.000000e+00	-5.816807e+00	
582	0.000000e+00	0.000000e+00	-1.003847e+01	
583	0.000000e+00	0.000000e+00	-1.004181e+01	
584	0.000000e+00	0.000000e+00	-1.004502e+01	
585	0.000000e+00	0.000000e+00	-1.004809e+01	
586	0.000000e+00	0.000000e+00	-1.005100e+01	
587	0.000000e+00	0.000000e+00	-1.005372e+01	
588	0.000000e+00	0.000000e+00	-1.005620e+01	
589	0.000000e+00	0.000000e+00	-1.005846e+01	
590	0.000000e+00	0.000000e+00	-1.006050e+01	
591	0.000000e+00	0.000000e+00	-1.006229e+01	
592	0.000000e+00	0.000000e+00	-1.006386e+01	
593	0.000000e+00	0.000000e+00	-1.006520e+01	
594	0.000000e+00	0.000000e+00	-1.006632e+01	
595	0.000000e+00	0.000000e+00	-1.006721e+01	
596	0.000000e+00	0.000000e+00	-1.006790e+01	
597	0.000000e+00	0.000000e+00	-1.006844e+01	
598	0.000000e+00	0.000000e+00	-1.006884e+01	
599	0.000000e+00	0.000000e+00	-1.006910e+01	
600	0.000000e+00	0.000000e+00	-1.006924e+01	
601	0.000000e+00	0.000000e+00	-5.816821e+00	
602	0.000000e+00	0.000000e+00	-1.003852e+01	
603	0.000000e+00	0.000000e+00	-1.004189e+01	
604	0.000000e+00	0.000000e+00	-1.004514e+01	
605	0.000000e+00	0.000000e+00	-1.004828e+01	
606	0.000000e+00	0.000000e+00	-1.006811e+01	
607	0.000000e+00	0.000000e+00	-1.006859e+01	
608	0.000000e+00	0.000000e+00	-1.006896e+01	
609	0.000000e+00	0.000000e+00	-1.006920e+01	
610	0.000000e+00	0.000000e+00	-1.006932e+01	
611	0.000000e+00	0.000000e+00	-5.816834e+00	
612	0.000000e+00	0.000000e+00	-1.003856e+01	
613	0.000000e+00	0.000000e+00	-1.004196e+01	
614	0.000000e+00	0.000000e+00	-1.004525e+01	
615	0.000000e+00	0.000000e+00	-1.004844e+01	
616	0.000000e+00	0.000000e+00	-1.006830e+01	
617	0.000000e+00	0.000000e+00	-1.006873e+01	
618	0.000000e+00	0.000000e+00	-1.006907e+01	
619	0.000000e+00	0.000000e+00	-1.006929e+01	
620	0.000000e+00	0.000000e+00	-1.006941e+01	
621	0.000000e+00	0.000000e+00	-5.816844e+00	
622	0.000000e+00	0.000000e+00	-1.003859e+01	
623	0.000000e+00	0.000000e+00	-1.004202e+01	
624	0.000000e+00	0.000000e+00	-1.004534e+01	
625	0.000000e+00	0.000000e+00	-1.004857e+01	
626	0.000000e+00	0.000000e+00	-1.006845e+01	
627	0.000000e+00	0.000000e+00	-1.006885e+01	
628	0.000000e+00	0.000000e+00	-1.006916e+01	
629	0.000000e+00	0.000000e+00	-1.006937e+01	
630	0.000000e+00	0.000000e+00	-1.006948e+01	
631	0.000000e+00	0.000000e+00	-5.816851e+00	
632	0.000000e+00	0.000000e+00	-1.003861e+01	
633	0.000000e+00	0.000000e+00	-1.004206e+01	
634	0.000000e+00	0.000000e+00	-1.004541e+01	
635	0.000000e+00	0.000000e+00	-1.004866e+01	
636	0.000000e+00	0.000000e+00	-1.006855e+01	
637	0.000000e+00	0.000000e+00	-1.006893e+01	
638	0.000000e+00	0.000000e+00	-1.006922e+01	
639	0.000000e+00	0.000000e+00	-1.006942e+01	
640	0.000000e+00	0.000000e+00	-1.006953e+01	
641	0.000000e+00	0.000000e+00	-5.816855e+00	
642	0.000000e+00	0.000000e+00	-1.003862e+01	
643	0.000000e+00	0.000000e+00	-1.004208e+01	
644	0.000000e+00	0.000000e+00	-1.004544e+01	
645	0.000000e+00	0.000000e+00	-1.004870e+01	
646	0.000000e+00	0.000000e+00	-1.006860e+01	
647	0.000000e+00	0.000000e+00	-1.006897e+01	
648	0.000000e+00	0.000000e+00	-1.006926e+01	
649	0.000000e+00	0.000000e+00	-1.006945e+01	
650	0.000000e+00	0.000000e+00	-1.006955e+01	
651	0.000000e+00	0.000000e+00	-5.816854e+00	
652	0.000000e+00	0.000000e+00	-1.003862e+01	
653	0.000000e+00	0.000000e+00	-1.004208e+01	
654	0.000000e+00	0.000000e+00	-1.004543e+01	
655	0.000000e+00	0.000000e+00	-1.004869e+01	
656	0.000000e+00	0.000000e+00	-1.006860e+01	
657	0.000000e+00	0.000000e+00	-1.006897e+01	
658	0.000000e+00	0.000000e+00	-1.006926e+01	
659	0.000000e+00	0.000000e+00	-1.006946e+01	
660	0.000000e+00	0.000000e+00	-1.006955e+01	
661	0.000000e+00	0.000000e+00	-5.816850e+00	
662	0.000000e+00	0.000000e+00	-1.003861e+01	
663	0.000000e+00	0.000000e+00	-1.004206e+01	
664	0.000000e+00	0.000000e+00	-1.004540e+01	
665	0.000000e+00	0.000000e+00	-1.004865e+01	
666	0.000000e+00	0.000000e+00	-1.006855e+01	
667	0.000000e+00	0.000000e+00	-1.006893e+01	
668	0.000000e+00	0.000000e+00	-1.006923e+01	
669	0.000000e+00	0.000000e+00	-1.006943e+01	
670	0.000000e+00	0.000000e+00	-1.006953e+01	
671	0.000000e+00	0.000000e+00	-5.816842e+00	
672	0.000000e+00	0.000000e+00	-1.003858e+01	
673	0.000000e+00	0.000000e+00	-1.004202e+01	
674	0.000000e+00	0.000000e+00	-1.004534e+01	
675	0.000000e+00	0.000000e+00	-1.004856e+01	
676	0.000000e+00	0.000000e+00	-1.006846e+01	
677	0.000000e+00	0.000000e+00	-1.006886e+01	
678	0.000000e+00	0.000000e+00	-1.006916e+01	
679	0.000000e+00	0.000000e+00	-1.006937e+01	
680	0.000000e+00	0.000000e+00	-1.006948e+01	
681	0.000000e+00	0.000000e+00	-5.816832e+00	
682	0.000000e+00	0.000000e+00	-1.003855e+01	
683	0.000000e+00	0.000000e+00	-1.004196e+01	
684	0.000000e+00	0.000000e+00	-1.004525e+01	
685	0.000000e+00	0.000000e+00	-1.004843e+01	
686	0.000000e+00	0.000000e+00	-1.006831e+01	
687	0.000000e+00	0.000000e+00	-1.006874e+01	
688	0.000000e+00	0.000000e+00	-1.006907e+01	
689	0.000000e+00	0.000000e+00	-1.006930e+01	
690	0.000000e+00	0.000000e+00	-1.006941e+01	
691	0.000000e+00	0.000000e+00	-5.816819e+00	
692	0.000000e+00	0.000000e+00	-1.003851e+01	
693	0.000000e+00	0.000000e+00	-1.004188e+01	
694	0.000000e+00	0.000000e+00	-1.004513e+01	
695	0.000000e+00	0.000000e+00	-1.004827e+01	
696	0.000000e+00	0.000000e+00	-1.006813e+01	
697	0.000000e+00	0.000000e+00	-1.006860e+01	
698	0.000000e+00	0.000000e+00	-1.006897e+01	
699	0.000000e+00	0.000000e+00	-1.006921e+01	
700	0.000000e+00	0.000000e+00	-1.006933e+01	
701	0.000000e+00	0.000000e+00	-5.816805e+00	
702	0.000000e+00	0.000000e+00	-1.003847e+01	
703	0.000000e+00	0.000000e+00	-1.004181e+01	
704	0.000000e+00	0.000000e+00	-1.004501e+01	
705	0.000000e+00	0.000000e+00	-1.004808e+01	
706	0.000000e+00	0.000000e+00	-1.005099e+01	
707	0.000000e+00	0.000000e+00	-1.005370e+01	
708	0.000000e+00	0.000000e+00	-1.005619e+01	
709	0.000000e+00	0.000000e+00	-1.005846e+01	
710	0.000000e+00	0.000000e+00	-1.006049e+01	
711	0.000000e+00	0.000000e+00	-1.006230e+01	
712	0.000000e+00	0.000000e+00	-1.006387e+01	
713	0.000000e+00	0.000000e+00	-1.006521e+01	
714	0.000000e+00	0.000000e+00	-1.006633e+01	
715	0.000000e+00	0.000000e+00	-1.006723e+01	
716	0.000000e+00	0.000000e+00	-1.006792e+01	
717	0.000000e+00	0.000000e+00	-1.006846e+01	
718	0.000000e+00	0.000000e+00	-1.006885e+01	
719	0.000000e+00	0.000000e+00	-1.006911e+01	
720	0.000000e+00	0.000000e+00	-1.006924e+01	
721	0.000000e+00	0.000000e+00	-5.816792e+00	
722	0.000000e+00	0.000000e+00	-1.003843e+01	
723	0.000000e+00	0.000000e+00	-1.004174e+01	
724	0.000000e+00	0.000000e+00	-1.004490e+01	
725	0.000000e+00	0.000000e+00	-1.004792e+01	
726	0.000000e+00	0.000000e+00	-1.005076e+01	
727	0.000000e+00	0.000000e+00	-1.005342e+01	
728	0.000000e+00	0.000000e+00	-1.005588e+01	
729	0.000000e+00	0.000000e+00	-1.005812e+01	
730	0.000000e+00	0.000000e+00	-1.006015e+01	
731	0.000000e+00	0.000000e+00	-1.006195e+01	
732	0.000000e+00	0.000000e+00	-1.006353e+01	
733	0.000000e+00	0.000000e+00	-1.006489e+01	
734	0.000000e+00	0.000000e+00	-1.006604e+01	
735	0.000000e+00	0.000000e+00	-1.006698e+01	
736	0.000000e+00	0.000000e+00	-1.006774e+01	
737	0.000000e+00	0.000000e+00	-1.006832e+01	
738	0.000000e+00	0.000000e+00	-1.006874e+01	
739	0.000000e+00	0.000000e+00	-1.006903e+01	
740	0.000000e+00	0.000000e+00	-1.006916e+01	
741	0.000000e+00	0.000000e+00	-5.816781e+00	
742	0.000000e+00	0.000000e+00	-1.003839e+01	
743	0.000000e+00	0.000000e+00	-1.004168e+01	
744	0.000000e+00	0.000000e+00	-1.004481e+01	
745	0.000000e+00	0.000000e+00	-1.004779e+01	
746	0.000000e+00	0.000000e+00	-1.005060e+01	
747	0.000000e+00	0.000000e+00	-1.005323e+01	
748	0.000000e+00	0.000000e+00	-1.005566e+01	
749	0.000000e+00	0.000000e+00	-1.005788e+01	
750	0.000000e+00	0.000000e+00	-1.005990e+01	
751	0.000000e+00	0.000000e+00	-1.006170e+01	
752	0.000000e+00	0.000000e+00	-1.006328e+01	
753	0.000000e+00	0.000000e+00	-1.006466e+01	
754	0.000000e+00	0.000000e+00	-1.006583e+01	
755	0.000000e+00	0.000000e+00	-1.006680e+01	
756	0.000000e+00	0.000000e+00	-1.006759e+01	
757	0.000000e+00	0.000000e+00	-1.006820e+01	
758	0.000000e+00	0.000000e+00	-1.006865e+01	
759	0.000000e+00	0.000000e+00	-1.006895e+01	
760	0.000000e+00	0.000000e+00	-1.006909e+01	
761	0.000000e+00	0.000000e+00	-5.816773e+00	
762	0.000000e+00	0.000000e+00	-1.003837e+01	
763	0.000000e+00	0.000000e+00	-1.004163e+01	
764	0.000000e+00	0.000000e+00	-1.004475e+01	
765	0.000000e+00	0.000000e+00	-1.004771e+01	
766	0.000000e+00	0.000000e+00	-1.005049e+01	
767	0.000000e+00	0.000000e+00	-1.005310e+01	
768	0.000000e+00	0.000000e+00	-1.005551e+01	
769	0.000000e+00	0.000000e+00	-1.005772e+01	
770	0.000000e+00	0.000000e+00	-1.005973e+01	
771	0.000000e+00	0.000000e+00	-1.006153e+01	
772	0.000000e+00	0.000000e+00	-1.006312e+01	
773	0.000000e+00	0.000000e+00	-1.006450e+01	
774	0.000000e+00	0.000000e+00	-1.006569e+01	
775	0.000000e+00	0.000000e+00	-1.006668e+01	
776	0.000000e+00	0.000000e+00	-1.006749e+01	
777	0.000000e+00	0.000000e+00	-1.006812e+01	
778	0.000000e+00	0.000000e+00	-1.006859e+01	
779	0.000000e+00	0.000000e+00	-1.006890e+01	
780	0.000000e+00	0.000000e+00	-1.006904e+01	
781	0.000000e+00	0.000000e+00	-5.816769e+00	
782	0.000000e+00	0.000000e+00	-1.003836e+01	
783	0.000000e+00	0.000000e+00	-1.004161e+01	
784	0.000000e+00	0.000000e+00	-1.004472e+01	
785	0.000000e+00	0.000000e+00	-1.004766e+01	
786	0.000000e+00	0.000000e+00	-1.005044e+01	
787	0.000000e+00	0.000000e+00	-1.005304e+01	
788	0.000000e+00	0.000000e+00	-1.005544e+01	
789	0.000000e+00	0.000000e+00	-1.005765e+01	
790	0.000000e+00	0.000000e+00	-1.005965e+01	
791	0.000000e+00	0.000000e+00	-1.006145e+01	
792	0.000000e+00	0.000000e+00	-1.006304e+01	
793	0.000000e+00	0.000000e+00	-1.006443e+01	
794	0.000000e+00	0.000000e+00	-1.006562e+01	
795	0.000000e+00	0.000000e+00	-1.006662e+01	
796	0.000000e+00	0.000000e+00	-1.006744e+01	
797	0.000000e+00	0.000000e+00	-1.006808e+01	
798	0.000000e+00	0.000000e+00	-1.006856e+01	
799	0.000000e+00	0.000000e+00	-1.006887e+01	
800	0.000000e+00	0.000000e+00	-1.006902e+01	
