fluxJ
3
800
1	0.000000e+00	0.000000e+00	-2.648212e+01	
2	0.000000e+00	0.000000e+00	-2.648898e+01	
3	0.000000e+00	0.000000e+00	-2.649523e+01	
4	0.000000e+00	0.000000e+00	-2.650088e+01	
5	0.000000e+00	0.000000e+00	-2.650594e+01	
6	0.000000e+00	0.000000e+00	-2.651040e+01	
7	0.000000e+00	0.000000e+00	-2.651427e+01	
8	0.000000e+00	0.000000e+00	-2.651756e+01	
9	0.000000e+00	0.000000e+00	-2.652024e+01	
10	0.000000e+00	0.000000e+00	-2.652231e+01	
11	0.000000e+00	0.000000e+00	-2.648269e+01	
12	0.000000e+00	0.000000e+00	-2.648967e+01	
13	0.000000e+00	0.000000e+00	-2.649601e+01	
14	0.000000e+00	0.000000e+00	-2.650171e+01	
15	0.000000e+00	0.000000e+00	-2.650679e+01	
16	0.000000e+00	0.000000e+00	-2.651126e+01	
17	0.000000e+00	0.000000e+00	-2.651511e+01	
18	0.000000e+00	0.000000e+00	-2.651835e+01	
19	0.000000e+00	0.000000e+00	-2.652096e+01	
20	0.000000e+00	0.000000e+00	-2.652292e+01	
21	0.000000e+00	0.000000e+00	-2.648310e+01	
22	0.000000e+00	0.000000e+00	-2.649017e+01	
23	0.000000e+00	0.000000e+00	-2.649657e+01	
24	0.000000e+00	0.000000e+00	-2.650231e+01	
25	0.000000e+00	0.000000e+00	-2.650741e+01	
26	0.000000e+00	0.000000e+00	-2.651188e+01	
27	0.000000e+00	0.000000e+00	-2.651572e+01	
28	0.000000e+00	0.000000e+00	-2.651893e+01	
29	0.000000e+00	0.000000e+00	-2.652148e+01	
30	0.000000e+00	0.000000e+00	-2.652336e+01	
31	0.000000e+00	0.000000e+00	-2.648337e+01	
32	0.000000e+00	0.000000e+00	-2.649049e+01	
33	0.000000e+00	0.000000e+00	-2.649693e+01	
34	0.000000e+00	0.000000e+00	-2.650270e+01	
35	0.000000e+00	0.000000e+00	-2.650781e+01	
36	0.000000e+00	0.000000e+00	-2.651228e+01	
37	0.000000e+00	0.000000e+00	-2.651611e+01	
38	0.000000e+00	0.000000e+00	-2.651930e+01	
39	0.000000e+00	0.000000e+00	-2.652182e+01	
40	0.000000e+00	0.000000e+00	-2.652366e+01	
41	0.000000e+00	0.000000e+00	-2.648351e+01	
42	0.000000e+00	0.000000e+00	-2.649065e+01	
43	0.000000e+00	0.000000e+00	-2.649711e+01	
44	0.000000e+00	0.000000e+00	-2.650289e+01	
45	0.000000e+00	0.000000e+00	-2.650801e+01	
46	0.000000e+00	0.000000e+00	-2.651248e+01	
47	0.000000e+00	0.000000e+00	-2.651631e+01	
48	0.000000e+00	0.000000e+00	-2.651948e+01	
49	0.000000e+00	0.000000e+00	-2.652199e+01	
50	0.000000e+00	0.000000e+00	-2.652380e+01	
51	0.000000e+00	0.000000e+00	-2.648351e+01	
52	0.000000e+00	0.000000e+00	-2.649065e+01	
53	0.000000e+00	0.000000e+00	-2.649711e+01	
54	0.000000e+00	0.000000e+00	-2.650289e+01	
55	0.000000e+00	0.000000e+00	-2.650801e+01	
56	0.000000e+00	0.000000e+00	-2.651248e+01	
57	0.000000e+00	0.000000e+00	-2.651631e+01	
58	0.000000e+00	0.000000e+00	-2.651948e+01	
59	0.000000e+00	0.000000e+00	-2.652199e+01	
60	0.000000e+00	0.000000e+00	-2.652380e+01	
61	0.000000e+00	0.000000e+00	-2.648337e+01	
62	0.000000e+00	0.000000e+00	-2.649049e+01	
63	0.000000e+00	0.000000e+00	-2.649693e+01	
64	0.000000e+00	0.000000e+00	-2.650270e+01	
65	0.000000e+00	0.000000e+00	-2.650781e+01	
66	0.000000e+00	0.000000e+00	-2.651229e+01	
67	0.000000e+00	0.000000e+00	-2.651612e+01	
68	0.000000e+00	0.000000e+00	-2.651930e+01	
69	0.000000e+00	0.000000e+00	-2.652182e+01	
70	0.000000e+00	0.000000e+00	-2.652366e+01	
71	0.000000e+00	0.000000e+00	-2.648310e+01	
72	0.000000e+00	0.000000e+00	-2.649017e+01	
73	0.000000e+00	0.000000e+00	-2.649657e+01	
74	0.000000e+00	0.000000e+00	-2.650231e+01	
75	0.000000e+00	0.000000e+00	-2.650741e+01	
76	0.000000e+00	0.000000e+00	-2.651188e+01	
77	0.000000e+00	0.000000e+00	-2.651572e+01	
78	0.000000e+00	0.000000e+00	-2.651893e+01	
79	0.000000e+00	0.000000e+00	-2.652148e+01	
80	0.000000e+00	0.000000e+00	-2.652336e+01	
81	0.000000e+00	0.000000e+00	-2.648269e+01	
82	0.000000e+00	0.000000e+00	-2.648968e+01	
83	0.000000e+00	0.000000e+00	-2.649601e+01	
84	0.000000e+00	0.000000e+00	-2.650171e+01	
85	0.000000e+00	0.000000e+00	-2.650679e+01	
86	0.000000e+00	0.000000e+00	-2.651126e+01	
87	0.000000e+00	0.000000e+00	-2.651512e+01	
88	0.000000e+00	0.000000e+00	-2.651836e+01	
89	0.000000e+00	0.000000e+00	-2.652097e+01	
90	0.000000e+00	0.000000e+00	-2.652292e+01	
91	0.000000e+00	0.000000e+00	-2.648213e+01	
92	0.000000e+00	0.000000e+00	-2.648899e+01	
93	0.000000e+00	0.000000e+00	-2.649524e+01	
94	0.000000e+00	0.000000e+00	-2.650089e+01	
95	0.000000e+00	0.000000e+00	-2.650594e+01	
96	0.000000e+00	0.000000e+00	-2.651041e+01	
97	0.000000e+00	0.000000e+00	-2.651429e+01	
98	0.000000e+00	0.000000e+00	-2.651757e+01	
99	0.000000e+00	0.000000e+00	-2.652025e+01	
100	0.000000e+00	0.000000e+00	-2.652232e+01	
101	0.000000e+00	0.000000e+00	-2.648216e+01	
102	0.000000e+00	0.000000e+00	-2.648902e+01	
103	0.000000e+00	0.000000e+00	-2.649526e+01	
104	0.000000e+00	0.000000e+00	-2.650091e+01	
105	0.000000e+00	0.000000e+00	-2.650596e+01	
106	0.000000e+00	0.000000e+00	-2.651041e+01	
107	0.000000e+00	0.000000e+00	-2.651427e+01	
108	0.000000e+00	0.000000e+00	-2.651754e+01	
109	0.000000e+00	0.000000e+00	-2.652021e+01	
110	0.000000e+00	0.000000e+00	-2.652227e+01	
111	0.000000e+00	0.000000e+00	-2.648273e+01	
112	0.000000e+00	0.000000e+00	-2.648971e+01	
113	0.000000e+00	0.000000e+00	-2.649604e+01	
114	0.000000e+00	0.000000e+00	-2.650173e+01	
115	0.000000e+00	0.000000e+00	-2.650681e+01	
116	0.000000e+00	0.000000e+00	-2.651127e+01	
117	0.000000e+00	0.000000e+00	-2.651511e+01	
118	0.000000e+00	0.000000e+00	-2.651834e+01	
119	0.000000e+00	0.000000e+00	-2.652093e+01	
120	0.000000e+00	0.000000e+00	-2.652288e+01	
121	0.000000e+00	0.000000e+00	-2.648313e+01	
122	0.000000e+00	0.000000e+00	-2.649020e+01	
123	0.000000e+00	0.000000e+00	-2.649659e+01	
124	0.000000e+00	0.000000e+00	-2.650233e+01	
125	0.000000e+00	0.000000e+00	-2.650742e+01	
126	0.000000e+00	0.000000e+00	-2.651189e+01	
127	0.000000e+00	0.000000e+00	-2.651572e+01	
128	0.000000e+00	0.000000e+00	-2.651891e+01	
129	0.000000e+00	0.000000e+00	-2.652145e+01	
130	0.000000e+00	0.000000e+00	-2.652333e+01	
131	0.000000e+00	0.000000e+00	-2.648340e+01	
132	0.000000e+00	0.000000e+00	-2.649051e+01	
133	0.000000e+00	0.000000e+00	-2.649695e+01	
134	0.000000e+00	0.000000e+00	-2.650271e+01	
135	0.000000e+00	0.000000e+00	-2.650782e+01	
136	0.000000e+00	0.000000e+00	-2.651229e+01	
137	0.000000e+00	0.000000e+00	-2.651612e+01	
138	0.000000e+00	0.000000e+00	-2.651929e+01	
139	0.000000e+00	0.000000e+00	-2.652180e+01	
140	0.000000e+00	0.000000e+00	-2.652362e+01	
141	0.000000e+00	0.000000e+00	-2.648353e+01	
142	0.000000e+00	0.000000e+00	-2.649067e+01	
143	0.000000e+00	0.000000e+00	-2.649712e+01	
144	0.000000e+00	0.000000e+00	-2.650290e+01	
145	0.000000e+00	0.000000e+00	-2.650802e+01	
146	0.000000e+00	0.000000e+00	-2.651249e+01	
147	0.000000e+00	0.000000e+00	-2.651631e+01	
148	0.000000e+00	0.000000e+00	-2.651947e+01	
149	0.000000e+00	0.000000e+00	-2.652197e+01	
150	0.000000e+00	0.000000e+00	-2.652378e+01	
151	0.000000e+00	0.000000e+00	-2.648352e+01	
152	0.000000e+00	0.000000e+00	-2.649066e+01	
153	0.000000e+00	0.000000e+00	-2.649711e+01	
154	0.000000e+00	0.000000e+00	-2.650289e+01	
155	0.000000e+00	0.000000e+00	-2.650802e+01	
156	0.000000e+00	0.000000e+00	-2.651249e+01	
157	0.000000e+00	0.000000e+00	-2.651631e+01	
158	0.000000e+00	0.000000e+00	-2.651948e+01	
159	0.000000e+00	0.000000e+00	-2.652197e+01	
160	0.000000e+00	0.000000e+00	-2.652378e+01	
161	0.000000e+00	0.000000e+00	-2.648338e+01	
162	0.000000e+00	0.000000e+00	-2.649050e+01	
163	0.000000e+00	0.000000e+00	-2.649693e+01	
164	0.000000e+00	0.000000e+00	-2.650270e+01	
165	0.000000e+00	0.000000e+00	-2.650782e+01	
166	0.000000e+00	0.000000e+00	-2.651230e+01	
167	0.000000e+00	0.000000e+00	-2.651612e+01	
168	0.000000e+00	0.000000e+00	-2.651930e+01	
169	0.000000e+00	0.000000e+00	-2.652181e+01	
170	0.000000e+00	0.000000e+00	-2.652364e+01	
171	0.000000e+00	0.000000e+00	-2.648311e+01	
172	0.000000e+00	0.000000e+00	-2.649017e+01	
173	0.000000e+00	0.000000e+00	-2.649657e+01	
174	0.000000e+00	0.000000e+00	-2.650231e+01	
175	0.000000e+00	0.000000e+00	-2.650742e+01	
176	0.000000e+00	0.000000e+00	-2.651189e+01	
177	0.000000e+00	0.000000e+00	-2.651573e+01	
178	0.000000e+00	0.000000e+00	-2.651893e+01	
179	0.000000e+00	0.000000e+00	-2.652147e+01	
180	0.000000e+00	0.000000e+00	-2.652335e+01	
181	0.000000e+00	0.000000e+00	-2.648269e+01	
182	0.000000e+00	0.000000e+00	-2.648968e+01	
183	0.000000e+00	0.000000e+00	-2.649601e+01	
184	0.000000e+00	0.000000e+00	-2.650171e+01	
185	0.000000e+00	0.000000e+00	-2.650680e+01	
186	0.000000e+00	0.000000e+00	-2.651127e+01	
187	0.000000e+00	0.000000e+00	-2.651512e+01	
188	0.000000e+00	0.000000e+00	-2.651836e+01	
189	0.000000e+00	0.000000e+00	-2.652096e+01	
190	0.000000e+00	0.000000e+00	-2.652291e+01	
191	0.000000e+00	0.000000e+00	-2.648213e+01	
192	0.000000e+00	0.000000e+00	-2.648898e+01	
193	0.000000e+00	0.000000e+00	-2.649523e+01	
194	0.000000e+00	0.000000e+00	-2.650089e+01	
195	0.000000e+00	0.000000e+00	-2.650595e+01	
196	0.000000e+00	0.000000e+00	-2.651041e+01	
197	0.000000e+00	0.000000e+00	-2.651429e+01	
198	0.000000e+00	0.000000e+00	-2.651756e+01	
199	0.000000e+00	0.000000e+00	-2.652024e+01	
200	0.000000e+00	0.000000e+00	-2.652231e+01	
201	0.000000e+00	0.000000e+00	-5.634890e+00	
202	0.000000e+00	0.000000e+00	-9.724347e+00	
203	0.000000e+00	0.000000e+00	-9.727298e+00	
204	0.000000e+00	0.000000e+00	-9.730118e+00	
205	0.000000e+00	0.000000e+00	-9.732798e+00	
206	0.000000e+00	0.000000e+00	-9.735323e+00	
207	0.000000e+00	0.000000e+00	-9.737680e+00	
208	0.000000e+00	0.000000e+00	-9.739864e+00	
209	0.000000e+00	0.000000e+00	-9.741870e+00	
210	0.000000e+00	0.000000e+00	-9.743697e+00	
211	0.000000e+00	0.000000e+00	-9.745338e+00	
212	0.000000e+00	0.000000e+00	-9.746791e+00	
213	0.000000e+00	0.000000e+00	-9.748059e+00	
214	0.000000e+00	0.000000e+00	-9.749144e+00	
215	0.000000e+00	0.000000e+00	-9.750052e+00	
216	0.000000e+00	0.000000e+00	-9.750792e+00	
217	0.000000e+00	0.000000e+00	-9.751372e+00	
218	0.000000e+00	0.000000e+00	-9.751799e+00	
219	0.000000e+00	0.000000e+00	-9.752079e+00	
220	0.000000e+00	0.000000e+00	-9.752218e+00	
221	0.000000e+00	0.000000e+00	-5.634894e+00	
222	0.000000e+00	0.000000e+00	-9.724359e+00	
223	0.000000e+00	0.000000e+00	-9.727319e+00	
224	0.000000e+00	0.000000e+00	-9.730149e+00	
225	0.000000e+00	0.000000e+00	-9.732838e+00	
226	0.000000e+00	0.000000e+00	-9.735373e+00	
227	0.000000e+00	0.000000e+00	-9.737740e+00	
228	0.000000e+00	0.000000e+00	-9.739931e+00	
229	0.000000e+00	0.000000e+00	-9.741943e+00	
230	0.000000e+00	0.000000e+00	-9.743772e+00	
231	0.000000e+00	0.000000e+00	-9.745412e+00	
232	0.000000e+00	0.000000e+00	-9.746863e+00	
233	0.000000e+00	0.000000e+00	-9.748127e+00	
234	0.000000e+00	0.000000e+00	-9.749205e+00	
235	0.000000e+00	0.000000e+00	-9.750105e+00	
236	0.000000e+00	0.000000e+00	-9.750836e+00	
237	0.000000e+00	0.000000e+00	-9.751408e+00	
238	0.000000e+00	0.000000e+00	-9.751829e+00	
239	0.000000e+00	0.000000e+00	-9.752105e+00	
240	0.000000e+00	0.000000e+00	-9.752241e+00	
241	0.000000e+00	0.000000e+00	-5.634902e+00	
242	0.000000e+00	0.000000e+00	-9.724382e+00	
243	0.000000e+00	0.000000e+00	-9.727360e+00	
244	0.000000e+00	0.000000e+00	-9.730208e+00	
245	0.000000e+00	0.000000e+00	-9.732917e+00	
246	0.000000e+00	0.000000e+00	-9.735472e+00	
247	0.000000e+00	0.000000e+00	-9.737859e+00	
248	0.000000e+00	0.000000e+00	-9.740067e+00	
249	0.000000e+00	0.000000e+00	-9.742090e+00	
250	0.000000e+00	0.000000e+00	-9.743923e+00	
251	0.000000e+00	0.000000e+00	-9.745563e+00	
252	0.000000e+00	0.000000e+00	-9.747009e+00	
253	0.000000e+00	0.000000e+00	-9.748263e+00	
254	0.000000e+00	0.000000e+00	-9.749328e+00	
255	0.000000e+00	0.000000e+00	-9.750211e+00	
256	0.000000e+00	0.000000e+00	-9.750923e+00	
257	0.000000e+00	0.000000e+00	-9.751479e+00	
258	0.000000e+00	0.000000e+00	-9.751887e+00	
259	0.000000e+00	0.000000e+00	-9.752154e+00	
260	0.000000e+00	0.000000e+00	-9.752286e+00	
261	0.000000e+00	0.000000e+00	-5.634913e+00	
262	0.000000e+00	0.000000e+00	-9.724415e+00	
263	0.000000e+00	0.000000e+00	-9.727416e+00	
264	0.000000e+00	0.000000e+00	-9.730293e+00	
265	0.000000e+00	0.000000e+00	-9.733034e+00	
266	0.000000e+00	0.000000e+00	-9.735624e+00	
267	0.000000e+00	0.000000e+00	-9.738043e+00	
268	0.000000e+00	0.000000e+00	-9.740276e+00	
269	0.000000e+00	0.000000e+00	-9.742314e+00	
270	0.000000e+00	0.000000e+00	-9.744154e+00	
271	0.000000e+00	0.000000e+00	-9.745794e+00	
272	0.000000e+00	0.000000e+00	-9.747233e+00	
273	0.000000e+00	0.000000e+00	-9.748474e+00	
274	0.000000e+00	0.000000e+00	-9.749518e+00	
275	0.000000e+00	0.000000e+00	-9.750373e+00	
276	0.000000e+00	0.000000e+00	-9.751055e+00	
277	0.000000e+00	0.000000e+00	-9.751582e+00	
278	0.000000e+00	0.000000e+00	-9.751969e+00	
279	0.000000e+00	0.000000e+00	-9.752223e+00	
280	0.000000e+00	0.000000e+00	-9.752348e+00	
281	0.000000e+00	0.000000e+00	-5.634925e+00	
282	0.000000e+00	0.000000e+00	-9.724453e+00	
283	0.000000e+00	0.000000e+00	-9.727484e+00	
284	0.000000e+00	0.000000e+00	-9.730397e+00	
285	0.000000e+00	0.000000e+00	-9.733187e+00	
286	0.000000e+00	0.000000e+00	-9.735833e+00	
287	0.000000e+00	0.000000e+00	-9.738299e+00	
288	0.000000e+00	0.000000e+00	-9.740563e+00	
289	0.000000e+00	0.000000e+00	-9.742621e+00	
290	0.000000e+00	0.000000e+00	-9.744470e+00	
291	0.000000e+00	0.000000e+00	-9.746110e+00	
292	0.000000e+00	0.000000e+00	-9.747542e+00	
293	0.000000e+00	0.000000e+00	-9.748767e+00	
294	0.000000e+00	0.000000e+00	-9.749783e+00	
295	0.000000e+00	0.000000e+00	-9.750595e+00	
296	0.000000e+00	0.000000e+00	-9.751225e+00	
297	0.000000e+00	0.000000e+00	-9.751709e+00	
298	0.000000e+00	0.000000e+00	-9.752067e+00	
299	0.000000e+00	0.000000e+00	-9.752305e+00	
300	0.000000e+00	0.000000e+00	-9.752423e+00	
301	0.000000e+00	0.000000e+00	-5.634938e+00	
302	0.000000e+00	0.000000e+00	-9.724493e+00	
303	0.000000e+00	0.000000e+00	-9.727555e+00	
304	0.000000e+00	0.000000e+00	-9.730508e+00	
305	0.000000e+00	0.000000e+00	-9.733357e+00	
306	0.000000e+00	0.000000e+00	-9.751415e+00	
307	0.000000e+00	0.000000e+00	-9.751845e+00	
308	0.000000e+00	0.000000e+00	-9.752172e+00	
309	0.000000e+00	0.000000e+00	-9.752391e+00	
310	0.000000e+00	0.000000e+00	-9.752502e+00	
311	0.000000e+00	0.000000e+00	-5.634950e+00	
312	0.000000e+00	0.000000e+00	-9.724531e+00	
313	0.000000e+00	0.000000e+00	-9.727622e+00	
314	0.000000e+00	0.000000e+00	-9.730612e+00	
315	0.000000e+00	0.000000e+00	-9.733510e+00	
316	0.000000e+00	0.000000e+00	-9.751587e+00	
317	0.000000e+00	0.000000e+00	-9.751974e+00	
318	0.000000e+00	0.000000e+00	-9.752272e+00	
319	0.000000e+00	0.000000e+00	-9.752474e+00	
320	0.000000e+00	0.000000e+00	-9.752577e+00	
321	0.000000e+00	0.000000e+00	-5.634960e+00	
322	0.000000e+00	0.000000e+00	-9.724563e+00	
323	0.000000e+00	0.000000e+00	-9.727679e+00	
324	0.000000e+00	0.000000e+00	-9.730696e+00	
325	0.000000e+00	0.000000e+00	-9.733627e+00	
326	0.000000e+00	0.000000e+00	-9.751719e+00	
327	0.000000e+00	0.000000e+00	-9.752079e+00	
328	0.000000e+00	0.000000e+00	-9.752356e+00	
329	0.000000e+00	0.000000e+00	-9.752544e+00	
330	0.000000e+00	0.000000e+00	-9.752640e+00	
331	0.000000e+00	0.000000e+00	-5.634967e+00	
332	0.000000e+00	0.000000e+00	-9.724585e+00	
333	0.000000e+00	0.000000e+00	-9.727718e+00	
334	0.000000e+00	0.000000e+00	-9.730755e+00	
335	0.000000e+00	0.000000e+00	-9.733706e+00	
336	0.000000e+00	0.000000e+00	-9.751809e+00	
337	0.000000e+00	0.000000e+00	-9.752152e+00	
338	0.000000e+00	0.000000e+00	-9.752417e+00	
339	0.000000e+00	0.000000e+00	-9.752595e+00	
340	0.000000e+00	0.000000e+00	-9.752686e+00	
341	0.000000e+00	0.000000e+00	-5.634971e+00	
342	0.000000e+00	0.000000e+00	-9.724597e+00	
343	0.000000e+00	0.000000e+00	-9.727738e+00	
344	0.000000e+00	0.000000e+00	-9.730784e+00	
345	0.000000e+00	0.000000e+00	-9.733745e+00	
346	0.000000e+00	0.000000e+00	-9.751854e+00	
347	0.000000e+00	0.000000e+00	-9.752190e+00	
348	0.000000e+00	0.000000e+00	-9.752448e+00	
349	0.000000e+00	0.000000e+00	-9.752622e+00	
350	0.000000e+00	0.000000e+00	-9.752710e+00	
351	0.000000e+00	0.000000e+00	-5.634970e+00	
352	0.000000e+00	0.000000e+00	-9.724595e+00	
353	0.000000e+00	0.000000e+00	-9.727737e+00	
354	0.000000e+00	0.000000e+00	-9.730784e+00	
355	0.000000e+00	0.000000e+00	-9.733745e+00	
356	0.000000e+00	0.000000e+00	-9.751854e+00	
357	0.000000e+00	0.000000e+00	-9.752190e+00	
358	0.000000e+00	0.000000e+00	-9.752448e+00	
359	0.000000e+00	0.000000e+00	-9.752623e+00	
360	0.000000e+00	0.000000e+00	-9.752711e+00	
361	0.000000e+00	0.000000e+00	-5.634966e+00	
362	0.000000e+00	0.000000e+00	-9.724582e+00	
363	0.000000e+00	0.000000e+00	-9.727716e+00	
364	0.000000e+00	0.000000e+00	-9.730753e+00	
365	0.000000e+00	0.000000e+00	-9.733705e+00	
366	0.000000e+00	0.000000e+00	-9.751809e+00	
367	0.000000e+00	0.000000e+00	-9.752153e+00	
368	0.000000e+00	0.000000e+00	-9.752417e+00	
369	0.000000e+00	0.000000e+00	-9.752596e+00	
370	0.000000e+00	0.000000e+00	-9.752687e+00	
371	0.000000e+00	0.000000e+00	-5.634958e+00	
372	0.000000e+00	0.000000e+00	-9.724559e+00	
373	0.000000e+00	0.000000e+00	-9.727676e+00	
374	0.000000e+00	0.000000e+00	-9.730695e+00	
375	0.000000e+00	0.000000e+00	-9.733627e+00	
376	0.000000e+00	0.000000e+00	-9.751720e+00	
377	0.000000e+00	0.000000e+00	-9.752080e+00	
378	0.000000e+00	0.000000e+00	-9.752358e+00	
379	0.000000e+00	0.000000e+00	-9.752546e+00	
380	0.000000e+00	0.000000e+00	-9.752642e+00	
381	0.000000e+00	0.000000e+00	-5.634948e+00	
382	0.000000e+00	0.000000e+00	-9.724528e+00	
383	0.000000e+00	0.000000e+00	-9.727621e+00	
384	0.000000e+00	0.000000e+00	-9.730612e+00	
385	0.000000e+00	0.000000e+00	-9.733510e+00	
386	0.000000e+00	0.000000e+00	-9.751588e+00	
387	0.000000e+00	0.000000e+00	-9.751976e+00	
388	0.000000e+00	0.000000e+00	-9.752275e+00	
389	0.000000e+00	0.000000e+00	-9.752477e+00	
390	0.000000e+00	0.000000e+00	-9.752579e+00	
391	0.000000e+00	0.000000e+00	-5.634936e+00	
392	0.000000e+00	0.000000e+00	-9.724491e+00	
393	0.000000e+00	0.000000e+00	-9.727555e+00	
394	0.000000e+00	0.000000e+00	-9.730510e+00	
395	0.000000e+00	0.000000e+00	-9.733359e+00	
396	0.000000e+00	0.000000e+00	-9.751417e+00	
397	0.000000e+00	0.000000e+00	-9.751849e+00	
398	0.000000e+00	0.000000e+00	-9.752175e+00	
399	0.000000e+00	0.000000e+00	-9.752394e+00	
400	0.000000e+00	0.000000e+00	-9.752505e+00	
401	0.000000e+00	0.000000e+00	-5.634924e+00	
402	0.000000e+00	0.000000e+00	-9.724452e+00	
403	0.000000e+00	0.000000e+00	-9.727486e+00	
404	0.000000e+00	0.000000e+00	-9.730402e+00	
405	0.000000e+00	0.000000e+00	-9.733192e+00	
406	0.000000e+00	0.000000e+00	-9.735837e+00	
407	0.000000e+00	0.000000e+00	-9.738304e+00	
408	0.000000e+00	0.000000e+00	-9.740569e+00	
409	0.000000e+00	0.000000e+00	-9.742627e+00	
410	0.000000e+00	0.000000e+00	-9.744475e+00	
411	0.000000e+00	0.000000e+00	-9.746116e+00	
412	0.000000e+00	0.000000e+00	-9.747548e+00	
413	0.000000e+00	0.000000e+00	-9.748771e+00	
414	0.000000e+00	0.000000e+00	-9.749786e+00	
415	0.000000e+00	0.000000e+00	-9.750599e+00	
416	0.000000e+00	0.000000e+00	-9.751229e+00	
417	0.000000e+00	0.000000e+00	-9.751712e+00	
418	0.000000e+00	0.000000e+00	-9.752070e+00	
419	0.000000e+00	0.000000e+00	-9.752308e+00	
420	0.000000e+00	0.000000e+00	-9.752428e+00	
421	0.000000e+00	0.000000e+00	-5.634912e+00	
422	0.000000e+00	0.000000e+00	-9.724415e+00	
423	0.000000e+00	0.000000e+00	-9.727421e+00	
424	0.000000e+00	0.000000e+00	-9.730300e+00	
425	0.000000e+00	0.000000e+00	-9.733041e+00	
426	0.000000e+00	0.000000e+00	-9.735630e+00	
427	0.000000e+00	0.000000e+00	-9.738050e+00	
428	0.000000e+00	0.000000e+00	-9.740285e+00	
429	0.000000e+00	0.000000e+00	-9.742324e+00	
430	0.000000e+00	0.000000e+00	-9.744163e+00	
431	0.000000e+00	0.000000e+00	-9.745802e+00	
432	0.000000e+00	0.000000e+00	-9.747240e+00	
433	0.000000e+00	0.000000e+00	-9.748478e+00	
434	0.000000e+00	0.000000e+00	-9.749521e+00	
435	0.000000e+00	0.000000e+00	-9.750376e+00	
436	0.000000e+00	0.000000e+00	-9.751059e+00	
437	0.000000e+00	0.000000e+00	-9.751585e+00	
438	0.000000e+00	0.000000e+00	-9.751971e+00	
439	0.000000e+00	0.000000e+00	-9.752226e+00	
440	0.000000e+00	0.000000e+00	-9.752354e+00	
441	0.000000e+00	0.000000e+00	-5.634902e+00	
442	0.000000e+00	0.000000e+00	-9.724384e+00	
443	0.000000e+00	0.000000e+00	-9.727366e+00	
444	0.000000e+00	0.000000e+00	-9.730217e+00	
445	0.000000e+00	0.000000e+00	-9.732925e+00	
446	0.000000e+00	0.000000e+00	-9.735480e+00	
447	0.000000e+00	0.000000e+00	-9.737870e+00	
448	0.000000e+00	0.000000e+00	-9.740081e+00	
449	0.000000e+00	0.000000e+00	-9.742105e+00	
450	0.000000e+00	0.000000e+00	-9.743937e+00	
451	0.000000e+00	0.000000e+00	-9.745574e+00	
452	0.000000e+00	0.000000e+00	-9.747017e+00	
453	0.000000e+00	0.000000e+00	-9.748267e+00	
454	0.000000e+00	0.000000e+00	-9.749330e+00	
455	0.000000e+00	0.000000e+00	-9.750213e+00	
456	0.000000e+00	0.000000e+00	-9.750926e+00	
457	0.000000e+00	0.000000e+00	-9.751480e+00	
458	0.000000e+00	0.000000e+00	-9.751888e+00	
459	0.000000e+00	0.000000e+00	-9.752157e+00	
460	0.000000e+00	0.000000e+00	-9.752292e+00	
461	0.000000e+00	0.000000e+00	-5.634895e+00	
462	0.000000e+00	0.000000e+00	-9.724363e+00	
463	0.000000e+00	0.000000e+00	-9.727327e+00	
464	0.000000e+00	0.000000e+00	-9.730159e+00	
465	0.000000e+00	0.000000e+00	-9.732848e+00	
466	0.000000e+00	0.000000e+00	-9.735382e+00	
467	0.000000e+00	0.000000e+00	-9.737753e+00	
468	0.000000e+00	0.000000e+00	-9.739949e+00	
469	0.000000e+00	0.000000e+00	-9.741962e+00	
470	0.000000e+00	0.000000e+00	-9.743789e+00	
471	0.000000e+00	0.000000e+00	-9.745425e+00	
472	0.000000e+00	0.000000e+00	-9.746871e+00	
473	0.000000e+00	0.000000e+00	-9.748130e+00	
474	0.000000e+00	0.000000e+00	-9.749206e+00	
475	0.000000e+00	0.000000e+00	-9.750105e+00	
476	0.000000e+00	0.000000e+00	-9.750836e+00	
477	0.000000e+00	0.000000e+00	-9.751408e+00	
478	0.000000e+00	0.000000e+00	-9.751830e+00	
479	0.000000e+00	0.000000e+00	-9.752108e+00	
480	0.000000e+00	0.000000e+00	-9.752247e+00	
481	0.000000e+00	0.000000e+00	-5.634891e+00	
482	0.000000e+00	0.000000e+00	-9.724351e+00	
483	0.000000e+00	0.000000e+00	-9.727307e+00	
484	0.000000e+00	0.000000e+00	-9.730130e+00	
485	0.000000e+00	0.000000e+00	-9.732808e+00	
486	0.000000e+00	0.000000e+00	-9.735333e+00	
487	0.000000e+00	0.000000e+00	-9.737695e+00	
488	0.000000e+00	0.000000e+00	-9.739884e+00	
489	0.000000e+00	0.000000e+00	-9.741892e+00	
490	0.000000e+00	0.000000e+00	-9.743716e+00	
491	0.000000e+00	0.000000e+00	-9.745352e+00	
492	0.000000e+00	0.000000e+00	-9.746800e+00	
493	0.000000e+00	0.000000e+00	-9.748062e+00	
494	0.000000e+00	0.000000e+00	-9.749144e+00	
495	0.000000e+00	0.000000e+00	-9.750051e+00	
496	0.000000e+00	0.000000e+00	-9.750791e+00	
497	0.000000e+00	0.000000e+00	-9.751371e+00	
498	0.000000e+00	0.000000e+00	-9.751800e+00	
499	0.000000e+00	0.000000e+00	-9.752083e+00	
500	0.000000e+00	0.000000e+00	-9.752224e+00	
501	0.000000e+00	0.000000e+00	-5.634895e+00	
502	0.000000e+00	0.000000e+00	-9.724360e+00	
503	0.000000e+00	0.000000e+00	-9.727316e+00	
504	0.000000e+00	0.000000e+00	-9.730138e+00	
505	0.000000e+00	0.000000e+00	-9.732817e+00	
506	0.000000e+00	0.000000e+00	-9.735342e+00	
507	0.000000e+00	0.000000e+00	-9.737699e+00	
508	0.000000e+00	0.000000e+00	-9.739881e+00	
509	0.000000e+00	0.000000e+00	-9.741884e+00	
510	0.000000e+00	0.000000e+00	-9.743704e+00	
511	0.000000e+00	0.000000e+00	-9.745337e+00	
512	0.000000e+00	0.000000e+00	-9.746784e+00	
513	0.000000e+00	0.000000e+00	-9.748047e+00	
514	0.000000e+00	0.000000e+00	-9.749129e+00	
515	0.000000e+00	0.000000e+00	-9.750037e+00	
516	0.000000e+00	0.000000e+00	-9.750777e+00	
517	0.000000e+00	0.000000e+00	-9.751358e+00	
518	0.000000e+00	0.000000e+00	-9.751787e+00	
519	0.000000e+00	0.000000e+00	-9.752071e+00	
520	0.000000e+00	0.000000e+00	-9.752215e+00	
521	0.000000e+00	0.000000e+00	-5.634899e+00	
522	0.000000e+00	0.000000e+00	-9.724371e+00	
523	0.000000e+00	0.000000e+00	-9.727337e+00	
524	0.000000e+00	0.000000e+00	-9.730168e+00	
525	0.000000e+00	0.000000e+00	-9.732857e+00	
526	0.000000e+00	0.000000e+00	-9.735391e+00	
527	0.000000e+00	0.000000e+00	-9.737758e+00	
528	0.000000e+00	0.000000e+00	-9.739947e+00	
529	0.000000e+00	0.000000e+00	-9.741956e+00	
530	0.000000e+00	0.000000e+00	-9.743779e+00	
531	0.000000e+00	0.000000e+00	-9.745412e+00	
532	0.000000e+00	0.000000e+00	-9.746856e+00	
533	0.000000e+00	0.000000e+00	-9.748115e+00	
534	0.000000e+00	0.000000e+00	-9.749190e+00	
535	0.000000e+00	0.000000e+00	-9.750090e+00	
536	0.000000e+00	0.000000e+00	-9.750821e+00	
537	0.000000e+00	0.000000e+00	-9.751395e+00	
538	0.000000e+00	0.000000e+00	-9.751819e+00	
539	0.000000e+00	0.000000e+00	-9.752098e+00	
540	0.000000e+00	0.000000e+00	-9.752238e+00	
541	0.000000e+00	0.000000e+00	-5.634906e+00	
542	0.000000e+00	0.000000e+00	-9.724394e+00	
543	0.000000e+00	0.000000e+00	-9.727376e+00	
544	0.000000e+00	0.000000e+00	-9.730226e+00	
545	0.000000e+00	0.000000e+00	-9.732936e+00	
546	0.000000e+00	0.000000e+00	-9.735490e+00	
547	0.000000e+00	0.000000e+00	-9.737876e+00	
548	0.000000e+00	0.000000e+00	-9.740082e+00	
549	0.000000e+00	0.000000e+00	-9.742101e+00	
550	0.000000e+00	0.000000e+00	-9.743930e+00	
551	0.000000e+00	0.000000e+00	-9.745563e+00	
552	0.000000e+00	0.000000e+00	-9.747003e+00	
553	0.000000e+00	0.000000e+00	-9.748252e+00	
554	0.000000e+00	0.000000e+00	-9.749314e+00	
555	0.000000e+00	0.000000e+00	-9.750196e+00	
556	0.000000e+00	0.000000e+00	-9.750909e+00	
557	0.000000e+00	0.000000e+00	-9.751467e+00	
558	0.000000e+00	0.000000e+00	-9.751878e+00	
559	0.000000e+00	0.000000e+00	-9.752149e+00	
560	0.000000e+00	0.000000e+00	-9.752284e+00	
561	0.000000e+00	0.000000e+00	-5.634916e+00	
562	0.000000e+00	0.000000e+00	-9.724425e+00	
563	0.000000e+00	0.000000e+00	-9.727431e+00	
564	0.000000e+00	0.000000e+00	-9.730310e+00	
565	0.000000e+00	0.000000e+00	-9.733052e+00	
566	0.000000e+00	0.000000e+00	-9.735642e+00	
567	0.000000e+00	0.000000e+00	-9.738059e+00	
568	0.000000e+00	0.000000e+00	-9.740289e+00	
569	0.000000e+00	0.000000e+00	-9.742325e+00	
570	0.000000e+00	0.000000e+00	-9.744161e+00	
571	0.000000e+00	0.000000e+00	-9.745795e+00	
572	0.000000e+00	0.000000e+00	-9.747228e+00	
573	0.000000e+00	0.000000e+00	-9.748463e+00	
574	0.000000e+00	0.000000e+00	-9.749504e+00	
575	0.000000e+00	0.000000e+00	-9.750358e+00	
576	0.000000e+00	0.000000e+00	-9.751040e+00	
577	0.000000e+00	0.000000e+00	-9.751570e+00	
578	0.000000e+00	0.000000e+00	-9.751961e+00	
579	0.000000e+00	0.000000e+00	-9.752219e+00	
580	0.000000e+00	0.000000e+00	-9.752347e+00	
581	0.000000e+00	0.000000e+00	-5.634927e+00	
582	0.000000e+00	0.000000e+00	-9.724461e+00	
583	0.000000e+00	0.000000e+00	-9.727496e+00	
584	0.000000e+00	0.000000e+00	-9.730412e+00	
585	0.000000e+00	0.000000e+00	-9.733204e+00	
586	0.000000e+00	0.000000e+00	-9.735851e+00	
587	0.000000e+00	0.000000e+00	-9.738315e+00	
588	0.000000e+00	0.000000e+00	-9.740576e+00	
589	0.000000e+00	0.000000e+00	-9.742631e+00	
590	0.000000e+00	0.000000e+00	-9.744477e+00	
591	0.000000e+00	0.000000e+00	-9.746112e+00	
592	0.000000e+00	0.000000e+00	-9.747539e+00	
593	0.000000e+00	0.000000e+00	-9.748757e+00	
594	0.000000e+00	0.000000e+00	-9.749769e+00	
595	0.000000e+00	0.000000e+00	-9.750580e+00	
596	0.000000e+00	0.000000e+00	-9.751211e+00	
597	0.000000e+00	0.000000e+00	-9.751698e+00	
598	0.000000e+00	0.000000e+00	-9.752061e+00	
599	0.000000e+00	0.000000e+00	-9.752302e+00	
600	0.000000e+00	0.000000e+00	-9.752422e+00	
601	0.000000e+00	0.000000e+00	-5.634940e+00	
602	0.000000e+00	0.000000e+00	-9.724499e+00	
603	0.000000e+00	0.000000e+00	-9.727565e+00	
604	0.000000e+00	0.000000e+00	-9.730521e+00	
605	0.000000e+00	0.000000e+00	-9.733373e+00	
606	0.000000e+00	0.000000e+00	-9.751400e+00	
607	0.000000e+00	0.000000e+00	-9.751835e+00	
608	0.000000e+00	0.000000e+00	-9.752166e+00	
609	0.000000e+00	0.000000e+00	-9.752389e+00	
610	0.000000e+00	0.000000e+00	-9.752502e+00	
611	0.000000e+00	0.000000e+00	-5.634951e+00	
612	0.000000e+00	0.000000e+00	-9.724535e+00	
613	0.000000e+00	0.000000e+00	-9.727630e+00	
614	0.000000e+00	0.000000e+00	-9.730623e+00	
615	0.000000e+00	0.000000e+00	-9.733524e+00	
616	0.000000e+00	0.000000e+00	-9.751572e+00	
617	0.000000e+00	0.000000e+00	-9.751964e+00	
618	0.000000e+00	0.000000e+00	-9.752267e+00	
619	0.000000e+00	0.000000e+00	-9.752472e+00	
620	0.000000e+00	0.000000e+00	-9.752577e+00	
621	0.000000e+00	0.000000e+00	-5.634961e+00	
622	0.000000e+00	0.000000e+00	-9.724565e+00	
623	0.000000e+00	0.000000e+00	-9.727684e+00	
624	0.000000e+00	0.000000e+00	-9.730705e+00	
625	0.000000e+00	0.000000e+00	-9.733639e+00	
626	0.000000e+00	0.000000e+00	-9.751706e+00	
627	0.000000e+00	0.000000e+00	-9.752069e+00	
628	0.000000e+00	0.000000e+00	-9.752351e+00	
629	0.000000e+00	0.000000e+00	-9.752542e+00	
630	0.000000e+00	0.000000e+00	-9.752640e+00	
631	0.000000e+00	0.000000e+00	-5.634967e+00	
632	0.000000e+00	0.000000e+00	-9.724586e+00	
633	0.000000e+00	0.000000e+00	-9.727721e+00	
634	0.000000e+00	0.000000e+00	-9.730761e+00	
635	0.000000e+00	0.000000e+00	-9.733715e+00	
636	0.000000e+00	0.000000e+00	-9.751797e+00	
637	0.000000e+00	0.000000e+00	-9.752143e+00	
638	0.000000e+00	0.000000e+00	-9.752411e+00	
639	0.000000e+00	0.000000e+00	-9.752593e+00	
640	0.000000e+00	0.000000e+00	-9.752685e+00	
641	0.000000e+00	0.000000e+00	-5.634970e+00	
642	0.000000e+00	0.000000e+00	-9.724596e+00	
643	0.000000e+00	0.000000e+00	-9.727739e+00	
644	0.000000e+00	0.000000e+00	-9.730788e+00	
645	0.000000e+00	0.000000e+00	-9.733752e+00	
646	0.000000e+00	0.000000e+00	-9.751844e+00	
647	0.000000e+00	0.000000e+00	-9.752181e+00	
648	0.000000e+00	0.000000e+00	-9.752442e+00	
649	0.000000e+00	0.000000e+00	-9.752620e+00	
650	0.000000e+00	0.000000e+00	-9.752710e+00	
651	0.000000e+00	0.000000e+00	-5.634970e+00	
652	0.000000e+00	0.000000e+00	-9.724595e+00	
653	0.000000e+00	0.000000e+00	-9.727738e+00	
654	0.000000e+00	0.000000e+00	-9.730787e+00	
655	0.000000e+00	0.000000e+00	-9.733750e+00	
656	0.000000e+00	0.000000e+00	-9.751845e+00	
657	0.000000e+00	0.000000e+00	-9.752182e+00	
658	0.000000e+00	0.000000e+00	-9.752443e+00	
659	0.000000e+00	0.000000e+00	-9.752621e+00	
660	0.000000e+00	0.000000e+00	-9.752711e+00	
661	0.000000e+00	0.000000e+00	-5.634966e+00	
662	0.000000e+00	0.000000e+00	-9.724583e+00	
663	0.000000e+00	0.000000e+00	-9.727717e+00	
664	0.000000e+00	0.000000e+00	-9.730756e+00	
665	0.000000e+00	0.000000e+00	-9.733709e+00	
666	0.000000e+00	0.000000e+00	-9.751802e+00	
667	0.000000e+00	0.000000e+00	-9.752146e+00	
668	0.000000e+00	0.000000e+00	-9.752413e+00	
669	0.000000e+00	0.000000e+00	-9.752596e+00	
670	0.000000e+00	0.000000e+00	-9.752688e+00	
671	0.000000e+00	0.000000e+00	-5.634959e+00	
672	0.000000e+00	0.000000e+00	-9.724561e+00	
673	0.000000e+00	0.000000e+00	-9.727679e+00	
674	0.000000e+00	0.000000e+00	-9.730699e+00	
675	0.000000e+00	0.000000e+00	-9.733630e+00	
676	0.000000e+00	0.000000e+00	-9.751714e+00	
677	0.000000e+00	0.000000e+00	-9.752076e+00	
678	0.000000e+00	0.000000e+00	-9.752356e+00	
679	0.000000e+00	0.000000e+00	-9.752547e+00	
680	0.000000e+00	0.000000e+00	-9.752642e+00	
681	0.000000e+00	0.000000e+00	-5.634949e+00	
682	0.000000e+00	0.000000e+00	-9.724531e+00	
683	0.000000e+00	0.000000e+00	-9.727625e+00	
684	0.000000e+00	0.000000e+00	-9.730616e+00	
685	0.000000e+00	0.000000e+00	-9.733513e+00	
686	0.000000e+00	0.000000e+00	-9.751584e+00	
687	0.000000e+00	0.000000e+00	-9.751974e+00	
688	0.000000e+00	0.000000e+00	-9.752275e+00	
689	0.000000e+00	0.000000e+00	-9.752478e+00	
690	0.000000e+00	0.000000e+00	-9.752580e+00	
691	0.000000e+00	0.000000e+00	-5.634938e+00	
692	0.000000e+00	0.000000e+00	-9.724494e+00	
693	0.000000e+00	0.000000e+00	-9.727560e+00	
694	0.000000e+00	0.000000e+00	-9.730514e+00	
695	0.000000e+00	0.000000e+00	-9.733362e+00	
696	0.000000e+00	0.000000e+00	-9.751415e+00	
697	0.000000e+00	0.000000e+00	-9.751848e+00	
698	0.000000e+00	0.000000e+00	-9.752177e+00	
699	0.000000e+00	0.000000e+00	-9.752397e+00	
700	0.000000e+00	0.000000e+00	-9.752506e+00	
701	0.000000e+00	0.000000e+00	-5.634925e+00	
702	0.000000e+00	0.000000e+00	-9.724456e+00	
703	0.000000e+00	0.000000e+00	-9.727490e+00	
704	0.000000e+00	0.000000e+00	-9.730405e+00	
705	0.000000e+00	0.000000e+00	-9.733194e+00	
706	0.000000e+00	0.000000e+00	-9.735838e+00	
707	0.000000e+00	0.000000e+00	-9.738303e+00	
708	0.000000e+00	0.000000e+00	-9.740567e+00	
709	0.000000e+00	0.000000e+00	-9.742625e+00	
710	0.000000e+00	0.000000e+00	-9.744474e+00	
711	0.000000e+00	0.000000e+00	-9.746114e+00	
712	0.000000e+00	0.000000e+00	-9.747545e+00	
713	0.000000e+00	0.000000e+00	-9.748767e+00	
714	0.000000e+00	0.000000e+00	-9.749781e+00	
715	0.000000e+00	0.000000e+00	-9.750595e+00	
716	0.000000e+00	0.000000e+00	-9.751228e+00	
717	0.000000e+00	0.000000e+00	-9.751714e+00	
718	0.000000e+00	0.000000e+00	-9.752074e+00	
719	0.000000e+00	0.000000e+00	-9.752312e+00	
720	0.000000e+00	0.000000e+00	-9.752429e+00	
721	0.000000e+00	0.000000e+00	-5.634914e+00	
722	0.000000e+00	0.000000e+00	-9.724419e+00	
723	0.000000e+00	0.000000e+00	-9.727425e+00	
724	0.000000e+00	0.000000e+00	-9.730304e+00	
725	0.000000e+00	0.000000e+00	-9.733044e+00	
726	0.000000e+00	0.000000e+00	-9.735632e+00	
727	0.000000e+00	0.000000e+00	-9.738050e+00	
728	0.000000e+00	0.000000e+00	-9.740283e+00	
729	0.000000e+00	0.000000e+00	-9.742321e+00	
730	0.000000e+00	0.000000e+00	-9.744160e+00	
731	0.000000e+00	0.000000e+00	-9.745798e+00	
732	0.000000e+00	0.000000e+00	-9.747235e+00	
733	0.000000e+00	0.000000e+00	-9.748473e+00	
734	0.000000e+00	0.000000e+00	-9.749515e+00	
735	0.000000e+00	0.000000e+00	-9.750373e+00	
736	0.000000e+00	0.000000e+00	-9.751059e+00	
737	0.000000e+00	0.000000e+00	-9.751588e+00	
738	0.000000e+00	0.000000e+00	-9.751976e+00	
739	0.000000e+00	0.000000e+00	-9.752231e+00	
740	0.000000e+00	0.000000e+00	-9.752356e+00	
741	0.000000e+00	0.000000e+00	-5.634903e+00	
742	0.000000e+00	0.000000e+00	-9.724388e+00	
743	0.000000e+00	0.000000e+00	-9.727370e+00	
744	0.000000e+00	0.000000e+00	-9.730221e+00	
745	0.000000e+00	0.000000e+00	-9.732929e+00	
746	0.000000e+00	0.000000e+00	-9.735483e+00	
747	0.000000e+00	0.000000e+00	-9.737871e+00	
748	0.000000e+00	0.000000e+00	-9.740079e+00	
749	0.000000e+00	0.000000e+00	-9.742102e+00	
750	0.000000e+00	0.000000e+00	-9.743932e+00	
751	0.000000e+00	0.000000e+00	-9.745568e+00	
752	0.000000e+00	0.000000e+00	-9.747010e+00	
753	0.000000e+00	0.000000e+00	-9.748260e+00	
754	0.000000e+00	0.000000e+00	-9.749324e+00	
755	0.000000e+00	0.000000e+00	-9.750210e+00	
756	0.000000e+00	0.000000e+00	-9.750926e+00	
757	0.000000e+00	0.000000e+00	-9.751485e+00	
758	0.000000e+00	0.000000e+00	-9.751894e+00	
759	0.000000e+00	0.000000e+00	-9.752163e+00	
760	0.000000e+00	0.000000e+00	-9.752294e+00	
761	0.000000e+00	0.000000e+00	-5.634896e+00	
762	0.000000e+00	0.000000e+00	-9.724365e+00	
763	0.000000e+00	0.000000e+00	-9.727332e+00	
764	0.000000e+00	0.000000e+00	-9.730164e+00	
765	0.000000e+00	0.000000e+00	-9.732853e+00	
766	0.000000e+00	0.000000e+00	-9.735387e+00	
767	0.000000e+00	0.000000e+00	-9.737755e+00	
768	0.000000e+00	0.000000e+00	-9.739948e+00	
769	0.000000e+00	0.000000e+00	-9.741959e+00	
770	0.000000e+00	0.000000e+00	-9.743783e+00	
771	0.000000e+00	0.000000e+00	-9.745418e+00	
772	0.000000e+00	0.000000e+00	-9.746863e+00	
773	0.000000e+00	0.000000e+00	-9.748121e+00	
774	0.000000e+00	0.000000e+00	-9.749199e+00	
775	0.000000e+00	0.000000e+00	-9.750102e+00	
776	0.000000e+00	0.000000e+00	-9.750837e+00	
777	0.000000e+00	0.000000e+00	-9.751412e+00	
778	0.000000e+00	0.000000e+00	-9.751836e+00	
779	0.000000e+00	0.000000e+00	-9.752114e+00	
780	0.000000e+00	0.000000e+00	-9.752249e+00	
781	0.000000e+00	0.000000e+00	-5.634892e+00	
782	0.000000e+00	0.000000e+00	-9.724354e+00	
783	0.000000e+00	0.000000e+00	-9.727311e+00	
784	0.000000e+00	0.000000e+00	-9.730135e+00	
785	0.000000e+00	0.000000e+00	-9.732815e+00	
786	0.000000e+00	0.000000e+00	-9.735339e+00	
787	0.000000e+00	0.000000e+00	-9.737699e+00	
788	0.000000e+00	0.000000e+00	-9.739884e+00	
789	0.000000e+00	0.000000e+00	-9.741888e+00	
790	0.000000e+00	0.000000e+00	-9.743709e+00	
791	0.000000e+00	0.000000e+00	-9.745343e+00	
792	0.000000e+00	0.000000e+00	-9.746790e+00	
793	0.000000e+00	0.000000e+00	-9.748053e+00	
794	0.000000e+00	0.000000e+00	-9.749137e+00	
795	0.000000e+00	0.000000e+00	-9.750048e+00	
796	0.000000e+00	0.000000e+00	-9.750792e+00	
797	0.000000e+00	0.000000e+00	-9.751376e+00	
798	0.000000e+00	0.000000e+00	-9.751806e+00	
799	0.000000e+00	0.000000e+00	-9.752088e+00	
800	0.000000e+00	0.000000e+00	-9.752226e+00	
