fluxJ
3
800
1	0.000000e+00	0.000000e+00	-2.562512e+01	
2	0.000000e+00	0.000000e+00	-2.563133e+01	
3	0.000000e+00	0.000000e+00	-2.563699e+01	
4	0.000000e+00	0.000000e+00	-2.564212e+01	
5	0.000000e+00	0.000000e+00	-2.564670e+01	
6	0.000000e+00	0.000000e+00	-2.565074e+01	
7	0.000000e+00	0.000000e+00	-2.565425e+01	
8	0.000000e+00	0.000000e+00	-2.565723e+01	
9	0.000000e+00	0.000000e+00	-2.565966e+01	
10	0.000000e+00	0.000000e+00	-2.566154e+01	
11	0.000000e+00	0.000000e+00	-2.562563e+01	
12	0.000000e+00	0.000000e+00	-2.563196e+01	
13	0.000000e+00	0.000000e+00	-2.563770e+01	
14	0.000000e+00	0.000000e+00	-2.564287e+01	
15	0.000000e+00	0.000000e+00	-2.564747e+01	
16	0.000000e+00	0.000000e+00	-2.565152e+01	
17	0.000000e+00	0.000000e+00	-2.565502e+01	
18	0.000000e+00	0.000000e+00	-2.565795e+01	
19	0.000000e+00	0.000000e+00	-2.566032e+01	
20	0.000000e+00	0.000000e+00	-2.566209e+01	
21	0.000000e+00	0.000000e+00	-2.562601e+01	
22	0.000000e+00	0.000000e+00	-2.563241e+01	
23	0.000000e+00	0.000000e+00	-2.563821e+01	
24	0.000000e+00	0.000000e+00	-2.564341e+01	
25	0.000000e+00	0.000000e+00	-2.564803e+01	
26	0.000000e+00	0.000000e+00	-2.565208e+01	
27	0.000000e+00	0.000000e+00	-2.565557e+01	
28	0.000000e+00	0.000000e+00	-2.565847e+01	
29	0.000000e+00	0.000000e+00	-2.566079e+01	
30	0.000000e+00	0.000000e+00	-2.566249e+01	
31	0.000000e+00	0.000000e+00	-2.562625e+01	
32	0.000000e+00	0.000000e+00	-2.563270e+01	
33	0.000000e+00	0.000000e+00	-2.563854e+01	
34	0.000000e+00	0.000000e+00	-2.564376e+01	
35	0.000000e+00	0.000000e+00	-2.564840e+01	
36	0.000000e+00	0.000000e+00	-2.565245e+01	
37	0.000000e+00	0.000000e+00	-2.565592e+01	
38	0.000000e+00	0.000000e+00	-2.565881e+01	
39	0.000000e+00	0.000000e+00	-2.566109e+01	
40	0.000000e+00	0.000000e+00	-2.566276e+01	
41	0.000000e+00	0.000000e+00	-2.562637e+01	
42	0.000000e+00	0.000000e+00	-2.563285e+01	
43	0.000000e+00	0.000000e+00	-2.563870e+01	
44	0.000000e+00	0.000000e+00	-2.564394e+01	
45	0.000000e+00	0.000000e+00	-2.564858e+01	
46	0.000000e+00	0.000000e+00	-2.565263e+01	
47	0.000000e+00	0.000000e+00	-2.565610e+01	
48	0.000000e+00	0.000000e+00	-2.565897e+01	
49	0.000000e+00	0.000000e+00	-2.566124e+01	
50	0.000000e+00	0.000000e+00	-2.566289e+01	
51	0.000000e+00	0.000000e+00	-2.562637e+01	
52	0.000000e+00	0.000000e+00	-2.563285e+01	
53	0.000000e+00	0.000000e+00	-2.563870e+01	
54	0.000000e+00	0.000000e+00	-2.564394e+01	
55	0.000000e+00	0.000000e+00	-2.564858e+01	
56	0.000000e+00	0.000000e+00	-2.565263e+01	
57	0.000000e+00	0.000000e+00	-2.565610e+01	
58	0.000000e+00	0.000000e+00	-2.565897e+01	
59	0.000000e+00	0.000000e+00	-2.566124e+01	
60	0.000000e+00	0.000000e+00	-2.566289e+01	
61	0.000000e+00	0.000000e+00	-2.562625e+01	
62	0.000000e+00	0.000000e+00	-2.563270e+01	
63	0.000000e+00	0.000000e+00	-2.563854e+01	
64	0.000000e+00	0.000000e+00	-2.564376e+01	
65	0.000000e+00	0.000000e+00	-2.564840e+01	
66	0.000000e+00	0.000000e+00	-2.565245e+01	
67	0.000000e+00	0.000000e+00	-2.565592e+01	
68	0.000000e+00	0.000000e+00	-2.565881e+01	
69	0.000000e+00	0.000000e+00	-2.566109e+01	
70	0.000000e+00	0.000000e+00	-2.566276e+01	
71	0.000000e+00	0.000000e+00	-2.562601e+01	
72	0.000000e+00	0.000000e+00	-2.563241e+01	
73	0.000000e+00	0.000000e+00	-2.563821e+01	
74	0.000000e+00	0.000000e+00	-2.564341e+01	
75	0.000000e+00	0.000000e+00	-2.564804e+01	
76	0.000000e+00	0.000000e+00	-2.565209e+01	
77	0.000000e+00	0.000000e+00	-2.565557e+01	
78	0.000000e+00	0.000000e+00	-2.565847e+01	
79	0.000000e+00	0.000000e+00	-2.566079e+01	
80	0.000000e+00	0.000000e+00	-2.566249e+01	
81	0.000000e+00	0.000000e+00	-2.562563e+01	
82	0.000000e+00	0.000000e+00	-2.563196e+01	
83	0.000000e+00	0.000000e+00	-2.563771e+01	
84	0.000000e+00	0.000000e+00	-2.564287e+01	
85	0.000000e+00	0.000000e+00	-2.564748e+01	
86	0.000000e+00	0.000000e+00	-2.565153e+01	
87	0.000000e+00	0.000000e+00	-2.565502e+01	
88	0.000000e+00	0.000000e+00	-2.565796e+01	
89	0.000000e+00	0.000000e+00	-2.566032e+01	
90	0.000000e+00	0.000000e+00	-2.566209e+01	
91	0.000000e+00	0.000000e+00	-2.562512e+01	
92	0.000000e+00	0.000000e+00	-2.563134e+01	
93	0.000000e+00	0.000000e+00	-2.563700e+01	
94	0.000000e+00	0.000000e+00	-2.564213e+01	
95	0.000000e+00	0.000000e+00	-2.564671e+01	
96	0.000000e+00	0.000000e+00	-2.565075e+01	
97	0.000000e+00	0.000000e+00	-2.565427e+01	
98	0.000000e+00	0.000000e+00	-2.565724e+01	
99	0.000000e+00	0.000000e+00	-2.565967e+01	
100	0.000000e+00	0.000000e+00	-2.566155e+01	
101	0.000000e+00	0.000000e+00	-2.562516e+01	
102	0.000000e+00	0.000000e+00	-2.563137e+01	
103	0.000000e+00	0.000000e+00	-2.563703e+01	
104	0.000000e+00	0.000000e+00	-2.564214e+01	
105	0.000000e+00	0.000000e+00	-2.564672e+01	
106	0.000000e+00	0.000000e+00	-2.565075e+01	
107	0.000000e+00	0.000000e+00	-2.565425e+01	
108	0.000000e+00	0.000000e+00	-2.565721e+01	
109	0.000000e+00	0.000000e+00	-2.565963e+01	
110	0.000000e+00	0.000000e+00	-2.566150e+01	
111	0.000000e+00	0.000000e+00	-2.562567e+01	
112	0.000000e+00	0.000000e+00	-2.563200e+01	
113	0.000000e+00	0.000000e+00	-2.563773e+01	
114	0.000000e+00	0.000000e+00	-2.564289e+01	
115	0.000000e+00	0.000000e+00	-2.564749e+01	
116	0.000000e+00	0.000000e+00	-2.565153e+01	
117	0.000000e+00	0.000000e+00	-2.565501e+01	
118	0.000000e+00	0.000000e+00	-2.565794e+01	
119	0.000000e+00	0.000000e+00	-2.566029e+01	
120	0.000000e+00	0.000000e+00	-2.566205e+01	
121	0.000000e+00	0.000000e+00	-2.562604e+01	
122	0.000000e+00	0.000000e+00	-2.563244e+01	
123	0.000000e+00	0.000000e+00	-2.563823e+01	
124	0.000000e+00	0.000000e+00	-2.564343e+01	
125	0.000000e+00	0.000000e+00	-2.564805e+01	
126	0.000000e+00	0.000000e+00	-2.565209e+01	
127	0.000000e+00	0.000000e+00	-2.565557e+01	
128	0.000000e+00	0.000000e+00	-2.565846e+01	
129	0.000000e+00	0.000000e+00	-2.566076e+01	
130	0.000000e+00	0.000000e+00	-2.566246e+01	
131	0.000000e+00	0.000000e+00	-2.562628e+01	
132	0.000000e+00	0.000000e+00	-2.563273e+01	
133	0.000000e+00	0.000000e+00	-2.563855e+01	
134	0.000000e+00	0.000000e+00	-2.564378e+01	
135	0.000000e+00	0.000000e+00	-2.564841e+01	
136	0.000000e+00	0.000000e+00	-2.565246e+01	
137	0.000000e+00	0.000000e+00	-2.565592e+01	
138	0.000000e+00	0.000000e+00	-2.565880e+01	
139	0.000000e+00	0.000000e+00	-2.566107e+01	
140	0.000000e+00	0.000000e+00	-2.566273e+01	
141	0.000000e+00	0.000000e+00	-2.562639e+01	
142	0.000000e+00	0.000000e+00	-2.563286e+01	
143	0.000000e+00	0.000000e+00	-2.563871e+01	
144	0.000000e+00	0.000000e+00	-2.564395e+01	
145	0.000000e+00	0.000000e+00	-2.564859e+01	
146	0.000000e+00	0.000000e+00	-2.565264e+01	
147	0.000000e+00	0.000000e+00	-2.565610e+01	
148	0.000000e+00	0.000000e+00	-2.565897e+01	
149	0.000000e+00	0.000000e+00	-2.566123e+01	
150	0.000000e+00	0.000000e+00	-2.566286e+01	
151	0.000000e+00	0.000000e+00	-2.562639e+01	
152	0.000000e+00	0.000000e+00	-2.563286e+01	
153	0.000000e+00	0.000000e+00	-2.563870e+01	
154	0.000000e+00	0.000000e+00	-2.564394e+01	
155	0.000000e+00	0.000000e+00	-2.564859e+01	
156	0.000000e+00	0.000000e+00	-2.565264e+01	
157	0.000000e+00	0.000000e+00	-2.565610e+01	
158	0.000000e+00	0.000000e+00	-2.565897e+01	
159	0.000000e+00	0.000000e+00	-2.566123e+01	
160	0.000000e+00	0.000000e+00	-2.566287e+01	
161	0.000000e+00	0.000000e+00	-2.562626e+01	
162	0.000000e+00	0.000000e+00	-2.563271e+01	
163	0.000000e+00	0.000000e+00	-2.563854e+01	
164	0.000000e+00	0.000000e+00	-2.564377e+01	
165	0.000000e+00	0.000000e+00	-2.564841e+01	
166	0.000000e+00	0.000000e+00	-2.565246e+01	
167	0.000000e+00	0.000000e+00	-2.565593e+01	
168	0.000000e+00	0.000000e+00	-2.565881e+01	
169	0.000000e+00	0.000000e+00	-2.566108e+01	
170	0.000000e+00	0.000000e+00	-2.566274e+01	
171	0.000000e+00	0.000000e+00	-2.562601e+01	
172	0.000000e+00	0.000000e+00	-2.563242e+01	
173	0.000000e+00	0.000000e+00	-2.563821e+01	
174	0.000000e+00	0.000000e+00	-2.564342e+01	
175	0.000000e+00	0.000000e+00	-2.564804e+01	
176	0.000000e+00	0.000000e+00	-2.565210e+01	
177	0.000000e+00	0.000000e+00	-2.565557e+01	
178	0.000000e+00	0.000000e+00	-2.565847e+01	
179	0.000000e+00	0.000000e+00	-2.566078e+01	
180	0.000000e+00	0.000000e+00	-2.566248e+01	
181	0.000000e+00	0.000000e+00	-2.562564e+01	
182	0.000000e+00	0.000000e+00	-2.563197e+01	
183	0.000000e+00	0.000000e+00	-2.563770e+01	
184	0.000000e+00	0.000000e+00	-2.564287e+01	
185	0.000000e+00	0.000000e+00	-2.564748e+01	
186	0.000000e+00	0.000000e+00	-2.565153e+01	
187	0.000000e+00	0.000000e+00	-2.565503e+01	
188	0.000000e+00	0.000000e+00	-2.565795e+01	
189	0.000000e+00	0.000000e+00	-2.566031e+01	
190	0.000000e+00	0.000000e+00	-2.566208e+01	
191	0.000000e+00	0.000000e+00	-2.562512e+01	
192	0.000000e+00	0.000000e+00	-2.563134e+01	
193	0.000000e+00	0.000000e+00	-2.563700e+01	
194	0.000000e+00	0.000000e+00	-2.564212e+01	
195	0.000000e+00	0.000000e+00	-2.564671e+01	
196	0.000000e+00	0.000000e+00	-2.565076e+01	
197	0.000000e+00	0.000000e+00	-2.565427e+01	
198	0.000000e+00	0.000000e+00	-2.565723e+01	
199	0.000000e+00	0.000000e+00	-2.565966e+01	
200	0.000000e+00	0.000000e+00	-2.566153e+01	
201	0.000000e+00	0.000000e+00	-5.453024e+00	
202	0.000000e+00	0.000000e+00	-9.410373e+00	
203	0.000000e+00	0.000000e+00	-9.413047e+00	
204	0.000000e+00	0.000000e+00	-9.415602e+00	
205	0.000000e+00	0.000000e+00	-9.418031e+00	
206	0.000000e+00	0.000000e+00	-9.420319e+00	
207	0.000000e+00	0.000000e+00	-9.422455e+00	
208	0.000000e+00	0.000000e+00	-9.424433e+00	
209	0.000000e+00	0.000000e+00	-9.426252e+00	
210	0.000000e+00	0.000000e+00	-9.427907e+00	
211	0.000000e+00	0.000000e+00	-9.429394e+00	
212	0.000000e+00	0.000000e+00	-9.430711e+00	
213	0.000000e+00	0.000000e+00	-9.431861e+00	
214	0.000000e+00	0.000000e+00	-9.432843e+00	
215	0.000000e+00	0.000000e+00	-9.433667e+00	
216	0.000000e+00	0.000000e+00	-9.434337e+00	
217	0.000000e+00	0.000000e+00	-9.434862e+00	
218	0.000000e+00	0.000000e+00	-9.435249e+00	
219	0.000000e+00	0.000000e+00	-9.435503e+00	
220	0.000000e+00	0.000000e+00	-9.435629e+00	
221	0.000000e+00	0.000000e+00	-5.453027e+00	
222	0.000000e+00	0.000000e+00	-9.410384e+00	
223	0.000000e+00	0.000000e+00	-9.413066e+00	
224	0.000000e+00	0.000000e+00	-9.415630e+00	
225	0.000000e+00	0.000000e+00	-9.418067e+00	
226	0.000000e+00	0.000000e+00	-9.420364e+00	
227	0.000000e+00	0.000000e+00	-9.422509e+00	
228	0.000000e+00	0.000000e+00	-9.424494e+00	
229	0.000000e+00	0.000000e+00	-9.426318e+00	
230	0.000000e+00	0.000000e+00	-9.427975e+00	
231	0.000000e+00	0.000000e+00	-9.429461e+00	
232	0.000000e+00	0.000000e+00	-9.430777e+00	
233	0.000000e+00	0.000000e+00	-9.431922e+00	
234	0.000000e+00	0.000000e+00	-9.432898e+00	
235	0.000000e+00	0.000000e+00	-9.433714e+00	
236	0.000000e+00	0.000000e+00	-9.434376e+00	
237	0.000000e+00	0.000000e+00	-9.434895e+00	
238	0.000000e+00	0.000000e+00	-9.435276e+00	
239	0.000000e+00	0.000000e+00	-9.435527e+00	
240	0.000000e+00	0.000000e+00	-9.435650e+00	
241	0.000000e+00	0.000000e+00	-5.453034e+00	
242	0.000000e+00	0.000000e+00	-9.410405e+00	
243	0.000000e+00	0.000000e+00	-9.413103e+00	
244	0.000000e+00	0.000000e+00	-9.415684e+00	
245	0.000000e+00	0.000000e+00	-9.418139e+00	
246	0.000000e+00	0.000000e+00	-9.420454e+00	
247	0.000000e+00	0.000000e+00	-9.422617e+00	
248	0.000000e+00	0.000000e+00	-9.424618e+00	
249	0.000000e+00	0.000000e+00	-9.426451e+00	
250	0.000000e+00	0.000000e+00	-9.428112e+00	
251	0.000000e+00	0.000000e+00	-9.429598e+00	
252	0.000000e+00	0.000000e+00	-9.430909e+00	
253	0.000000e+00	0.000000e+00	-9.432045e+00	
254	0.000000e+00	0.000000e+00	-9.433010e+00	
255	0.000000e+00	0.000000e+00	-9.433811e+00	
256	0.000000e+00	0.000000e+00	-9.434456e+00	
257	0.000000e+00	0.000000e+00	-9.434959e+00	
258	0.000000e+00	0.000000e+00	-9.435329e+00	
259	0.000000e+00	0.000000e+00	-9.435571e+00	
260	0.000000e+00	0.000000e+00	-9.435690e+00	
261	0.000000e+00	0.000000e+00	-5.453044e+00	
262	0.000000e+00	0.000000e+00	-9.410435e+00	
263	0.000000e+00	0.000000e+00	-9.413154e+00	
264	0.000000e+00	0.000000e+00	-9.415761e+00	
265	0.000000e+00	0.000000e+00	-9.418245e+00	
266	0.000000e+00	0.000000e+00	-9.420592e+00	
267	0.000000e+00	0.000000e+00	-9.422784e+00	
268	0.000000e+00	0.000000e+00	-9.424807e+00	
269	0.000000e+00	0.000000e+00	-9.426654e+00	
270	0.000000e+00	0.000000e+00	-9.428321e+00	
271	0.000000e+00	0.000000e+00	-9.429807e+00	
272	0.000000e+00	0.000000e+00	-9.431112e+00	
273	0.000000e+00	0.000000e+00	-9.432236e+00	
274	0.000000e+00	0.000000e+00	-9.433182e+00	
275	0.000000e+00	0.000000e+00	-9.433957e+00	
276	0.000000e+00	0.000000e+00	-9.434575e+00	
277	0.000000e+00	0.000000e+00	-9.435052e+00	
278	0.000000e+00	0.000000e+00	-9.435403e+00	
279	0.000000e+00	0.000000e+00	-9.435633e+00	
280	0.000000e+00	0.000000e+00	-9.435747e+00	
281	0.000000e+00	0.000000e+00	-5.453055e+00	
282	0.000000e+00	0.000000e+00	-9.410469e+00	
283	0.000000e+00	0.000000e+00	-9.413216e+00	
284	0.000000e+00	0.000000e+00	-9.415855e+00	
285	0.000000e+00	0.000000e+00	-9.418384e+00	
286	0.000000e+00	0.000000e+00	-9.420781e+00	
287	0.000000e+00	0.000000e+00	-9.423016e+00	
288	0.000000e+00	0.000000e+00	-9.425068e+00	
289	0.000000e+00	0.000000e+00	-9.426932e+00	
290	0.000000e+00	0.000000e+00	-9.428608e+00	
291	0.000000e+00	0.000000e+00	-9.430094e+00	
292	0.000000e+00	0.000000e+00	-9.431392e+00	
293	0.000000e+00	0.000000e+00	-9.432501e+00	
294	0.000000e+00	0.000000e+00	-9.433422e+00	
295	0.000000e+00	0.000000e+00	-9.434159e+00	
296	0.000000e+00	0.000000e+00	-9.434729e+00	
297	0.000000e+00	0.000000e+00	-9.435167e+00	
298	0.000000e+00	0.000000e+00	-9.435492e+00	
299	0.000000e+00	0.000000e+00	-9.435707e+00	
300	0.000000e+00	0.000000e+00	-9.435815e+00	
301	0.000000e+00	0.000000e+00	-5.453066e+00	
302	0.000000e+00	0.000000e+00	-9.410506e+00	
303	0.000000e+00	0.000000e+00	-9.413280e+00	
304	0.000000e+00	0.000000e+00	-9.415956e+00	
305	0.000000e+00	0.000000e+00	-9.418538e+00	
306	0.000000e+00	0.000000e+00	-9.434901e+00	
307	0.000000e+00	0.000000e+00	-9.435291e+00	
308	0.000000e+00	0.000000e+00	-9.435587e+00	
309	0.000000e+00	0.000000e+00	-9.435786e+00	
310	0.000000e+00	0.000000e+00	-9.435886e+00	
311	0.000000e+00	0.000000e+00	-5.453078e+00	
312	0.000000e+00	0.000000e+00	-9.410540e+00	
313	0.000000e+00	0.000000e+00	-9.413341e+00	
314	0.000000e+00	0.000000e+00	-9.416050e+00	
315	0.000000e+00	0.000000e+00	-9.418676e+00	
316	0.000000e+00	0.000000e+00	-9.435057e+00	
317	0.000000e+00	0.000000e+00	-9.435408e+00	
318	0.000000e+00	0.000000e+00	-9.435677e+00	
319	0.000000e+00	0.000000e+00	-9.435861e+00	
320	0.000000e+00	0.000000e+00	-9.435954e+00	
321	0.000000e+00	0.000000e+00	-5.453087e+00	
322	0.000000e+00	0.000000e+00	-9.410569e+00	
323	0.000000e+00	0.000000e+00	-9.413392e+00	
324	0.000000e+00	0.000000e+00	-9.416127e+00	
325	0.000000e+00	0.000000e+00	-9.418782e+00	
326	0.000000e+00	0.000000e+00	-9.435177e+00	
327	0.000000e+00	0.000000e+00	-9.435503e+00	
328	0.000000e+00	0.000000e+00	-9.435754e+00	
329	0.000000e+00	0.000000e+00	-9.435924e+00	
330	0.000000e+00	0.000000e+00	-9.436011e+00	
331	0.000000e+00	0.000000e+00	-5.453094e+00	
332	0.000000e+00	0.000000e+00	-9.410590e+00	
333	0.000000e+00	0.000000e+00	-9.413428e+00	
334	0.000000e+00	0.000000e+00	-9.416180e+00	
335	0.000000e+00	0.000000e+00	-9.418853e+00	
336	0.000000e+00	0.000000e+00	-9.435258e+00	
337	0.000000e+00	0.000000e+00	-9.435570e+00	
338	0.000000e+00	0.000000e+00	-9.435809e+00	
339	0.000000e+00	0.000000e+00	-9.435971e+00	
340	0.000000e+00	0.000000e+00	-9.436052e+00	
341	0.000000e+00	0.000000e+00	-5.453097e+00	
342	0.000000e+00	0.000000e+00	-9.410600e+00	
343	0.000000e+00	0.000000e+00	-9.413446e+00	
344	0.000000e+00	0.000000e+00	-9.416206e+00	
345	0.000000e+00	0.000000e+00	-9.418889e+00	
346	0.000000e+00	0.000000e+00	-9.435299e+00	
347	0.000000e+00	0.000000e+00	-9.435603e+00	
348	0.000000e+00	0.000000e+00	-9.435837e+00	
349	0.000000e+00	0.000000e+00	-9.435995e+00	
350	0.000000e+00	0.000000e+00	-9.436074e+00	
351	0.000000e+00	0.000000e+00	-5.453096e+00	
352	0.000000e+00	0.000000e+00	-9.410598e+00	
353	0.000000e+00	0.000000e+00	-9.413446e+00	
354	0.000000e+00	0.000000e+00	-9.416206e+00	
355	0.000000e+00	0.000000e+00	-9.418889e+00	
356	0.000000e+00	0.000000e+00	-9.435299e+00	
357	0.000000e+00	0.000000e+00	-9.435603e+00	
358	0.000000e+00	0.000000e+00	-9.435837e+00	
359	0.000000e+00	0.000000e+00	-9.435995e+00	
360	0.000000e+00	0.000000e+00	-9.436075e+00	
361	0.000000e+00	0.000000e+00	-5.453092e+00	
362	0.000000e+00	0.000000e+00	-9.410586e+00	
363	0.000000e+00	0.000000e+00	-9.413426e+00	
364	0.000000e+00	0.000000e+00	-9.416178e+00	
365	0.000000e+00	0.000000e+00	-9.418853e+00	
366	0.000000e+00	0.000000e+00	-9.435259e+00	
367	0.000000e+00	0.000000e+00	-9.435570e+00	
368	0.000000e+00	0.000000e+00	-9.435809e+00	
369	0.000000e+00	0.000000e+00	-9.435971e+00	
370	0.000000e+00	0.000000e+00	-9.436054e+00	
371	0.000000e+00	0.000000e+00	-5.453085e+00	
372	0.000000e+00	0.000000e+00	-9.410565e+00	
373	0.000000e+00	0.000000e+00	-9.413390e+00	
374	0.000000e+00	0.000000e+00	-9.416126e+00	
375	0.000000e+00	0.000000e+00	-9.418782e+00	
376	0.000000e+00	0.000000e+00	-9.435177e+00	
377	0.000000e+00	0.000000e+00	-9.435504e+00	
378	0.000000e+00	0.000000e+00	-9.435755e+00	
379	0.000000e+00	0.000000e+00	-9.435926e+00	
380	0.000000e+00	0.000000e+00	-9.436013e+00	
381	0.000000e+00	0.000000e+00	-5.453076e+00	
382	0.000000e+00	0.000000e+00	-9.410537e+00	
383	0.000000e+00	0.000000e+00	-9.413340e+00	
384	0.000000e+00	0.000000e+00	-9.416050e+00	
385	0.000000e+00	0.000000e+00	-9.418677e+00	
386	0.000000e+00	0.000000e+00	-9.435058e+00	
387	0.000000e+00	0.000000e+00	-9.435410e+00	
388	0.000000e+00	0.000000e+00	-9.435680e+00	
389	0.000000e+00	0.000000e+00	-9.435863e+00	
390	0.000000e+00	0.000000e+00	-9.435956e+00	
391	0.000000e+00	0.000000e+00	-5.453065e+00	
392	0.000000e+00	0.000000e+00	-9.410503e+00	
393	0.000000e+00	0.000000e+00	-9.413280e+00	
394	0.000000e+00	0.000000e+00	-9.415958e+00	
395	0.000000e+00	0.000000e+00	-9.418540e+00	
396	0.000000e+00	0.000000e+00	-9.434903e+00	
397	0.000000e+00	0.000000e+00	-9.435294e+00	
398	0.000000e+00	0.000000e+00	-9.435590e+00	
399	0.000000e+00	0.000000e+00	-9.435789e+00	
400	0.000000e+00	0.000000e+00	-9.435889e+00	
401	0.000000e+00	0.000000e+00	-5.453054e+00	
402	0.000000e+00	0.000000e+00	-9.410468e+00	
403	0.000000e+00	0.000000e+00	-9.413218e+00	
404	0.000000e+00	0.000000e+00	-9.415860e+00	
405	0.000000e+00	0.000000e+00	-9.418388e+00	
406	0.000000e+00	0.000000e+00	-9.420785e+00	
407	0.000000e+00	0.000000e+00	-9.423020e+00	
408	0.000000e+00	0.000000e+00	-9.425073e+00	
409	0.000000e+00	0.000000e+00	-9.426938e+00	
410	0.000000e+00	0.000000e+00	-9.428613e+00	
411	0.000000e+00	0.000000e+00	-9.430100e+00	
412	0.000000e+00	0.000000e+00	-9.431397e+00	
413	0.000000e+00	0.000000e+00	-9.432505e+00	
414	0.000000e+00	0.000000e+00	-9.433425e+00	
415	0.000000e+00	0.000000e+00	-9.434162e+00	
416	0.000000e+00	0.000000e+00	-9.434733e+00	
417	0.000000e+00	0.000000e+00	-9.435171e+00	
418	0.000000e+00	0.000000e+00	-9.435495e+00	
419	0.000000e+00	0.000000e+00	-9.435710e+00	
420	0.000000e+00	0.000000e+00	-9.435819e+00	
421	0.000000e+00	0.000000e+00	-5.453043e+00	
422	0.000000e+00	0.000000e+00	-9.410435e+00	
423	0.000000e+00	0.000000e+00	-9.413159e+00	
424	0.000000e+00	0.000000e+00	-9.415768e+00	
425	0.000000e+00	0.000000e+00	-9.418252e+00	
426	0.000000e+00	0.000000e+00	-9.420598e+00	
427	0.000000e+00	0.000000e+00	-9.422791e+00	
428	0.000000e+00	0.000000e+00	-9.424816e+00	
429	0.000000e+00	0.000000e+00	-9.426664e+00	
430	0.000000e+00	0.000000e+00	-9.428331e+00	
431	0.000000e+00	0.000000e+00	-9.429815e+00	
432	0.000000e+00	0.000000e+00	-9.431119e+00	
433	0.000000e+00	0.000000e+00	-9.432241e+00	
434	0.000000e+00	0.000000e+00	-9.433185e+00	
435	0.000000e+00	0.000000e+00	-9.433960e+00	
436	0.000000e+00	0.000000e+00	-9.434578e+00	
437	0.000000e+00	0.000000e+00	-9.435055e+00	
438	0.000000e+00	0.000000e+00	-9.435405e+00	
439	0.000000e+00	0.000000e+00	-9.435636e+00	
440	0.000000e+00	0.000000e+00	-9.435752e+00	
441	0.000000e+00	0.000000e+00	-5.453034e+00	
442	0.000000e+00	0.000000e+00	-9.410407e+00	
443	0.000000e+00	0.000000e+00	-9.413109e+00	
444	0.000000e+00	0.000000e+00	-9.415693e+00	
445	0.000000e+00	0.000000e+00	-9.418147e+00	
446	0.000000e+00	0.000000e+00	-9.420462e+00	
447	0.000000e+00	0.000000e+00	-9.422628e+00	
448	0.000000e+00	0.000000e+00	-9.424631e+00	
449	0.000000e+00	0.000000e+00	-9.426466e+00	
450	0.000000e+00	0.000000e+00	-9.428125e+00	
451	0.000000e+00	0.000000e+00	-9.429609e+00	
452	0.000000e+00	0.000000e+00	-9.430916e+00	
453	0.000000e+00	0.000000e+00	-9.432049e+00	
454	0.000000e+00	0.000000e+00	-9.433012e+00	
455	0.000000e+00	0.000000e+00	-9.433812e+00	
456	0.000000e+00	0.000000e+00	-9.434458e+00	
457	0.000000e+00	0.000000e+00	-9.434961e+00	
458	0.000000e+00	0.000000e+00	-9.435330e+00	
459	0.000000e+00	0.000000e+00	-9.435574e+00	
460	0.000000e+00	0.000000e+00	-9.435696e+00	
461	0.000000e+00	0.000000e+00	-5.453028e+00	
462	0.000000e+00	0.000000e+00	-9.410388e+00	
463	0.000000e+00	0.000000e+00	-9.413074e+00	
464	0.000000e+00	0.000000e+00	-9.415640e+00	
465	0.000000e+00	0.000000e+00	-9.418077e+00	
466	0.000000e+00	0.000000e+00	-9.420374e+00	
467	0.000000e+00	0.000000e+00	-9.422522e+00	
468	0.000000e+00	0.000000e+00	-9.424512e+00	
469	0.000000e+00	0.000000e+00	-9.426336e+00	
470	0.000000e+00	0.000000e+00	-9.427991e+00	
471	0.000000e+00	0.000000e+00	-9.429474e+00	
472	0.000000e+00	0.000000e+00	-9.430785e+00	
473	0.000000e+00	0.000000e+00	-9.431924e+00	
474	0.000000e+00	0.000000e+00	-9.432899e+00	
475	0.000000e+00	0.000000e+00	-9.433715e+00	
476	0.000000e+00	0.000000e+00	-9.434377e+00	
477	0.000000e+00	0.000000e+00	-9.434895e+00	
478	0.000000e+00	0.000000e+00	-9.435277e+00	
479	0.000000e+00	0.000000e+00	-9.435529e+00	
480	0.000000e+00	0.000000e+00	-9.435655e+00	
481	0.000000e+00	0.000000e+00	-5.453024e+00	
482	0.000000e+00	0.000000e+00	-9.410377e+00	
483	0.000000e+00	0.000000e+00	-9.413056e+00	
484	0.000000e+00	0.000000e+00	-9.415614e+00	
485	0.000000e+00	0.000000e+00	-9.418041e+00	
486	0.000000e+00	0.000000e+00	-9.420329e+00	
487	0.000000e+00	0.000000e+00	-9.422470e+00	
488	0.000000e+00	0.000000e+00	-9.424453e+00	
489	0.000000e+00	0.000000e+00	-9.426273e+00	
490	0.000000e+00	0.000000e+00	-9.427925e+00	
491	0.000000e+00	0.000000e+00	-9.429408e+00	
492	0.000000e+00	0.000000e+00	-9.430719e+00	
493	0.000000e+00	0.000000e+00	-9.431863e+00	
494	0.000000e+00	0.000000e+00	-9.432843e+00	
495	0.000000e+00	0.000000e+00	-9.433666e+00	
496	0.000000e+00	0.000000e+00	-9.434336e+00	
497	0.000000e+00	0.000000e+00	-9.434861e+00	
498	0.000000e+00	0.000000e+00	-9.435250e+00	
499	0.000000e+00	0.000000e+00	-9.435506e+00	
500	0.000000e+00	0.000000e+00	-9.435634e+00	
501	0.000000e+00	0.000000e+00	-5.453028e+00	
502	0.000000e+00	0.000000e+00	-9.410385e+00	
503	0.000000e+00	0.000000e+00	-9.413064e+00	
504	0.000000e+00	0.000000e+00	-9.415622e+00	
505	0.000000e+00	0.000000e+00	-9.418050e+00	
506	0.000000e+00	0.000000e+00	-9.420337e+00	
507	0.000000e+00	0.000000e+00	-9.422473e+00	
508	0.000000e+00	0.000000e+00	-9.424450e+00	
509	0.000000e+00	0.000000e+00	-9.426264e+00	
510	0.000000e+00	0.000000e+00	-9.427914e+00	
511	0.000000e+00	0.000000e+00	-9.429394e+00	
512	0.000000e+00	0.000000e+00	-9.430705e+00	
513	0.000000e+00	0.000000e+00	-9.431849e+00	
514	0.000000e+00	0.000000e+00	-9.432829e+00	
515	0.000000e+00	0.000000e+00	-9.433652e+00	
516	0.000000e+00	0.000000e+00	-9.434322e+00	
517	0.000000e+00	0.000000e+00	-9.434849e+00	
518	0.000000e+00	0.000000e+00	-9.435238e+00	
519	0.000000e+00	0.000000e+00	-9.435496e+00	
520	0.000000e+00	0.000000e+00	-9.435626e+00	
521	0.000000e+00	0.000000e+00	-5.453031e+00	
522	0.000000e+00	0.000000e+00	-9.410396e+00	
523	0.000000e+00	0.000000e+00	-9.413083e+00	
524	0.000000e+00	0.000000e+00	-9.415649e+00	
525	0.000000e+00	0.000000e+00	-9.418086e+00	
526	0.000000e+00	0.000000e+00	-9.420382e+00	
527	0.000000e+00	0.000000e+00	-9.422526e+00	
528	0.000000e+00	0.000000e+00	-9.424510e+00	
529	0.000000e+00	0.000000e+00	-9.426330e+00	
530	0.000000e+00	0.000000e+00	-9.427982e+00	
531	0.000000e+00	0.000000e+00	-9.429461e+00	
532	0.000000e+00	0.000000e+00	-9.430770e+00	
533	0.000000e+00	0.000000e+00	-9.431910e+00	
534	0.000000e+00	0.000000e+00	-9.432885e+00	
535	0.000000e+00	0.000000e+00	-9.433699e+00	
536	0.000000e+00	0.000000e+00	-9.434362e+00	
537	0.000000e+00	0.000000e+00	-9.434882e+00	
538	0.000000e+00	0.000000e+00	-9.435266e+00	
539	0.000000e+00	0.000000e+00	-9.435520e+00	
540	0.000000e+00	0.000000e+00	-9.435647e+00	
541	0.000000e+00	0.000000e+00	-5.453038e+00	
542	0.000000e+00	0.000000e+00	-9.410416e+00	
543	0.000000e+00	0.000000e+00	-9.413119e+00	
544	0.000000e+00	0.000000e+00	-9.415702e+00	
545	0.000000e+00	0.000000e+00	-9.418157e+00	
546	0.000000e+00	0.000000e+00	-9.420472e+00	
547	0.000000e+00	0.000000e+00	-9.422634e+00	
548	0.000000e+00	0.000000e+00	-9.424632e+00	
549	0.000000e+00	0.000000e+00	-9.426462e+00	
550	0.000000e+00	0.000000e+00	-9.428118e+00	
551	0.000000e+00	0.000000e+00	-9.429599e+00	
552	0.000000e+00	0.000000e+00	-9.430903e+00	
553	0.000000e+00	0.000000e+00	-9.432034e+00	
554	0.000000e+00	0.000000e+00	-9.432997e+00	
555	0.000000e+00	0.000000e+00	-9.433796e+00	
556	0.000000e+00	0.000000e+00	-9.434442e+00	
557	0.000000e+00	0.000000e+00	-9.434947e+00	
558	0.000000e+00	0.000000e+00	-9.435320e+00	
559	0.000000e+00	0.000000e+00	-9.435566e+00	
560	0.000000e+00	0.000000e+00	-9.435688e+00	
561	0.000000e+00	0.000000e+00	-5.453047e+00	
562	0.000000e+00	0.000000e+00	-9.410444e+00	
563	0.000000e+00	0.000000e+00	-9.413168e+00	
564	0.000000e+00	0.000000e+00	-9.415777e+00	
565	0.000000e+00	0.000000e+00	-9.418263e+00	
566	0.000000e+00	0.000000e+00	-9.420609e+00	
567	0.000000e+00	0.000000e+00	-9.422800e+00	
568	0.000000e+00	0.000000e+00	-9.424820e+00	
569	0.000000e+00	0.000000e+00	-9.426665e+00	
570	0.000000e+00	0.000000e+00	-9.428328e+00	
571	0.000000e+00	0.000000e+00	-9.429808e+00	
572	0.000000e+00	0.000000e+00	-9.431107e+00	
573	0.000000e+00	0.000000e+00	-9.432226e+00	
574	0.000000e+00	0.000000e+00	-9.433169e+00	
575	0.000000e+00	0.000000e+00	-9.433942e+00	
576	0.000000e+00	0.000000e+00	-9.434561e+00	
577	0.000000e+00	0.000000e+00	-9.435041e+00	
578	0.000000e+00	0.000000e+00	-9.435396e+00	
579	0.000000e+00	0.000000e+00	-9.435629e+00	
580	0.000000e+00	0.000000e+00	-9.435745e+00	
581	0.000000e+00	0.000000e+00	-5.453057e+00	
582	0.000000e+00	0.000000e+00	-9.410477e+00	
583	0.000000e+00	0.000000e+00	-9.413228e+00	
584	0.000000e+00	0.000000e+00	-9.415870e+00	
585	0.000000e+00	0.000000e+00	-9.418400e+00	
586	0.000000e+00	0.000000e+00	-9.420798e+00	
587	0.000000e+00	0.000000e+00	-9.423031e+00	
588	0.000000e+00	0.000000e+00	-9.425080e+00	
589	0.000000e+00	0.000000e+00	-9.426943e+00	
590	0.000000e+00	0.000000e+00	-9.428615e+00	
591	0.000000e+00	0.000000e+00	-9.430096e+00	
592	0.000000e+00	0.000000e+00	-9.431389e+00	
593	0.000000e+00	0.000000e+00	-9.432493e+00	
594	0.000000e+00	0.000000e+00	-9.433409e+00	
595	0.000000e+00	0.000000e+00	-9.434144e+00	
596	0.000000e+00	0.000000e+00	-9.434716e+00	
597	0.000000e+00	0.000000e+00	-9.435157e+00	
598	0.000000e+00	0.000000e+00	-9.435486e+00	
599	0.000000e+00	0.000000e+00	-9.435704e+00	
600	0.000000e+00	0.000000e+00	-9.435814e+00	
601	0.000000e+00	0.000000e+00	-5.453068e+00	
602	0.000000e+00	0.000000e+00	-9.410512e+00	
603	0.000000e+00	0.000000e+00	-9.413290e+00	
604	0.000000e+00	0.000000e+00	-9.415969e+00	
605	0.000000e+00	0.000000e+00	-9.418553e+00	
606	0.000000e+00	0.000000e+00	-9.434887e+00	
607	0.000000e+00	0.000000e+00	-9.435281e+00	
608	0.000000e+00	0.000000e+00	-9.435581e+00	
609	0.000000e+00	0.000000e+00	-9.435783e+00	
610	0.000000e+00	0.000000e+00	-9.435886e+00	
611	0.000000e+00	0.000000e+00	-5.453079e+00	
612	0.000000e+00	0.000000e+00	-9.410544e+00	
613	0.000000e+00	0.000000e+00	-9.413349e+00	
614	0.000000e+00	0.000000e+00	-9.416061e+00	
615	0.000000e+00	0.000000e+00	-9.418690e+00	
616	0.000000e+00	0.000000e+00	-9.435043e+00	
617	0.000000e+00	0.000000e+00	-9.435398e+00	
618	0.000000e+00	0.000000e+00	-9.435672e+00	
619	0.000000e+00	0.000000e+00	-9.435859e+00	
620	0.000000e+00	0.000000e+00	-9.435953e+00	
621	0.000000e+00	0.000000e+00	-5.453087e+00	
622	0.000000e+00	0.000000e+00	-9.410571e+00	
623	0.000000e+00	0.000000e+00	-9.413397e+00	
624	0.000000e+00	0.000000e+00	-9.416135e+00	
625	0.000000e+00	0.000000e+00	-9.418793e+00	
626	0.000000e+00	0.000000e+00	-9.435164e+00	
627	0.000000e+00	0.000000e+00	-9.435494e+00	
628	0.000000e+00	0.000000e+00	-9.435749e+00	
629	0.000000e+00	0.000000e+00	-9.435922e+00	
630	0.000000e+00	0.000000e+00	-9.436010e+00	
631	0.000000e+00	0.000000e+00	-5.453093e+00	
632	0.000000e+00	0.000000e+00	-9.410590e+00	
633	0.000000e+00	0.000000e+00	-9.413431e+00	
634	0.000000e+00	0.000000e+00	-9.416186e+00	
635	0.000000e+00	0.000000e+00	-9.418863e+00	
636	0.000000e+00	0.000000e+00	-9.435247e+00	
637	0.000000e+00	0.000000e+00	-9.435560e+00	
638	0.000000e+00	0.000000e+00	-9.435803e+00	
639	0.000000e+00	0.000000e+00	-9.435968e+00	
640	0.000000e+00	0.000000e+00	-9.436052e+00	
641	0.000000e+00	0.000000e+00	-5.453096e+00	
642	0.000000e+00	0.000000e+00	-9.410599e+00	
643	0.000000e+00	0.000000e+00	-9.413447e+00	
644	0.000000e+00	0.000000e+00	-9.416210e+00	
645	0.000000e+00	0.000000e+00	-9.418896e+00	
646	0.000000e+00	0.000000e+00	-9.435289e+00	
647	0.000000e+00	0.000000e+00	-9.435595e+00	
648	0.000000e+00	0.000000e+00	-9.435831e+00	
649	0.000000e+00	0.000000e+00	-9.435993e+00	
650	0.000000e+00	0.000000e+00	-9.436074e+00	
651	0.000000e+00	0.000000e+00	-5.453096e+00	
652	0.000000e+00	0.000000e+00	-9.410598e+00	
653	0.000000e+00	0.000000e+00	-9.413446e+00	
654	0.000000e+00	0.000000e+00	-9.416209e+00	
655	0.000000e+00	0.000000e+00	-9.418894e+00	
656	0.000000e+00	0.000000e+00	-9.435291e+00	
657	0.000000e+00	0.000000e+00	-9.435596e+00	
658	0.000000e+00	0.000000e+00	-9.435832e+00	
659	0.000000e+00	0.000000e+00	-9.435994e+00	
660	0.000000e+00	0.000000e+00	-9.436075e+00	
661	0.000000e+00	0.000000e+00	-5.453092e+00	
662	0.000000e+00	0.000000e+00	-9.410587e+00	
663	0.000000e+00	0.000000e+00	-9.413428e+00	
664	0.000000e+00	0.000000e+00	-9.416181e+00	
665	0.000000e+00	0.000000e+00	-9.418857e+00	
666	0.000000e+00	0.000000e+00	-9.435252e+00	
667	0.000000e+00	0.000000e+00	-9.435564e+00	
668	0.000000e+00	0.000000e+00	-9.435806e+00	
669	0.000000e+00	0.000000e+00	-9.435971e+00	
670	0.000000e+00	0.000000e+00	-9.436054e+00	
671	0.000000e+00	0.000000e+00	-5.453086e+00	
672	0.000000e+00	0.000000e+00	-9.410567e+00	
673	0.000000e+00	0.000000e+00	-9.413393e+00	
674	0.000000e+00	0.000000e+00	-9.416129e+00	
675	0.000000e+00	0.000000e+00	-9.418785e+00	
676	0.000000e+00	0.000000e+00	-9.435172e+00	
677	0.000000e+00	0.000000e+00	-9.435500e+00	
678	0.000000e+00	0.000000e+00	-9.435754e+00	
679	0.000000e+00	0.000000e+00	-9.435926e+00	
680	0.000000e+00	0.000000e+00	-9.436013e+00	
681	0.000000e+00	0.000000e+00	-5.453077e+00	
682	0.000000e+00	0.000000e+00	-9.410540e+00	
683	0.000000e+00	0.000000e+00	-9.413344e+00	
684	0.000000e+00	0.000000e+00	-9.416054e+00	
685	0.000000e+00	0.000000e+00	-9.418679e+00	
686	0.000000e+00	0.000000e+00	-9.435054e+00	
687	0.000000e+00	0.000000e+00	-9.435407e+00	
688	0.000000e+00	0.000000e+00	-9.435680e+00	
689	0.000000e+00	0.000000e+00	-9.435865e+00	
690	0.000000e+00	0.000000e+00	-9.435957e+00	
691	0.000000e+00	0.000000e+00	-5.453067e+00	
692	0.000000e+00	0.000000e+00	-9.410507e+00	
693	0.000000e+00	0.000000e+00	-9.413285e+00	
694	0.000000e+00	0.000000e+00	-9.415962e+00	
695	0.000000e+00	0.000000e+00	-9.418542e+00	
696	0.000000e+00	0.000000e+00	-9.434901e+00	
697	0.000000e+00	0.000000e+00	-9.435294e+00	
698	0.000000e+00	0.000000e+00	-9.435592e+00	
699	0.000000e+00	0.000000e+00	-9.435791e+00	
700	0.000000e+00	0.000000e+00	-9.435890e+00	
701	0.000000e+00	0.000000e+00	-5.453055e+00	
702	0.000000e+00	0.000000e+00	-9.410472e+00	
703	0.000000e+00	0.000000e+00	-9.413222e+00	
704	0.000000e+00	0.000000e+00	-9.415863e+00	
705	0.000000e+00	0.000000e+00	-9.418391e+00	
706	0.000000e+00	0.000000e+00	-9.420786e+00	
707	0.000000e+00	0.000000e+00	-9.423020e+00	
708	0.000000e+00	0.000000e+00	-9.425071e+00	
709	0.000000e+00	0.000000e+00	-9.426936e+00	
710	0.000000e+00	0.000000e+00	-9.428612e+00	
711	0.000000e+00	0.000000e+00	-9.430098e+00	
712	0.000000e+00	0.000000e+00	-9.431395e+00	
713	0.000000e+00	0.000000e+00	-9.432501e+00	
714	0.000000e+00	0.000000e+00	-9.433421e+00	
715	0.000000e+00	0.000000e+00	-9.434158e+00	
716	0.000000e+00	0.000000e+00	-9.434732e+00	
717	0.000000e+00	0.000000e+00	-9.435172e+00	
718	0.000000e+00	0.000000e+00	-9.435498e+00	
719	0.000000e+00	0.000000e+00	-9.435714e+00	
720	0.000000e+00	0.000000e+00	-9.435821e+00	
721	0.000000e+00	0.000000e+00	-5.453045e+00	
722	0.000000e+00	0.000000e+00	-9.410439e+00	
723	0.000000e+00	0.000000e+00	-9.413163e+00	
724	0.000000e+00	0.000000e+00	-9.415772e+00	
725	0.000000e+00	0.000000e+00	-9.418255e+00	
726	0.000000e+00	0.000000e+00	-9.420599e+00	
727	0.000000e+00	0.000000e+00	-9.422790e+00	
728	0.000000e+00	0.000000e+00	-9.424814e+00	
729	0.000000e+00	0.000000e+00	-9.426661e+00	
730	0.000000e+00	0.000000e+00	-9.428328e+00	
731	0.000000e+00	0.000000e+00	-9.429812e+00	
732	0.000000e+00	0.000000e+00	-9.431114e+00	
733	0.000000e+00	0.000000e+00	-9.432235e+00	
734	0.000000e+00	0.000000e+00	-9.433180e+00	
735	0.000000e+00	0.000000e+00	-9.433957e+00	
736	0.000000e+00	0.000000e+00	-9.434578e+00	
737	0.000000e+00	0.000000e+00	-9.435058e+00	
738	0.000000e+00	0.000000e+00	-9.435410e+00	
739	0.000000e+00	0.000000e+00	-9.435641e+00	
740	0.000000e+00	0.000000e+00	-9.435754e+00	
741	0.000000e+00	0.000000e+00	-5.453035e+00	
742	0.000000e+00	0.000000e+00	-9.410410e+00	
743	0.000000e+00	0.000000e+00	-9.413113e+00	
744	0.000000e+00	0.000000e+00	-9.415697e+00	
745	0.000000e+00	0.000000e+00	-9.418151e+00	
746	0.000000e+00	0.000000e+00	-9.420465e+00	
747	0.000000e+00	0.000000e+00	-9.422628e+00	
748	0.000000e+00	0.000000e+00	-9.424630e+00	
749	0.000000e+00	0.000000e+00	-9.426462e+00	
750	0.000000e+00	0.000000e+00	-9.428121e+00	
751	0.000000e+00	0.000000e+00	-9.429603e+00	
752	0.000000e+00	0.000000e+00	-9.430910e+00	
753	0.000000e+00	0.000000e+00	-9.432042e+00	
754	0.000000e+00	0.000000e+00	-9.433006e+00	
755	0.000000e+00	0.000000e+00	-9.433809e+00	
756	0.000000e+00	0.000000e+00	-9.434459e+00	
757	0.000000e+00	0.000000e+00	-9.434965e+00	
758	0.000000e+00	0.000000e+00	-9.435336e+00	
759	0.000000e+00	0.000000e+00	-9.435579e+00	
760	0.000000e+00	0.000000e+00	-9.435698e+00	
761	0.000000e+00	0.000000e+00	-5.453029e+00	
762	0.000000e+00	0.000000e+00	-9.410390e+00	
763	0.000000e+00	0.000000e+00	-9.413078e+00	
764	0.000000e+00	0.000000e+00	-9.415645e+00	
765	0.000000e+00	0.000000e+00	-9.418082e+00	
766	0.000000e+00	0.000000e+00	-9.420378e+00	
767	0.000000e+00	0.000000e+00	-9.422524e+00	
768	0.000000e+00	0.000000e+00	-9.424511e+00	
769	0.000000e+00	0.000000e+00	-9.426333e+00	
770	0.000000e+00	0.000000e+00	-9.427985e+00	
771	0.000000e+00	0.000000e+00	-9.429467e+00	
772	0.000000e+00	0.000000e+00	-9.430776e+00	
773	0.000000e+00	0.000000e+00	-9.431917e+00	
774	0.000000e+00	0.000000e+00	-9.432893e+00	
775	0.000000e+00	0.000000e+00	-9.433711e+00	
776	0.000000e+00	0.000000e+00	-9.434377e+00	
777	0.000000e+00	0.000000e+00	-9.434899e+00	
778	0.000000e+00	0.000000e+00	-9.435284e+00	
779	0.000000e+00	0.000000e+00	-9.435535e+00	
780	0.000000e+00	0.000000e+00	-9.435657e+00	
781	0.000000e+00	0.000000e+00	-5.453025e+00	
782	0.000000e+00	0.000000e+00	-9.410380e+00	
783	0.000000e+00	0.000000e+00	-9.413060e+00	
784	0.000000e+00	0.000000e+00	-9.415619e+00	
785	0.000000e+00	0.000000e+00	-9.418047e+00	
786	0.000000e+00	0.000000e+00	-9.420335e+00	
787	0.000000e+00	0.000000e+00	-9.422473e+00	
788	0.000000e+00	0.000000e+00	-9.424453e+00	
789	0.000000e+00	0.000000e+00	-9.426269e+00	
790	0.000000e+00	0.000000e+00	-9.427919e+00	
791	0.000000e+00	0.000000e+00	-9.429399e+00	
792	0.000000e+00	0.000000e+00	-9.430710e+00	
793	0.000000e+00	0.000000e+00	-9.431854e+00	
794	0.000000e+00	0.000000e+00	-9.432837e+00	
795	0.000000e+00	0.000000e+00	-9.433662e+00	
796	0.000000e+00	0.000000e+00	-9.434336e+00	
797	0.000000e+00	0.000000e+00	-9.434866e+00	
798	0.000000e+00	0.000000e+00	-9.435256e+00	
799	0.000000e+00	0.000000e+00	-9.435512e+00	
800	0.000000e+00	0.000000e+00	-9.435636e+00	
