fluxJ
3
800
1	0.000000e+00	0.000000e+00	-2.819697e+01	
2	0.000000e+00	0.000000e+00	-2.820525e+01	
3	0.000000e+00	0.000000e+00	-2.821279e+01	
4	0.000000e+00	0.000000e+00	-2.821961e+01	
5	0.000000e+00	0.000000e+00	-2.822571e+01	
6	0.000000e+00	0.000000e+00	-2.823110e+01	
7	0.000000e+00	0.000000e+00	-2.823577e+01	
8	0.000000e+00	0.000000e+00	-2.823974e+01	
9	0.000000e+00	0.000000e+00	-2.824297e+01	
10	0.000000e+00	0.000000e+00	-2.824547e+01	
11	0.000000e+00	0.000000e+00	-2.819766e+01	
12	0.000000e+00	0.000000e+00	-2.820609e+01	
13	0.000000e+00	0.000000e+00	-2.821373e+01	
14	0.000000e+00	0.000000e+00	-2.822061e+01	
15	0.000000e+00	0.000000e+00	-2.822674e+01	
16	0.000000e+00	0.000000e+00	-2.823213e+01	
17	0.000000e+00	0.000000e+00	-2.823679e+01	
18	0.000000e+00	0.000000e+00	-2.824070e+01	
19	0.000000e+00	0.000000e+00	-2.824384e+01	
20	0.000000e+00	0.000000e+00	-2.824620e+01	
21	0.000000e+00	0.000000e+00	-2.819816e+01	
22	0.000000e+00	0.000000e+00	-2.820669e+01	
23	0.000000e+00	0.000000e+00	-2.821440e+01	
24	0.000000e+00	0.000000e+00	-2.822133e+01	
25	0.000000e+00	0.000000e+00	-2.822749e+01	
26	0.000000e+00	0.000000e+00	-2.823288e+01	
27	0.000000e+00	0.000000e+00	-2.823752e+01	
28	0.000000e+00	0.000000e+00	-2.824139e+01	
29	0.000000e+00	0.000000e+00	-2.824447e+01	
30	0.000000e+00	0.000000e+00	-2.824674e+01	
31	0.000000e+00	0.000000e+00	-2.819848e+01	
32	0.000000e+00	0.000000e+00	-2.820707e+01	
33	0.000000e+00	0.000000e+00	-2.821484e+01	
34	0.000000e+00	0.000000e+00	-2.822180e+01	
35	0.000000e+00	0.000000e+00	-2.822798e+01	
36	0.000000e+00	0.000000e+00	-2.823337e+01	
37	0.000000e+00	0.000000e+00	-2.823799e+01	
38	0.000000e+00	0.000000e+00	-2.824184e+01	
39	0.000000e+00	0.000000e+00	-2.824488e+01	
40	0.000000e+00	0.000000e+00	-2.824709e+01	
41	0.000000e+00	0.000000e+00	-2.819864e+01	
42	0.000000e+00	0.000000e+00	-2.820727e+01	
43	0.000000e+00	0.000000e+00	-2.821506e+01	
44	0.000000e+00	0.000000e+00	-2.822203e+01	
45	0.000000e+00	0.000000e+00	-2.822822e+01	
46	0.000000e+00	0.000000e+00	-2.823361e+01	
47	0.000000e+00	0.000000e+00	-2.823823e+01	
48	0.000000e+00	0.000000e+00	-2.824206e+01	
49	0.000000e+00	0.000000e+00	-2.824508e+01	
50	0.000000e+00	0.000000e+00	-2.824727e+01	
51	0.000000e+00	0.000000e+00	-2.819864e+01	
52	0.000000e+00	0.000000e+00	-2.820727e+01	
53	0.000000e+00	0.000000e+00	-2.821506e+01	
54	0.000000e+00	0.000000e+00	-2.822204e+01	
55	0.000000e+00	0.000000e+00	-2.822822e+01	
56	0.000000e+00	0.000000e+00	-2.823361e+01	
57	0.000000e+00	0.000000e+00	-2.823823e+01	
58	0.000000e+00	0.000000e+00	-2.824206e+01	
59	0.000000e+00	0.000000e+00	-2.824508e+01	
60	0.000000e+00	0.000000e+00	-2.824727e+01	
61	0.000000e+00	0.000000e+00	-2.819848e+01	
62	0.000000e+00	0.000000e+00	-2.820707e+01	
63	0.000000e+00	0.000000e+00	-2.821484e+01	
64	0.000000e+00	0.000000e+00	-2.822180e+01	
65	0.000000e+00	0.000000e+00	-2.822798e+01	
66	0.000000e+00	0.000000e+00	-2.823337e+01	
67	0.000000e+00	0.000000e+00	-2.823800e+01	
68	0.000000e+00	0.000000e+00	-2.824184e+01	
69	0.000000e+00	0.000000e+00	-2.824488e+01	
70	0.000000e+00	0.000000e+00	-2.824709e+01	
71	0.000000e+00	0.000000e+00	-2.819816e+01	
72	0.000000e+00	0.000000e+00	-2.820669e+01	
73	0.000000e+00	0.000000e+00	-2.821441e+01	
74	0.000000e+00	0.000000e+00	-2.822134e+01	
75	0.000000e+00	0.000000e+00	-2.822749e+01	
76	0.000000e+00	0.000000e+00	-2.823289e+01	
77	0.000000e+00	0.000000e+00	-2.823752e+01	
78	0.000000e+00	0.000000e+00	-2.824139e+01	
79	0.000000e+00	0.000000e+00	-2.824447e+01	
80	0.000000e+00	0.000000e+00	-2.824674e+01	
81	0.000000e+00	0.000000e+00	-2.819766e+01	
82	0.000000e+00	0.000000e+00	-2.820609e+01	
83	0.000000e+00	0.000000e+00	-2.821373e+01	
84	0.000000e+00	0.000000e+00	-2.822061e+01	
85	0.000000e+00	0.000000e+00	-2.822675e+01	
86	0.000000e+00	0.000000e+00	-2.823214e+01	
87	0.000000e+00	0.000000e+00	-2.823679e+01	
88	0.000000e+00	0.000000e+00	-2.824070e+01	
89	0.000000e+00	0.000000e+00	-2.824385e+01	
90	0.000000e+00	0.000000e+00	-2.824621e+01	
91	0.000000e+00	0.000000e+00	-2.819698e+01	
92	0.000000e+00	0.000000e+00	-2.820526e+01	
93	0.000000e+00	0.000000e+00	-2.821280e+01	
94	0.000000e+00	0.000000e+00	-2.821962e+01	
95	0.000000e+00	0.000000e+00	-2.822572e+01	
96	0.000000e+00	0.000000e+00	-2.823111e+01	
97	0.000000e+00	0.000000e+00	-2.823579e+01	
98	0.000000e+00	0.000000e+00	-2.823974e+01	
99	0.000000e+00	0.000000e+00	-2.824298e+01	
100	0.000000e+00	0.000000e+00	-2.824548e+01	
101	0.000000e+00	0.000000e+00	-2.819702e+01	
102	0.000000e+00	0.000000e+00	-2.820529e+01	
103	0.000000e+00	0.000000e+00	-2.821283e+01	
104	0.000000e+00	0.000000e+00	-2.821964e+01	
105	0.000000e+00	0.000000e+00	-2.822573e+01	
106	0.000000e+00	0.000000e+00	-2.823111e+01	
107	0.000000e+00	0.000000e+00	-2.823577e+01	
108	0.000000e+00	0.000000e+00	-2.823971e+01	
109	0.000000e+00	0.000000e+00	-2.824294e+01	
110	0.000000e+00	0.000000e+00	-2.824543e+01	
111	0.000000e+00	0.000000e+00	-2.819770e+01	
112	0.000000e+00	0.000000e+00	-2.820613e+01	
113	0.000000e+00	0.000000e+00	-2.821376e+01	
114	0.000000e+00	0.000000e+00	-2.822064e+01	
115	0.000000e+00	0.000000e+00	-2.822676e+01	
116	0.000000e+00	0.000000e+00	-2.823214e+01	
117	0.000000e+00	0.000000e+00	-2.823678e+01	
118	0.000000e+00	0.000000e+00	-2.824068e+01	
119	0.000000e+00	0.000000e+00	-2.824381e+01	
120	0.000000e+00	0.000000e+00	-2.824616e+01	
121	0.000000e+00	0.000000e+00	-2.819819e+01	
122	0.000000e+00	0.000000e+00	-2.820672e+01	
123	0.000000e+00	0.000000e+00	-2.821443e+01	
124	0.000000e+00	0.000000e+00	-2.822135e+01	
125	0.000000e+00	0.000000e+00	-2.822751e+01	
126	0.000000e+00	0.000000e+00	-2.823289e+01	
127	0.000000e+00	0.000000e+00	-2.823752e+01	
128	0.000000e+00	0.000000e+00	-2.824137e+01	
129	0.000000e+00	0.000000e+00	-2.824444e+01	
130	0.000000e+00	0.000000e+00	-2.824670e+01	
131	0.000000e+00	0.000000e+00	-2.819851e+01	
132	0.000000e+00	0.000000e+00	-2.820710e+01	
133	0.000000e+00	0.000000e+00	-2.821486e+01	
134	0.000000e+00	0.000000e+00	-2.822182e+01	
135	0.000000e+00	0.000000e+00	-2.822799e+01	
136	0.000000e+00	0.000000e+00	-2.823338e+01	
137	0.000000e+00	0.000000e+00	-2.823800e+01	
138	0.000000e+00	0.000000e+00	-2.824182e+01	
139	0.000000e+00	0.000000e+00	-2.824485e+01	
140	0.000000e+00	0.000000e+00	-2.824706e+01	
141	0.000000e+00	0.000000e+00	-2.819867e+01	
142	0.000000e+00	0.000000e+00	-2.820728e+01	
143	0.000000e+00	0.000000e+00	-2.821507e+01	
144	0.000000e+00	0.000000e+00	-2.822204e+01	
145	0.000000e+00	0.000000e+00	-2.822823e+01	
146	0.000000e+00	0.000000e+00	-2.823362e+01	
147	0.000000e+00	0.000000e+00	-2.823823e+01	
148	0.000000e+00	0.000000e+00	-2.824205e+01	
149	0.000000e+00	0.000000e+00	-2.824506e+01	
150	0.000000e+00	0.000000e+00	-2.824724e+01	
151	0.000000e+00	0.000000e+00	-2.819866e+01	
152	0.000000e+00	0.000000e+00	-2.820728e+01	
153	0.000000e+00	0.000000e+00	-2.821506e+01	
154	0.000000e+00	0.000000e+00	-2.822204e+01	
155	0.000000e+00	0.000000e+00	-2.822823e+01	
156	0.000000e+00	0.000000e+00	-2.823362e+01	
157	0.000000e+00	0.000000e+00	-2.823823e+01	
158	0.000000e+00	0.000000e+00	-2.824205e+01	
159	0.000000e+00	0.000000e+00	-2.824506e+01	
160	0.000000e+00	0.000000e+00	-2.824725e+01	
161	0.000000e+00	0.000000e+00	-2.819849e+01	
162	0.000000e+00	0.000000e+00	-2.820708e+01	
163	0.000000e+00	0.000000e+00	-2.821484e+01	
164	0.000000e+00	0.000000e+00	-2.822181e+01	
165	0.000000e+00	0.000000e+00	-2.822799e+01	
166	0.000000e+00	0.000000e+00	-2.823338e+01	
167	0.000000e+00	0.000000e+00	-2.823800e+01	
168	0.000000e+00	0.000000e+00	-2.824183e+01	
169	0.000000e+00	0.000000e+00	-2.824486e+01	
170	0.000000e+00	0.000000e+00	-2.824708e+01	
171	0.000000e+00	0.000000e+00	-2.819816e+01	
172	0.000000e+00	0.000000e+00	-2.820669e+01	
173	0.000000e+00	0.000000e+00	-2.821441e+01	
174	0.000000e+00	0.000000e+00	-2.822134e+01	
175	0.000000e+00	0.000000e+00	-2.822750e+01	
176	0.000000e+00	0.000000e+00	-2.823290e+01	
177	0.000000e+00	0.000000e+00	-2.823753e+01	
178	0.000000e+00	0.000000e+00	-2.824139e+01	
179	0.000000e+00	0.000000e+00	-2.824446e+01	
180	0.000000e+00	0.000000e+00	-2.824673e+01	
181	0.000000e+00	0.000000e+00	-2.819766e+01	
182	0.000000e+00	0.000000e+00	-2.820609e+01	
183	0.000000e+00	0.000000e+00	-2.821373e+01	
184	0.000000e+00	0.000000e+00	-2.822062e+01	
185	0.000000e+00	0.000000e+00	-2.822675e+01	
186	0.000000e+00	0.000000e+00	-2.823215e+01	
187	0.000000e+00	0.000000e+00	-2.823680e+01	
188	0.000000e+00	0.000000e+00	-2.824070e+01	
189	0.000000e+00	0.000000e+00	-2.824384e+01	
190	0.000000e+00	0.000000e+00	-2.824619e+01	
191	0.000000e+00	0.000000e+00	-2.819698e+01	
192	0.000000e+00	0.000000e+00	-2.820525e+01	
193	0.000000e+00	0.000000e+00	-2.821280e+01	
194	0.000000e+00	0.000000e+00	-2.821962e+01	
195	0.000000e+00	0.000000e+00	-2.822572e+01	
196	0.000000e+00	0.000000e+00	-2.823111e+01	
197	0.000000e+00	0.000000e+00	-2.823578e+01	
198	0.000000e+00	0.000000e+00	-2.823974e+01	
199	0.000000e+00	0.000000e+00	-2.824297e+01	
200	0.000000e+00	0.000000e+00	-2.824547e+01	
201	0.000000e+00	0.000000e+00	-5.998654e+00	
202	0.000000e+00	0.000000e+00	-1.035238e+01	
203	0.000000e+00	0.000000e+00	-1.035594e+01	
204	0.000000e+00	0.000000e+00	-1.035935e+01	
205	0.000000e+00	0.000000e+00	-1.036258e+01	
206	0.000000e+00	0.000000e+00	-1.036563e+01	
207	0.000000e+00	0.000000e+00	-1.036847e+01	
208	0.000000e+00	0.000000e+00	-1.037111e+01	
209	0.000000e+00	0.000000e+00	-1.037353e+01	
210	0.000000e+00	0.000000e+00	-1.037573e+01	
211	0.000000e+00	0.000000e+00	-1.037771e+01	
212	0.000000e+00	0.000000e+00	-1.037947e+01	
213	0.000000e+00	0.000000e+00	-1.038100e+01	
214	0.000000e+00	0.000000e+00	-1.038231e+01	
215	0.000000e+00	0.000000e+00	-1.038340e+01	
216	0.000000e+00	0.000000e+00	-1.038429e+01	
217	0.000000e+00	0.000000e+00	-1.038499e+01	
218	0.000000e+00	0.000000e+00	-1.038551e+01	
219	0.000000e+00	0.000000e+00	-1.038585e+01	
220	0.000000e+00	0.000000e+00	-1.038602e+01	
221	0.000000e+00	0.000000e+00	-5.998658e+00	
222	0.000000e+00	0.000000e+00	-1.035240e+01	
223	0.000000e+00	0.000000e+00	-1.035597e+01	
224	0.000000e+00	0.000000e+00	-1.035938e+01	
225	0.000000e+00	0.000000e+00	-1.036263e+01	
226	0.000000e+00	0.000000e+00	-1.036569e+01	
227	0.000000e+00	0.000000e+00	-1.036854e+01	
228	0.000000e+00	0.000000e+00	-1.037119e+01	
229	0.000000e+00	0.000000e+00	-1.037362e+01	
230	0.000000e+00	0.000000e+00	-1.037582e+01	
231	0.000000e+00	0.000000e+00	-1.037780e+01	
232	0.000000e+00	0.000000e+00	-1.037955e+01	
233	0.000000e+00	0.000000e+00	-1.038108e+01	
234	0.000000e+00	0.000000e+00	-1.038238e+01	
235	0.000000e+00	0.000000e+00	-1.038347e+01	
236	0.000000e+00	0.000000e+00	-1.038435e+01	
237	0.000000e+00	0.000000e+00	-1.038504e+01	
238	0.000000e+00	0.000000e+00	-1.038555e+01	
239	0.000000e+00	0.000000e+00	-1.038588e+01	
240	0.000000e+00	0.000000e+00	-1.038604e+01	
241	0.000000e+00	0.000000e+00	-5.998668e+00	
242	0.000000e+00	0.000000e+00	-1.035243e+01	
243	0.000000e+00	0.000000e+00	-1.035602e+01	
244	0.000000e+00	0.000000e+00	-1.035946e+01	
245	0.000000e+00	0.000000e+00	-1.036272e+01	
246	0.000000e+00	0.000000e+00	-1.036581e+01	
247	0.000000e+00	0.000000e+00	-1.036869e+01	
248	0.000000e+00	0.000000e+00	-1.037135e+01	
249	0.000000e+00	0.000000e+00	-1.037379e+01	
250	0.000000e+00	0.000000e+00	-1.037601e+01	
251	0.000000e+00	0.000000e+00	-1.037798e+01	
252	0.000000e+00	0.000000e+00	-1.037973e+01	
253	0.000000e+00	0.000000e+00	-1.038124e+01	
254	0.000000e+00	0.000000e+00	-1.038253e+01	
255	0.000000e+00	0.000000e+00	-1.038359e+01	
256	0.000000e+00	0.000000e+00	-1.038445e+01	
257	0.000000e+00	0.000000e+00	-1.038512e+01	
258	0.000000e+00	0.000000e+00	-1.038562e+01	
259	0.000000e+00	0.000000e+00	-1.038594e+01	
260	0.000000e+00	0.000000e+00	-1.038610e+01	
261	0.000000e+00	0.000000e+00	-5.998680e+00	
262	0.000000e+00	0.000000e+00	-1.035246e+01	
263	0.000000e+00	0.000000e+00	-1.035609e+01	
264	0.000000e+00	0.000000e+00	-1.035956e+01	
265	0.000000e+00	0.000000e+00	-1.036287e+01	
266	0.000000e+00	0.000000e+00	-1.036599e+01	
267	0.000000e+00	0.000000e+00	-1.036891e+01	
268	0.000000e+00	0.000000e+00	-1.037160e+01	
269	0.000000e+00	0.000000e+00	-1.037406e+01	
270	0.000000e+00	0.000000e+00	-1.037628e+01	
271	0.000000e+00	0.000000e+00	-1.037826e+01	
272	0.000000e+00	0.000000e+00	-1.038000e+01	
273	0.000000e+00	0.000000e+00	-1.038150e+01	
274	0.000000e+00	0.000000e+00	-1.038276e+01	
275	0.000000e+00	0.000000e+00	-1.038379e+01	
276	0.000000e+00	0.000000e+00	-1.038461e+01	
277	0.000000e+00	0.000000e+00	-1.038525e+01	
278	0.000000e+00	0.000000e+00	-1.038572e+01	
279	0.000000e+00	0.000000e+00	-1.038602e+01	
280	0.000000e+00	0.000000e+00	-1.038617e+01	
281	0.000000e+00	0.000000e+00	-5.998695e+00	
282	0.000000e+00	0.000000e+00	-1.035251e+01	
283	0.000000e+00	0.000000e+00	-1.035617e+01	
284	0.000000e+00	0.000000e+00	-1.035968e+01	
285	0.000000e+00	0.000000e+00	-1.036305e+01	
286	0.000000e+00	0.000000e+00	-1.036624e+01	
287	0.000000e+00	0.000000e+00	-1.036922e+01	
288	0.000000e+00	0.000000e+00	-1.037195e+01	
289	0.000000e+00	0.000000e+00	-1.037443e+01	
290	0.000000e+00	0.000000e+00	-1.037667e+01	
291	0.000000e+00	0.000000e+00	-1.037864e+01	
292	0.000000e+00	0.000000e+00	-1.038037e+01	
293	0.000000e+00	0.000000e+00	-1.038185e+01	
294	0.000000e+00	0.000000e+00	-1.038308e+01	
295	0.000000e+00	0.000000e+00	-1.038406e+01	
296	0.000000e+00	0.000000e+00	-1.038482e+01	
297	0.000000e+00	0.000000e+00	-1.038540e+01	
298	0.000000e+00	0.000000e+00	-1.038583e+01	
299	0.000000e+00	0.000000e+00	-1.038612e+01	
300	0.000000e+00	0.000000e+00	-1.038626e+01	
301	0.000000e+00	0.000000e+00	-5.998710e+00	
302	0.000000e+00	0.000000e+00	-1.035256e+01	
303	0.000000e+00	0.000000e+00	-1.035625e+01	
304	0.000000e+00	0.000000e+00	-1.035982e+01	
305	0.000000e+00	0.000000e+00	-1.036326e+01	
306	0.000000e+00	0.000000e+00	-1.038505e+01	
307	0.000000e+00	0.000000e+00	-1.038557e+01	
308	0.000000e+00	0.000000e+00	-1.038596e+01	
309	0.000000e+00	0.000000e+00	-1.038623e+01	
310	0.000000e+00	0.000000e+00	-1.038636e+01	
311	0.000000e+00	0.000000e+00	-5.998725e+00	
312	0.000000e+00	0.000000e+00	-1.035260e+01	
313	0.000000e+00	0.000000e+00	-1.035633e+01	
314	0.000000e+00	0.000000e+00	-1.035994e+01	
315	0.000000e+00	0.000000e+00	-1.036344e+01	
316	0.000000e+00	0.000000e+00	-1.038525e+01	
317	0.000000e+00	0.000000e+00	-1.038572e+01	
318	0.000000e+00	0.000000e+00	-1.038608e+01	
319	0.000000e+00	0.000000e+00	-1.038633e+01	
320	0.000000e+00	0.000000e+00	-1.038645e+01	
321	0.000000e+00	0.000000e+00	-5.998738e+00	
322	0.000000e+00	0.000000e+00	-1.035264e+01	
323	0.000000e+00	0.000000e+00	-1.035640e+01	
324	0.000000e+00	0.000000e+00	-1.036004e+01	
325	0.000000e+00	0.000000e+00	-1.036358e+01	
326	0.000000e+00	0.000000e+00	-1.038541e+01	
327	0.000000e+00	0.000000e+00	-1.038585e+01	
328	0.000000e+00	0.000000e+00	-1.038618e+01	
329	0.000000e+00	0.000000e+00	-1.038641e+01	
330	0.000000e+00	0.000000e+00	-1.038653e+01	
331	0.000000e+00	0.000000e+00	-5.998746e+00	
332	0.000000e+00	0.000000e+00	-1.035267e+01	
333	0.000000e+00	0.000000e+00	-1.035645e+01	
334	0.000000e+00	0.000000e+00	-1.036011e+01	
335	0.000000e+00	0.000000e+00	-1.036368e+01	
336	0.000000e+00	0.000000e+00	-1.038552e+01	
337	0.000000e+00	0.000000e+00	-1.038594e+01	
338	0.000000e+00	0.000000e+00	-1.038626e+01	
339	0.000000e+00	0.000000e+00	-1.038647e+01	
340	0.000000e+00	0.000000e+00	-1.038658e+01	
341	0.000000e+00	0.000000e+00	-5.998751e+00	
342	0.000000e+00	0.000000e+00	-1.035268e+01	
343	0.000000e+00	0.000000e+00	-1.035647e+01	
344	0.000000e+00	0.000000e+00	-1.036015e+01	
345	0.000000e+00	0.000000e+00	-1.036372e+01	
346	0.000000e+00	0.000000e+00	-1.038558e+01	
347	0.000000e+00	0.000000e+00	-1.038598e+01	
348	0.000000e+00	0.000000e+00	-1.038629e+01	
349	0.000000e+00	0.000000e+00	-1.038650e+01	
350	0.000000e+00	0.000000e+00	-1.038661e+01	
351	0.000000e+00	0.000000e+00	-5.998750e+00	
352	0.000000e+00	0.000000e+00	-1.035268e+01	
353	0.000000e+00	0.000000e+00	-1.035647e+01	
354	0.000000e+00	0.000000e+00	-1.036015e+01	
355	0.000000e+00	0.000000e+00	-1.036372e+01	
356	0.000000e+00	0.000000e+00	-1.038558e+01	
357	0.000000e+00	0.000000e+00	-1.038598e+01	
358	0.000000e+00	0.000000e+00	-1.038629e+01	
359	0.000000e+00	0.000000e+00	-1.038650e+01	
360	0.000000e+00	0.000000e+00	-1.038661e+01	
361	0.000000e+00	0.000000e+00	-5.998745e+00	
362	0.000000e+00	0.000000e+00	-1.035267e+01	
363	0.000000e+00	0.000000e+00	-1.035645e+01	
364	0.000000e+00	0.000000e+00	-1.036011e+01	
365	0.000000e+00	0.000000e+00	-1.036368e+01	
366	0.000000e+00	0.000000e+00	-1.038552e+01	
367	0.000000e+00	0.000000e+00	-1.038594e+01	
368	0.000000e+00	0.000000e+00	-1.038626e+01	
369	0.000000e+00	0.000000e+00	-1.038647e+01	
370	0.000000e+00	0.000000e+00	-1.038658e+01	
371	0.000000e+00	0.000000e+00	-5.998735e+00	
372	0.000000e+00	0.000000e+00	-1.035264e+01	
373	0.000000e+00	0.000000e+00	-1.035640e+01	
374	0.000000e+00	0.000000e+00	-1.036004e+01	
375	0.000000e+00	0.000000e+00	-1.036358e+01	
376	0.000000e+00	0.000000e+00	-1.038541e+01	
377	0.000000e+00	0.000000e+00	-1.038585e+01	
378	0.000000e+00	0.000000e+00	-1.038618e+01	
379	0.000000e+00	0.000000e+00	-1.038641e+01	
380	0.000000e+00	0.000000e+00	-1.038653e+01	
381	0.000000e+00	0.000000e+00	-5.998723e+00	
382	0.000000e+00	0.000000e+00	-1.035260e+01	
383	0.000000e+00	0.000000e+00	-1.035633e+01	
384	0.000000e+00	0.000000e+00	-1.035994e+01	
385	0.000000e+00	0.000000e+00	-1.036344e+01	
386	0.000000e+00	0.000000e+00	-1.038525e+01	
387	0.000000e+00	0.000000e+00	-1.038572e+01	
388	0.000000e+00	0.000000e+00	-1.038608e+01	
389	0.000000e+00	0.000000e+00	-1.038633e+01	
390	0.000000e+00	0.000000e+00	-1.038645e+01	
391	0.000000e+00	0.000000e+00	-5.998709e+00	
392	0.000000e+00	0.000000e+00	-1.035256e+01	
393	0.000000e+00	0.000000e+00	-1.035625e+01	
394	0.000000e+00	0.000000e+00	-1.035982e+01	
395	0.000000e+00	0.000000e+00	-1.036326e+01	
396	0.000000e+00	0.000000e+00	-1.038505e+01	
397	0.000000e+00	0.000000e+00	-1.038557e+01	
398	0.000000e+00	0.000000e+00	-1.038596e+01	
399	0.000000e+00	0.000000e+00	-1.038623e+01	
400	0.000000e+00	0.000000e+00	-1.038636e+01	
401	0.000000e+00	0.000000e+00	-5.998694e+00	
402	0.000000e+00	0.000000e+00	-1.035251e+01	
403	0.000000e+00	0.000000e+00	-1.035617e+01	
404	0.000000e+00	0.000000e+00	-1.035969e+01	
405	0.000000e+00	0.000000e+00	-1.036306e+01	
406	0.000000e+00	0.000000e+00	-1.036625e+01	
407	0.000000e+00	0.000000e+00	-1.036922e+01	
408	0.000000e+00	0.000000e+00	-1.037196e+01	
409	0.000000e+00	0.000000e+00	-1.037444e+01	
410	0.000000e+00	0.000000e+00	-1.037667e+01	
411	0.000000e+00	0.000000e+00	-1.037865e+01	
412	0.000000e+00	0.000000e+00	-1.038038e+01	
413	0.000000e+00	0.000000e+00	-1.038185e+01	
414	0.000000e+00	0.000000e+00	-1.038308e+01	
415	0.000000e+00	0.000000e+00	-1.038406e+01	
416	0.000000e+00	0.000000e+00	-1.038482e+01	
417	0.000000e+00	0.000000e+00	-1.038541e+01	
418	0.000000e+00	0.000000e+00	-1.038584e+01	
419	0.000000e+00	0.000000e+00	-1.038612e+01	
420	0.000000e+00	0.000000e+00	-1.038627e+01	
421	0.000000e+00	0.000000e+00	-5.998680e+00	
422	0.000000e+00	0.000000e+00	-1.035246e+01	
423	0.000000e+00	0.000000e+00	-1.035609e+01	
424	0.000000e+00	0.000000e+00	-1.035957e+01	
425	0.000000e+00	0.000000e+00	-1.036287e+01	
426	0.000000e+00	0.000000e+00	-1.036600e+01	
427	0.000000e+00	0.000000e+00	-1.036892e+01	
428	0.000000e+00	0.000000e+00	-1.037161e+01	
429	0.000000e+00	0.000000e+00	-1.037407e+01	
430	0.000000e+00	0.000000e+00	-1.037629e+01	
431	0.000000e+00	0.000000e+00	-1.037827e+01	
432	0.000000e+00	0.000000e+00	-1.038001e+01	
433	0.000000e+00	0.000000e+00	-1.038150e+01	
434	0.000000e+00	0.000000e+00	-1.038276e+01	
435	0.000000e+00	0.000000e+00	-1.038379e+01	
436	0.000000e+00	0.000000e+00	-1.038462e+01	
437	0.000000e+00	0.000000e+00	-1.038525e+01	
438	0.000000e+00	0.000000e+00	-1.038572e+01	
439	0.000000e+00	0.000000e+00	-1.038603e+01	
440	0.000000e+00	0.000000e+00	-1.038618e+01	
441	0.000000e+00	0.000000e+00	-5.998668e+00	
442	0.000000e+00	0.000000e+00	-1.035243e+01	
443	0.000000e+00	0.000000e+00	-1.035603e+01	
444	0.000000e+00	0.000000e+00	-1.035947e+01	
445	0.000000e+00	0.000000e+00	-1.036273e+01	
446	0.000000e+00	0.000000e+00	-1.036582e+01	
447	0.000000e+00	0.000000e+00	-1.036870e+01	
448	0.000000e+00	0.000000e+00	-1.037137e+01	
449	0.000000e+00	0.000000e+00	-1.037381e+01	
450	0.000000e+00	0.000000e+00	-1.037602e+01	
451	0.000000e+00	0.000000e+00	-1.037800e+01	
452	0.000000e+00	0.000000e+00	-1.037974e+01	
453	0.000000e+00	0.000000e+00	-1.038125e+01	
454	0.000000e+00	0.000000e+00	-1.038253e+01	
455	0.000000e+00	0.000000e+00	-1.038360e+01	
456	0.000000e+00	0.000000e+00	-1.038446e+01	
457	0.000000e+00	0.000000e+00	-1.038513e+01	
458	0.000000e+00	0.000000e+00	-1.038562e+01	
459	0.000000e+00	0.000000e+00	-1.038594e+01	
460	0.000000e+00	0.000000e+00	-1.038610e+01	
461	0.000000e+00	0.000000e+00	-5.998659e+00	
462	0.000000e+00	0.000000e+00	-1.035240e+01	
463	0.000000e+00	0.000000e+00	-1.035598e+01	
464	0.000000e+00	0.000000e+00	-1.035940e+01	
465	0.000000e+00	0.000000e+00	-1.036264e+01	
466	0.000000e+00	0.000000e+00	-1.036570e+01	
467	0.000000e+00	0.000000e+00	-1.036856e+01	
468	0.000000e+00	0.000000e+00	-1.037121e+01	
469	0.000000e+00	0.000000e+00	-1.037364e+01	
470	0.000000e+00	0.000000e+00	-1.037584e+01	
471	0.000000e+00	0.000000e+00	-1.037782e+01	
472	0.000000e+00	0.000000e+00	-1.037956e+01	
473	0.000000e+00	0.000000e+00	-1.038108e+01	
474	0.000000e+00	0.000000e+00	-1.038238e+01	
475	0.000000e+00	0.000000e+00	-1.038347e+01	
476	0.000000e+00	0.000000e+00	-1.038435e+01	
477	0.000000e+00	0.000000e+00	-1.038504e+01	
478	0.000000e+00	0.000000e+00	-1.038555e+01	
479	0.000000e+00	0.000000e+00	-1.038588e+01	
480	0.000000e+00	0.000000e+00	-1.038605e+01	
481	0.000000e+00	0.000000e+00	-5.998655e+00	
482	0.000000e+00	0.000000e+00	-1.035239e+01	
483	0.000000e+00	0.000000e+00	-1.035595e+01	
484	0.000000e+00	0.000000e+00	-1.035936e+01	
485	0.000000e+00	0.000000e+00	-1.036259e+01	
486	0.000000e+00	0.000000e+00	-1.036564e+01	
487	0.000000e+00	0.000000e+00	-1.036849e+01	
488	0.000000e+00	0.000000e+00	-1.037113e+01	
489	0.000000e+00	0.000000e+00	-1.037355e+01	
490	0.000000e+00	0.000000e+00	-1.037575e+01	
491	0.000000e+00	0.000000e+00	-1.037773e+01	
492	0.000000e+00	0.000000e+00	-1.037948e+01	
493	0.000000e+00	0.000000e+00	-1.038100e+01	
494	0.000000e+00	0.000000e+00	-1.038231e+01	
495	0.000000e+00	0.000000e+00	-1.038340e+01	
496	0.000000e+00	0.000000e+00	-1.038429e+01	
497	0.000000e+00	0.000000e+00	-1.038499e+01	
498	0.000000e+00	0.000000e+00	-1.038551e+01	
499	0.000000e+00	0.000000e+00	-1.038585e+01	
500	0.000000e+00	0.000000e+00	-1.038602e+01	
501	0.000000e+00	0.000000e+00	-5.998659e+00	
502	0.000000e+00	0.000000e+00	-1.035240e+01	
503	0.000000e+00	0.000000e+00	-1.035596e+01	
504	0.000000e+00	0.000000e+00	-1.035937e+01	
505	0.000000e+00	0.000000e+00	-1.036260e+01	
506	0.000000e+00	0.000000e+00	-1.036565e+01	
507	0.000000e+00	0.000000e+00	-1.036849e+01	
508	0.000000e+00	0.000000e+00	-1.037113e+01	
509	0.000000e+00	0.000000e+00	-1.037354e+01	
510	0.000000e+00	0.000000e+00	-1.037574e+01	
511	0.000000e+00	0.000000e+00	-1.037771e+01	
512	0.000000e+00	0.000000e+00	-1.037946e+01	
513	0.000000e+00	0.000000e+00	-1.038098e+01	
514	0.000000e+00	0.000000e+00	-1.038229e+01	
515	0.000000e+00	0.000000e+00	-1.038338e+01	
516	0.000000e+00	0.000000e+00	-1.038428e+01	
517	0.000000e+00	0.000000e+00	-1.038498e+01	
518	0.000000e+00	0.000000e+00	-1.038550e+01	
519	0.000000e+00	0.000000e+00	-1.038584e+01	
520	0.000000e+00	0.000000e+00	-1.038601e+01	
521	0.000000e+00	0.000000e+00	-5.998663e+00	
522	0.000000e+00	0.000000e+00	-1.035241e+01	
523	0.000000e+00	0.000000e+00	-1.035599e+01	
524	0.000000e+00	0.000000e+00	-1.035941e+01	
525	0.000000e+00	0.000000e+00	-1.036265e+01	
526	0.000000e+00	0.000000e+00	-1.036571e+01	
527	0.000000e+00	0.000000e+00	-1.036856e+01	
528	0.000000e+00	0.000000e+00	-1.037121e+01	
529	0.000000e+00	0.000000e+00	-1.037363e+01	
530	0.000000e+00	0.000000e+00	-1.037583e+01	
531	0.000000e+00	0.000000e+00	-1.037780e+01	
532	0.000000e+00	0.000000e+00	-1.037955e+01	
533	0.000000e+00	0.000000e+00	-1.038107e+01	
534	0.000000e+00	0.000000e+00	-1.038236e+01	
535	0.000000e+00	0.000000e+00	-1.038345e+01	
536	0.000000e+00	0.000000e+00	-1.038433e+01	
537	0.000000e+00	0.000000e+00	-1.038502e+01	
538	0.000000e+00	0.000000e+00	-1.038553e+01	
539	0.000000e+00	0.000000e+00	-1.038587e+01	
540	0.000000e+00	0.000000e+00	-1.038604e+01	
541	0.000000e+00	0.000000e+00	-5.998672e+00	
542	0.000000e+00	0.000000e+00	-1.035244e+01	
543	0.000000e+00	0.000000e+00	-1.035604e+01	
544	0.000000e+00	0.000000e+00	-1.035948e+01	
545	0.000000e+00	0.000000e+00	-1.036274e+01	
546	0.000000e+00	0.000000e+00	-1.036583e+01	
547	0.000000e+00	0.000000e+00	-1.036871e+01	
548	0.000000e+00	0.000000e+00	-1.037137e+01	
549	0.000000e+00	0.000000e+00	-1.037381e+01	
550	0.000000e+00	0.000000e+00	-1.037601e+01	
551	0.000000e+00	0.000000e+00	-1.037799e+01	
552	0.000000e+00	0.000000e+00	-1.037972e+01	
553	0.000000e+00	0.000000e+00	-1.038123e+01	
554	0.000000e+00	0.000000e+00	-1.038251e+01	
555	0.000000e+00	0.000000e+00	-1.038358e+01	
556	0.000000e+00	0.000000e+00	-1.038444e+01	
557	0.000000e+00	0.000000e+00	-1.038511e+01	
558	0.000000e+00	0.000000e+00	-1.038561e+01	
559	0.000000e+00	0.000000e+00	-1.038593e+01	
560	0.000000e+00	0.000000e+00	-1.038610e+01	
561	0.000000e+00	0.000000e+00	-5.998684e+00	
562	0.000000e+00	0.000000e+00	-1.035247e+01	
563	0.000000e+00	0.000000e+00	-1.035610e+01	
564	0.000000e+00	0.000000e+00	-1.035958e+01	
565	0.000000e+00	0.000000e+00	-1.036289e+01	
566	0.000000e+00	0.000000e+00	-1.036601e+01	
567	0.000000e+00	0.000000e+00	-1.036893e+01	
568	0.000000e+00	0.000000e+00	-1.037162e+01	
569	0.000000e+00	0.000000e+00	-1.037408e+01	
570	0.000000e+00	0.000000e+00	-1.037629e+01	
571	0.000000e+00	0.000000e+00	-1.037826e+01	
572	0.000000e+00	0.000000e+00	-1.038000e+01	
573	0.000000e+00	0.000000e+00	-1.038149e+01	
574	0.000000e+00	0.000000e+00	-1.038274e+01	
575	0.000000e+00	0.000000e+00	-1.038377e+01	
576	0.000000e+00	0.000000e+00	-1.038460e+01	
577	0.000000e+00	0.000000e+00	-1.038524e+01	
578	0.000000e+00	0.000000e+00	-1.038571e+01	
579	0.000000e+00	0.000000e+00	-1.038602e+01	
580	0.000000e+00	0.000000e+00	-1.038617e+01	
581	0.000000e+00	0.000000e+00	-5.998698e+00	
582	0.000000e+00	0.000000e+00	-1.035252e+01	
583	0.000000e+00	0.000000e+00	-1.035618e+01	
584	0.000000e+00	0.000000e+00	-1.035970e+01	
585	0.000000e+00	0.000000e+00	-1.036307e+01	
586	0.000000e+00	0.000000e+00	-1.036626e+01	
587	0.000000e+00	0.000000e+00	-1.036924e+01	
588	0.000000e+00	0.000000e+00	-1.037197e+01	
589	0.000000e+00	0.000000e+00	-1.037445e+01	
590	0.000000e+00	0.000000e+00	-1.037667e+01	
591	0.000000e+00	0.000000e+00	-1.037865e+01	
592	0.000000e+00	0.000000e+00	-1.038037e+01	
593	0.000000e+00	0.000000e+00	-1.038184e+01	
594	0.000000e+00	0.000000e+00	-1.038306e+01	
595	0.000000e+00	0.000000e+00	-1.038404e+01	
596	0.000000e+00	0.000000e+00	-1.038480e+01	
597	0.000000e+00	0.000000e+00	-1.038539e+01	
598	0.000000e+00	0.000000e+00	-1.038583e+01	
599	0.000000e+00	0.000000e+00	-1.038612e+01	
600	0.000000e+00	0.000000e+00	-1.038626e+01	
601	0.000000e+00	0.000000e+00	-5.998713e+00	
602	0.000000e+00	0.000000e+00	-1.035257e+01	
603	0.000000e+00	0.000000e+00	-1.035626e+01	
604	0.000000e+00	0.000000e+00	-1.035983e+01	
605	0.000000e+00	0.000000e+00	-1.036327e+01	
606	0.000000e+00	0.000000e+00	-1.038503e+01	
607	0.000000e+00	0.000000e+00	-1.038556e+01	
608	0.000000e+00	0.000000e+00	-1.038595e+01	
609	0.000000e+00	0.000000e+00	-1.038622e+01	
610	0.000000e+00	0.000000e+00	-1.038636e+01	
611	0.000000e+00	0.000000e+00	-5.998727e+00	
612	0.000000e+00	0.000000e+00	-1.035261e+01	
613	0.000000e+00	0.000000e+00	-1.035634e+01	
614	0.000000e+00	0.000000e+00	-1.035995e+01	
615	0.000000e+00	0.000000e+00	-1.036345e+01	
616	0.000000e+00	0.000000e+00	-1.038524e+01	
617	0.000000e+00	0.000000e+00	-1.038571e+01	
618	0.000000e+00	0.000000e+00	-1.038608e+01	
619	0.000000e+00	0.000000e+00	-1.038632e+01	
620	0.000000e+00	0.000000e+00	-1.038645e+01	
621	0.000000e+00	0.000000e+00	-5.998738e+00	
622	0.000000e+00	0.000000e+00	-1.035264e+01	
623	0.000000e+00	0.000000e+00	-1.035641e+01	
624	0.000000e+00	0.000000e+00	-1.036005e+01	
625	0.000000e+00	0.000000e+00	-1.036359e+01	
626	0.000000e+00	0.000000e+00	-1.038540e+01	
627	0.000000e+00	0.000000e+00	-1.038584e+01	
628	0.000000e+00	0.000000e+00	-1.038618e+01	
629	0.000000e+00	0.000000e+00	-1.038641e+01	
630	0.000000e+00	0.000000e+00	-1.038653e+01	
631	0.000000e+00	0.000000e+00	-5.998746e+00	
632	0.000000e+00	0.000000e+00	-1.035267e+01	
633	0.000000e+00	0.000000e+00	-1.035645e+01	
634	0.000000e+00	0.000000e+00	-1.036012e+01	
635	0.000000e+00	0.000000e+00	-1.036369e+01	
636	0.000000e+00	0.000000e+00	-1.038551e+01	
637	0.000000e+00	0.000000e+00	-1.038593e+01	
638	0.000000e+00	0.000000e+00	-1.038625e+01	
639	0.000000e+00	0.000000e+00	-1.038647e+01	
640	0.000000e+00	0.000000e+00	-1.038658e+01	
641	0.000000e+00	0.000000e+00	-5.998750e+00	
642	0.000000e+00	0.000000e+00	-1.035268e+01	
643	0.000000e+00	0.000000e+00	-1.035648e+01	
644	0.000000e+00	0.000000e+00	-1.036016e+01	
645	0.000000e+00	0.000000e+00	-1.036373e+01	
646	0.000000e+00	0.000000e+00	-1.038556e+01	
647	0.000000e+00	0.000000e+00	-1.038597e+01	
648	0.000000e+00	0.000000e+00	-1.038629e+01	
649	0.000000e+00	0.000000e+00	-1.038650e+01	
650	0.000000e+00	0.000000e+00	-1.038661e+01	
651	0.000000e+00	0.000000e+00	-5.998750e+00	
652	0.000000e+00	0.000000e+00	-1.035268e+01	
653	0.000000e+00	0.000000e+00	-1.035647e+01	
654	0.000000e+00	0.000000e+00	-1.036015e+01	
655	0.000000e+00	0.000000e+00	-1.036373e+01	
656	0.000000e+00	0.000000e+00	-1.038557e+01	
657	0.000000e+00	0.000000e+00	-1.038597e+01	
658	0.000000e+00	0.000000e+00	-1.038629e+01	
659	0.000000e+00	0.000000e+00	-1.038650e+01	
660	0.000000e+00	0.000000e+00	-1.038661e+01	
661	0.000000e+00	0.000000e+00	-5.998745e+00	
662	0.000000e+00	0.000000e+00	-1.035267e+01	
663	0.000000e+00	0.000000e+00	-1.035645e+01	
664	0.000000e+00	0.000000e+00	-1.036012e+01	
665	0.000000e+00	0.000000e+00	-1.036368e+01	
666	0.000000e+00	0.000000e+00	-1.038551e+01	
667	0.000000e+00	0.000000e+00	-1.038593e+01	
668	0.000000e+00	0.000000e+00	-1.038625e+01	
669	0.000000e+00	0.000000e+00	-1.038647e+01	
670	0.000000e+00	0.000000e+00	-1.038658e+01	
671	0.000000e+00	0.000000e+00	-5.998736e+00	
672	0.000000e+00	0.000000e+00	-1.035264e+01	
673	0.000000e+00	0.000000e+00	-1.035640e+01	
674	0.000000e+00	0.000000e+00	-1.036005e+01	
675	0.000000e+00	0.000000e+00	-1.036359e+01	
676	0.000000e+00	0.000000e+00	-1.038541e+01	
677	0.000000e+00	0.000000e+00	-1.038584e+01	
678	0.000000e+00	0.000000e+00	-1.038618e+01	
679	0.000000e+00	0.000000e+00	-1.038641e+01	
680	0.000000e+00	0.000000e+00	-1.038653e+01	
681	0.000000e+00	0.000000e+00	-5.998725e+00	
682	0.000000e+00	0.000000e+00	-1.035260e+01	
683	0.000000e+00	0.000000e+00	-1.035634e+01	
684	0.000000e+00	0.000000e+00	-1.035995e+01	
685	0.000000e+00	0.000000e+00	-1.036344e+01	
686	0.000000e+00	0.000000e+00	-1.038525e+01	
687	0.000000e+00	0.000000e+00	-1.038572e+01	
688	0.000000e+00	0.000000e+00	-1.038608e+01	
689	0.000000e+00	0.000000e+00	-1.038633e+01	
690	0.000000e+00	0.000000e+00	-1.038645e+01	
691	0.000000e+00	0.000000e+00	-5.998711e+00	
692	0.000000e+00	0.000000e+00	-1.035256e+01	
693	0.000000e+00	0.000000e+00	-1.035626e+01	
694	0.000000e+00	0.000000e+00	-1.035982e+01	
695	0.000000e+00	0.000000e+00	-1.036326e+01	
696	0.000000e+00	0.000000e+00	-1.038505e+01	
697	0.000000e+00	0.000000e+00	-1.038557e+01	
698	0.000000e+00	0.000000e+00	-1.038597e+01	
699	0.000000e+00	0.000000e+00	-1.038623e+01	
700	0.000000e+00	0.000000e+00	-1.038636e+01	
701	0.000000e+00	0.000000e+00	-5.998696e+00	
702	0.000000e+00	0.000000e+00	-1.035251e+01	
703	0.000000e+00	0.000000e+00	-1.035618e+01	
704	0.000000e+00	0.000000e+00	-1.035969e+01	
705	0.000000e+00	0.000000e+00	-1.036306e+01	
706	0.000000e+00	0.000000e+00	-1.036625e+01	
707	0.000000e+00	0.000000e+00	-1.036922e+01	
708	0.000000e+00	0.000000e+00	-1.037196e+01	
709	0.000000e+00	0.000000e+00	-1.037444e+01	
710	0.000000e+00	0.000000e+00	-1.037667e+01	
711	0.000000e+00	0.000000e+00	-1.037865e+01	
712	0.000000e+00	0.000000e+00	-1.038038e+01	
713	0.000000e+00	0.000000e+00	-1.038185e+01	
714	0.000000e+00	0.000000e+00	-1.038308e+01	
715	0.000000e+00	0.000000e+00	-1.038406e+01	
716	0.000000e+00	0.000000e+00	-1.038482e+01	
717	0.000000e+00	0.000000e+00	-1.038541e+01	
718	0.000000e+00	0.000000e+00	-1.038584e+01	
719	0.000000e+00	0.000000e+00	-1.038613e+01	
720	0.000000e+00	0.000000e+00	-1.038627e+01	
721	0.000000e+00	0.000000e+00	-5.998681e+00	
722	0.000000e+00	0.000000e+00	-1.035247e+01	
723	0.000000e+00	0.000000e+00	-1.035610e+01	
724	0.000000e+00	0.000000e+00	-1.035957e+01	
725	0.000000e+00	0.000000e+00	-1.036288e+01	
726	0.000000e+00	0.000000e+00	-1.036600e+01	
727	0.000000e+00	0.000000e+00	-1.036892e+01	
728	0.000000e+00	0.000000e+00	-1.037161e+01	
729	0.000000e+00	0.000000e+00	-1.037407e+01	
730	0.000000e+00	0.000000e+00	-1.037629e+01	
731	0.000000e+00	0.000000e+00	-1.037827e+01	
732	0.000000e+00	0.000000e+00	-1.038000e+01	
733	0.000000e+00	0.000000e+00	-1.038150e+01	
734	0.000000e+00	0.000000e+00	-1.038275e+01	
735	0.000000e+00	0.000000e+00	-1.038379e+01	
736	0.000000e+00	0.000000e+00	-1.038462e+01	
737	0.000000e+00	0.000000e+00	-1.038525e+01	
738	0.000000e+00	0.000000e+00	-1.038572e+01	
739	0.000000e+00	0.000000e+00	-1.038603e+01	
740	0.000000e+00	0.000000e+00	-1.038618e+01	
741	0.000000e+00	0.000000e+00	-5.998669e+00	
742	0.000000e+00	0.000000e+00	-1.035243e+01	
743	0.000000e+00	0.000000e+00	-1.035603e+01	
744	0.000000e+00	0.000000e+00	-1.035947e+01	
745	0.000000e+00	0.000000e+00	-1.036274e+01	
746	0.000000e+00	0.000000e+00	-1.036582e+01	
747	0.000000e+00	0.000000e+00	-1.036870e+01	
748	0.000000e+00	0.000000e+00	-1.037137e+01	
749	0.000000e+00	0.000000e+00	-1.037381e+01	
750	0.000000e+00	0.000000e+00	-1.037602e+01	
751	0.000000e+00	0.000000e+00	-1.037799e+01	
752	0.000000e+00	0.000000e+00	-1.037973e+01	
753	0.000000e+00	0.000000e+00	-1.038124e+01	
754	0.000000e+00	0.000000e+00	-1.038252e+01	
755	0.000000e+00	0.000000e+00	-1.038359e+01	
756	0.000000e+00	0.000000e+00	-1.038446e+01	
757	0.000000e+00	0.000000e+00	-1.038513e+01	
758	0.000000e+00	0.000000e+00	-1.038562e+01	
759	0.000000e+00	0.000000e+00	-1.038595e+01	
760	0.000000e+00	0.000000e+00	-1.038611e+01	
761	0.000000e+00	0.000000e+00	-5.998660e+00	
762	0.000000e+00	0.000000e+00	-1.035240e+01	
763	0.000000e+00	0.000000e+00	-1.035598e+01	
764	0.000000e+00	0.000000e+00	-1.035940e+01	
765	0.000000e+00	0.000000e+00	-1.036265e+01	
766	0.000000e+00	0.000000e+00	-1.036570e+01	
767	0.000000e+00	0.000000e+00	-1.036856e+01	
768	0.000000e+00	0.000000e+00	-1.037121e+01	
769	0.000000e+00	0.000000e+00	-1.037363e+01	
770	0.000000e+00	0.000000e+00	-1.037584e+01	
771	0.000000e+00	0.000000e+00	-1.037781e+01	
772	0.000000e+00	0.000000e+00	-1.037955e+01	
773	0.000000e+00	0.000000e+00	-1.038107e+01	
774	0.000000e+00	0.000000e+00	-1.038237e+01	
775	0.000000e+00	0.000000e+00	-1.038346e+01	
776	0.000000e+00	0.000000e+00	-1.038435e+01	
777	0.000000e+00	0.000000e+00	-1.038504e+01	
778	0.000000e+00	0.000000e+00	-1.038555e+01	
779	0.000000e+00	0.000000e+00	-1.038589e+01	
780	0.000000e+00	0.000000e+00	-1.038605e+01	
781	0.000000e+00	0.000000e+00	-5.998656e+00	
782	0.000000e+00	0.000000e+00	-1.035239e+01	
783	0.000000e+00	0.000000e+00	-1.035596e+01	
784	0.000000e+00	0.000000e+00	-1.035937e+01	
785	0.000000e+00	0.000000e+00	-1.036260e+01	
786	0.000000e+00	0.000000e+00	-1.036565e+01	
787	0.000000e+00	0.000000e+00	-1.036849e+01	
788	0.000000e+00	0.000000e+00	-1.037113e+01	
789	0.000000e+00	0.000000e+00	-1.037355e+01	
790	0.000000e+00	0.000000e+00	-1.037575e+01	
791	0.000000e+00	0.000000e+00	-1.037772e+01	
792	0.000000e+00	0.000000e+00	-1.037947e+01	
793	0.000000e+00	0.000000e+00	-1.038099e+01	
794	0.000000e+00	0.000000e+00	-1.038230e+01	
795	0.000000e+00	0.000000e+00	-1.038340e+01	
796	0.000000e+00	0.000000e+00	-1.038429e+01	
797	0.000000e+00	0.000000e+00	-1.038500e+01	
798	0.000000e+00	0.000000e+00	-1.038552e+01	
799	0.000000e+00	0.000000e+00	-1.038586e+01	
800	0.000000e+00	0.000000e+00	-1.038602e+01	
