fluxJ
3
400
1	0.000000e+00	0.000000e+00	-2.537459e+08	
2	0.000000e+00	0.000000e+00	-2.377428e+08	
3	0.000000e+00	0.000000e+00	-1.990585e+08	
4	0.000000e+00	0.000000e+00	-1.364994e+08	
5	0.000000e+00	0.000000e+00	-9.937871e+07	
6	0.000000e+00	0.000000e+00	-9.937863e+07	
7	0.000000e+00	0.000000e+00	-1.364991e+08	
8	0.000000e+00	0.000000e+00	-1.990583e+08	
9	0.000000e+00	0.000000e+00	-2.377427e+08	
10	0.000000e+00	0.000000e+00	-2.537459e+08	
11	0.000000e+00	0.000000e+00	-2.817984e+08	
12	0.000000e+00	0.000000e+00	-2.690602e+08	
13	0.000000e+00	0.000000e+00	-2.287502e+08	
14	0.000000e+00	0.000000e+00	-1.589435e+08	
15	0.000000e+00	0.000000e+00	-1.080021e+08	
16	0.000000e+00	0.000000e+00	-1.080021e+08	
17	0.000000e+00	0.000000e+00	-1.589434e+08	
18	0.000000e+00	0.000000e+00	-2.287502e+08	
19	0.000000e+00	0.000000e+00	-2.690603e+08	
20	0.000000e+00	0.000000e+00	-2.817986e+08	
21	0.000000e+00	0.000000e+00	-3.000603e+08	
22	0.000000e+00	0.000000e+00	-2.882727e+08	
23	0.000000e+00	0.000000e+00	-2.462657e+08	
24	0.000000e+00	0.000000e+00	-1.714414e+08	
25	0.000000e+00	0.000000e+00	-1.125654e+08	
26	0.000000e+00	0.000000e+00	-1.125654e+08	
27	0.000000e+00	0.000000e+00	-1.714414e+08	
28	0.000000e+00	0.000000e+00	-2.462658e+08	
29	0.000000e+00	0.000000e+00	-2.882729e+08	
30	0.000000e+00	0.000000e+00	-3.000605e+08	
31	0.000000e+00	0.000000e+00	-3.110655e+08	
32	0.000000e+00	0.000000e+00	-2.993245e+08	
33	0.000000e+00	0.000000e+00	-2.559866e+08	
34	0.000000e+00	0.000000e+00	-1.781903e+08	
35	0.000000e+00	0.000000e+00	-1.149904e+08	
36	0.000000e+00	0.000000e+00	-1.149904e+08	
37	0.000000e+00	0.000000e+00	-1.781904e+08	
38	0.000000e+00	0.000000e+00	-2.559868e+08	
39	0.000000e+00	0.000000e+00	-2.993248e+08	
40	0.000000e+00	0.000000e+00	-3.110657e+08	
41	0.000000e+00	0.000000e+00	-3.162338e+08	
42	0.000000e+00	0.000000e+00	-3.043725e+08	
43	0.000000e+00	0.000000e+00	-2.603310e+08	
44	0.000000e+00	0.000000e+00	-1.811610e+08	
45	0.000000e+00	0.000000e+00	-1.160494e+08	
46	0.000000e+00	0.000000e+00	-1.160494e+08	
47	0.000000e+00	0.000000e+00	-1.811611e+08	
48	0.000000e+00	0.000000e+00	-2.603313e+08	
49	0.000000e+00	0.000000e+00	-3.043728e+08	
50	0.000000e+00	0.000000e+00	-3.162341e+08	
51	0.000000e+00	0.000000e+00	-3.162337e+08	
52	0.000000e+00	0.000000e+00	-3.043724e+08	
53	0.000000e+00	0.000000e+00	-2.603310e+08	
54	0.000000e+00	0.000000e+00	-1.811610e+08	
55	0.000000e+00	0.000000e+00	-1.160494e+08	
56	0.000000e+00	0.000000e+00	-1.160494e+08	
57	0.000000e+00	0.000000e+00	-1.811611e+08	
58	0.000000e+00	0.000000e+00	-2.603313e+08	
59	0.000000e+00	0.000000e+00	-3.043728e+08	
60	0.000000e+00	0.000000e+00	-3.162340e+08	
61	0.000000e+00	0.000000e+00	-3.110653e+08	
62	0.000000e+00	0.000000e+00	-2.993244e+08	
63	0.000000e+00	0.000000e+00	-2.559866e+08	
64	0.000000e+00	0.000000e+00	-1.781903e+08	
65	0.000000e+00	0.000000e+00	-1.149904e+08	
66	0.000000e+00	0.000000e+00	-1.149904e+08	
67	0.000000e+00	0.000000e+00	-1.781904e+08	
68	0.000000e+00	0.000000e+00	-2.559869e+08	
69	0.000000e+00	0.000000e+00	-2.993248e+08	
70	0.000000e+00	0.000000e+00	-3.110656e+08	
71	0.000000e+00	0.000000e+00	-3.000601e+08	
72	0.000000e+00	0.000000e+00	-2.882726e+08	
73	0.000000e+00	0.000000e+00	-2.462656e+08	
74	0.000000e+00	0.000000e+00	-1.714413e+08	
75	0.000000e+00	0.000000e+00	-1.125653e+08	
76	0.000000e+00	0.000000e+00	-1.125654e+08	
77	0.000000e+00	0.000000e+00	-1.714414e+08	
78	0.000000e+00	0.000000e+00	-2.462659e+08	
79	0.000000e+00	0.000000e+00	-2.882729e+08	
80	0.000000e+00	0.000000e+00	-3.000603e+08	
81	0.000000e+00	0.000000e+00	-2.817981e+08	
82	0.000000e+00	0.000000e+00	-2.690600e+08	
83	0.000000e+00	0.000000e+00	-2.287501e+08	
84	0.000000e+00	0.000000e+00	-1.589434e+08	
85	0.000000e+00	0.000000e+00	-1.080021e+08	
86	0.000000e+00	0.000000e+00	-1.080021e+08	
87	0.000000e+00	0.000000e+00	-1.589435e+08	
88	0.000000e+00	0.000000e+00	-2.287503e+08	
89	0.000000e+00	0.000000e+00	-2.690602e+08	
90	0.000000e+00	0.000000e+00	-2.817983e+08	
91	0.000000e+00	0.000000e+00	-2.537456e+08	
92	0.000000e+00	0.000000e+00	-2.377426e+08	
93	0.000000e+00	0.000000e+00	-1.990584e+08	
94	0.000000e+00	0.000000e+00	-1.364992e+08	
95	0.000000e+00	0.000000e+00	-9.937866e+07	
96	0.000000e+00	0.000000e+00	-9.937867e+07	
97	0.000000e+00	0.000000e+00	-1.364993e+08	
98	0.000000e+00	0.000000e+00	-1.990585e+08	
99	0.000000e+00	0.000000e+00	-2.377427e+08	
100	0.000000e+00	0.000000e+00	-2.537456e+08	
