temperature
2
882
1	9.980267E-01
2	9.983897E-01
3	9.987404E-01
4	9.990763E-01
5	9.993964E-01
6	9.996995E-01
7	9.999836E-01
8	1.000248E+00
9	1.000492E+00
10	1.000715E+00
11	1.000917E+00
12	1.001096E+00
13	1.001255E+00
14	1.001392E+00
15	1.001508E+00
16	1.001604E+00
17	1.001681E+00
18	1.001739E+00
19	1.001780E+00
20	1.001805E+00
21	1.001813E+00
22	9.980267E-01
23	9.983902E-01
24	9.987414E-01
25	9.990777E-01
26	9.993984E-01
27	9.997021E-01
28	9.999868E-01
29	1.000251E+00
30	1.000496E+00
31	1.000719E+00
32	1.000921E+00
33	1.001101E+00
34	1.001259E+00
35	1.001396E+00
36	1.001511E+00
37	1.001607E+00
38	1.001683E+00
39	1.001741E+00
40	1.001782E+00
41	1.001806E+00
42	1.001814E+00
43	9.980267E-01
44	9.983914E-01
45	9.987442E-01
46	9.990823E-01
47	9.994046E-01
48	9.997098E-01
49	9.999963E-01
50	1.000263E+00
51	1.000508E+00
52	1.000732E+00
53	1.000934E+00
54	1.001114E+00
55	1.001271E+00
56	1.001407E+00
57	1.001521E+00
58	1.001615E+00
59	1.001690E+00
60	1.001747E+00
61	1.001787E+00
62	1.001810E+00
63	1.001818E+00
64	9.980267E-01
65	9.983937E-01
66	9.987487E-01
67	9.990892E-01
68	9.994145E-01
69	9.997228E-01
70	1.000012E+00
71	1.000282E+00
72	1.000529E+00
73	1.000754E+00
74	1.000956E+00
75	1.001136E+00
76	1.001292E+00
77	1.001426E+00
78	1.001538E+00
79	1.001629E+00
80	1.001701E+00
81	1.001756E+00
82	1.001794E+00
83	1.001817E+00
84	1.001824E+00
85	9.980267E-01
86	9.983964E-01
87	9.987544E-01
88	9.990984E-01
89	9.994279E-01
90	9.997412E-01
91	1.000036E+00
92	1.000309E+00
93	1.000559E+00
94	1.000785E+00
95	1.000988E+00
96	1.001167E+00
97	1.001322E+00
98	1.001454E+00
99	1.001562E+00
100	1.001649E+00
101	1.001717E+00
102	1.001768E+00
103	1.001804E+00
104	1.001825E+00
105	1.001832E+00
106	9.980267E-01
107	9.983993E-01
108	9.987607E-01
109	9.991085E-01
110	9.994435E-01
111	9.997651E-01
112	1.000068E+00
113	1.000346E+00
114	1.000599E+00
115	1.000827E+00
116	1.001030E+00
117	1.001209E+00
118	1.001363E+00
119	1.001492E+00
120	1.001596E+00
121	1.001675E+00
122	1.001735E+00
123	1.001781E+00
124	1.001815E+00
125	1.001835E+00
126	1.001841E+00
127	9.980267E-01
128	9.984023E-01
129	9.987670E-01
130	9.991189E-01
131	9.994591E-01
132	9.997890E-01
133	1.000100E+00
134	1.000382E+00
135	1.000639E+00
136	1.000869E+00
137	1.001072E+00
138	1.001251E+00
139	1.001403E+00
140	1.001530E+00
141	1.001629E+00
142	1.001701E+00
143	1.001753E+00
144	1.001795E+00
145	1.001826E+00
146	1.001844E+00
147	1.001850E+00
148	9.980267E-01
149	9.984050E-01
150	9.987726E-01
151	9.991280E-01
152	9.994725E-01
153	9.998073E-01
154	1.000123E+00
155	1.000409E+00
156	1.000668E+00
157	1.000900E+00
158	1.001104E+00
159	1.001282E+00
160	1.001433E+00
161	1.001558E+00
162	1.001654E+00
163	1.001721E+00
164	1.001769E+00
165	1.001807E+00
166	1.001835E+00
167	1.001853E+00
168	1.001858E+00
169	9.980267E-01
170	9.984071E-01
171	9.987770E-01
172	9.991350E-01
173	9.994823E-01
174	9.998203E-01
175	1.000139E+00
176	1.000428E+00
177	1.000689E+00
178	1.000921E+00
179	1.001126E+00
180	1.001304E+00
181	1.001454E+00
182	1.001577E+00
183	1.001671E+00
184	1.001735E+00
185	1.001781E+00
186	1.001817E+00
187	1.001843E+00
188	1.001859E+00
189	1.001865E+00
190	9.980267E-01
191	9.984084E-01
192	9.987797E-01
193	9.991393E-01
194	9.994883E-01
195	9.998281E-01
196	1.000148E+00
197	1.000439E+00
198	1.000701E+00
199	1.000934E+00
200	1.001139E+00
201	1.001316E+00
202	1.001466E+00
203	1.001588E+00
204	1.001681E+00
205	1.001744E+00
206	1.001788E+00
207	1.001823E+00
208	1.001848E+00
209	1.001864E+00
210	1.001869E+00
211	9.980267E-01
212	9.984088E-01
213	9.987806E-01
214	9.991407E-01
215	9.994903E-01
216	9.998306E-01
217	1.000152E+00
218	1.000443E+00
219	1.000704E+00
220	1.000938E+00
221	1.001143E+00
222	1.001321E+00
223	1.001470E+00
224	1.001592E+00
225	1.001684E+00
226	1.001747E+00
227	1.001790E+00
228	1.001825E+00
229	1.001850E+00
230	1.001865E+00
231	1.001870E+00
232	9.980267E-01
233	9.984082E-01
234	9.987794E-01
235	9.991392E-01
236	9.994882E-01
237	9.998281E-01
238	1.000148E+00
239	1.000439E+00
240	1.000701E+00
241	1.000934E+00
242	1.001139E+00
243	1.001316E+00
244	1.001466E+00
245	1.001588E+00
246	1.001681E+00
247	1.001744E+00
248	1.001788E+00
249	1.001823E+00
250	1.001848E+00
251	1.001864E+00
252	1.001869E+00
253	9.980267E-01
254	9.984067E-01
255	9.987766E-01
256	9.991348E-01
257	9.994822E-01
258	9.998203E-01
259	1.000139E+00
260	1.000428E+00
261	1.000689E+00
262	1.000921E+00
263	1.001126E+00
264	1.001304E+00
265	1.001454E+00
266	1.001577E+00
267	1.001671E+00
268	1.001735E+00
269	1.001781E+00
270	1.001817E+00
271	1.001843E+00
272	1.001859E+00
273	1.001865E+00
274	9.980267E-01
275	9.984046E-01
276	9.987723E-01
277	9.991279E-01
278	9.994725E-01
279	9.998073E-01
280	1.000123E+00
281	1.000410E+00
282	1.000668E+00
283	1.000900E+00
284	1.001104E+00
285	1.001282E+00
286	1.001433E+00
287	1.001558E+00
288	1.001654E+00
289	1.001721E+00
290	1.001769E+00
291	1.001808E+00
292	1.001836E+00
293	1.001853E+00
294	1.001859E+00
295	9.980267E-01
296	9.984020E-01
297	9.987667E-01
298	9.991190E-01
299	9.994593E-01
300	9.997891E-01
301	1.000100E+00
302	1.000383E+00
303	1.000639E+00
304	1.000869E+00
305	1.001073E+00
306	1.001251E+00
307	1.001403E+00
308	1.001530E+00
309	1.001629E+00
310	1.001701E+00
311	1.001753E+00
312	1.001795E+00
313	1.001826E+00
314	1.001844E+00
315	1.001851E+00
316	9.980267E-01
317	9.983991E-01
318	9.987606E-01
319	9.991090E-01
320	9.994439E-01
321	9.997654E-01
322	1.000068E+00
323	1.000346E+00
324	1.000599E+00
325	1.000827E+00
326	1.001031E+00
327	1.001209E+00
328	1.001363E+00
329	1.001492E+00
330	1.001596E+00
331	1.001675E+00
332	1.001735E+00
333	1.001782E+00
334	1.001815E+00
335	1.001835E+00
336	1.001842E+00
337	9.980267E-01
338	9.983962E-01
339	9.987545E-01
340	9.990989E-01
341	9.994285E-01
342	9.997417E-01
343	1.000036E+00
344	1.000309E+00
345	1.000559E+00
346	1.000786E+00
347	1.000989E+00
348	1.001168E+00
349	1.001323E+00
350	1.001454E+00
351	1.001563E+00
352	1.001650E+00
353	1.001717E+00
354	1.001768E+00
355	1.001804E+00
356	1.001826E+00
357	1.001833E+00
358	9.980267E-01
359	9.983936E-01
360	9.987490E-01
361	9.990901E-01
362	9.994154E-01
363	9.997236E-01
364	1.000013E+00
365	1.000283E+00
366	1.000530E+00
367	1.000755E+00
368	1.000957E+00
369	1.001137E+00
370	1.001293E+00
371	1.001426E+00
372	1.001538E+00
373	1.001630E+00
374	1.001702E+00
375	1.001756E+00
376	1.001794E+00
377	1.001817E+00
378	1.001825E+00
379	9.980267E-01
380	9.983915E-01
381	9.987448E-01
382	9.990832E-01
383	9.994055E-01
384	9.997107E-01
385	9.999973E-01
386	1.000264E+00
387	1.000510E+00
388	1.000734E+00
389	1.000935E+00
390	1.001115E+00
391	1.001272E+00
392	1.001407E+00
393	1.001521E+00
394	1.001615E+00
395	1.001690E+00
396	1.001747E+00
397	1.001787E+00
398	1.001811E+00
399	1.001819E+00
400	9.980267E-01
401	9.983903E-01
402	9.987421E-01
403	9.990789E-01
404	9.993997E-01
405	9.997031E-01
406	9.999880E-01
407	1.000253E+00
408	1.000498E+00
409	1.000721E+00
410	1.000923E+00
411	1.001102E+00
412	1.001260E+00
413	1.001396E+00
414	1.001511E+00
415	1.001607E+00
416	1.001683E+00
417	1.001741E+00
418	1.001782E+00
419	1.001807E+00
420	1.001815E+00
421	9.980267E-01
422	9.983898E-01
423	9.987412E-01
424	9.990775E-01
425	9.993976E-01
426	9.997004E-01
427	9.999848E-01
428	1.000250E+00
429	1.000494E+00
430	1.000717E+00
431	1.000918E+00
432	1.001098E+00
433	1.001255E+00
434	1.001392E+00
435	1.001508E+00
436	1.001604E+00
437	1.001680E+00
438	1.001739E+00
439	1.001781E+00
440	1.001805E+00
441	1.001814E+00
443	9.983906E-01
444	9.987421E-01
445	9.990784E-01
446	9.993985E-01
447	9.997015E-01
448	9.999856E-01
449	1.000250E+00
450	1.000493E+00
451	1.000716E+00
452	1.000917E+00
453	1.001096E+00
454	1.001254E+00
455	1.001390E+00
456	1.001506E+00
457	1.001602E+00
458	1.001679E+00
459	1.001738E+00
460	1.001779E+00
461	1.001804E+00
462	1.001813E+00
464	9.983911E-01
465	9.987430E-01
466	9.990798E-01
467	9.994004E-01
468	9.997040E-01
469	9.999886E-01
470	1.000253E+00
471	1.000497E+00
472	1.000720E+00
473	1.000921E+00
474	1.001100E+00
475	1.001258E+00
476	1.001394E+00
477	1.001510E+00
478	1.001605E+00
479	1.001681E+00
480	1.001740E+00
481	1.001781E+00
482	1.001806E+00
483	1.001814E+00
485	9.983923E-01
486	9.987458E-01
487	9.990842E-01
488	9.994066E-01
489	9.997118E-01
490	9.999982E-01
491	1.000264E+00
492	1.000509E+00
493	1.000733E+00
494	1.000934E+00
495	1.001113E+00
496	1.001270E+00
497	1.001406E+00
498	1.001520E+00
499	1.001613E+00
500	1.001688E+00
501	1.001746E+00
502	1.001786E+00
503	1.001810E+00
504	1.001818E+00
506	9.983944E-01
507	9.987501E-01
508	9.990910E-01
509	9.994164E-01
510	9.997247E-01
511	1.000014E+00
512	1.000283E+00
513	1.000530E+00
514	1.000755E+00
515	1.000957E+00
516	1.001135E+00
517	1.001291E+00
518	1.001425E+00
519	1.001537E+00
520	1.001628E+00
521	1.001700E+00
522	1.001755E+00
523	1.001794E+00
524	1.001817E+00
525	1.001824E+00
527	9.983970E-01
528	9.987556E-01
529	9.991000E-01
530	9.994297E-01
531	9.997430E-01
532	1.000037E+00
533	1.000310E+00
534	1.000560E+00
535	1.000786E+00
536	1.000989E+00
537	1.001167E+00
538	1.001322E+00
539	1.001453E+00
540	1.001561E+00
541	1.001648E+00
542	1.001716E+00
543	1.001767E+00
544	1.001803E+00
545	1.001825E+00
546	1.001832E+00
548	9.983998E-01
549	9.987617E-01
550	9.991099E-01
551	9.994451E-01
552	9.997669E-01
553	1.000069E+00
554	1.000347E+00
555	1.000600E+00
556	1.000828E+00
557	1.001031E+00
558	1.001209E+00
559	1.001362E+00
560	1.001491E+00
561	1.001594E+00
562	1.001673E+00
563	1.001734E+00
564	1.001781E+00
565	1.001814E+00
566	1.001835E+00
567	1.001841E+00
569	9.984027E-01
570	9.987677E-01
571	9.991200E-01
572	9.994606E-01
573	9.997906E-01
574	1.000101E+00
575	1.000384E+00
576	1.000640E+00
577	1.000869E+00
578	1.001073E+00
579	1.001251E+00
580	1.001403E+00
581	1.001529E+00
582	1.001628E+00
583	1.001699E+00
584	1.001752E+00
585	1.001794E+00
586	1.001825E+00
587	1.001844E+00
588	1.001850E+00
590	9.984052E-01
591	9.987730E-01
592	9.991288E-01
593	9.994736E-01
594	9.998087E-01
595	1.000124E+00
596	1.000411E+00
597	1.000669E+00
598	1.000900E+00
599	1.001105E+00
600	1.001282E+00
601	1.001433E+00
602	1.001557E+00
603	1.001652E+00
604	1.001719E+00
605	1.001768E+00
606	1.001807E+00
607	1.001835E+00
608	1.001853E+00
609	1.001858E+00
611	9.984071E-01
612	9.987772E-01
613	9.991355E-01
614	9.994833E-01
615	9.998215E-01
616	1.000140E+00
617	1.000429E+00
618	1.000689E+00
619	1.000922E+00
620	1.001126E+00
621	1.001304E+00
622	1.001454E+00
623	1.001576E+00
624	1.001670E+00
625	1.001734E+00
626	1.001779E+00
627	1.001816E+00
628	1.001843E+00
629	1.001859E+00
630	1.001865E+00
632	9.984083E-01
633	9.987797E-01
634	9.991396E-01
635	9.994890E-01
636	9.998290E-01
637	1.000149E+00
638	1.000440E+00
639	1.000701E+00
640	1.000934E+00
641	1.001139E+00
642	1.001317E+00
643	1.001466E+00
644	1.001588E+00
645	1.001680E+00
646	1.001743E+00
647	1.001787E+00
648	1.001822E+00
649	1.001848E+00
650	1.001864E+00
651	1.001869E+00
653	9.984086E-01
654	9.987805E-01
655	9.991408E-01
656	9.994908E-01
657	9.998314E-01
658	1.000152E+00
659	1.000443E+00
660	1.000705E+00
661	1.000938E+00
662	1.001143E+00
663	1.001321E+00
664	1.001470E+00
665	1.001591E+00
666	1.001684E+00
667	1.001746E+00
668	1.001789E+00
669	1.001824E+00
670	1.001849E+00
671	1.001865E+00
672	1.001870E+00
674	9.984081E-01
675	9.987795E-01
676	9.991393E-01
677	9.994887E-01
678	9.998286E-01
679	1.000149E+00
680	1.000439E+00
681	1.000701E+00
682	1.000934E+00
683	1.001139E+00
684	1.001317E+00
685	1.001466E+00
686	1.001588E+00
687	1.001680E+00
688	1.001743E+00
689	1.001787E+00
690	1.001822E+00
691	1.001848E+00
692	1.001864E+00
693	1.001869E+00
695	9.984068E-01
696	9.987768E-01
697	9.991350E-01
698	9.994826E-01
699	9.998207E-01
700	1.000139E+00
701	1.000428E+00
702	1.000689E+00
703	1.000921E+00
704	1.001126E+00
705	1.001304E+00
706	1.001454E+00
707	1.001577E+00
708	1.001670E+00
709	1.001735E+00
710	1.001780E+00
711	1.001816E+00
712	1.001843E+00
713	1.001860E+00
714	1.001865E+00
716	9.984048E-01
717	9.987726E-01
718	9.991282E-01
719	9.994728E-01
720	9.998076E-01
721	1.000123E+00
722	1.000410E+00
723	1.000668E+00
724	1.000900E+00
725	1.001105E+00
726	1.001282E+00
727	1.001434E+00
728	1.001557E+00
729	1.001653E+00
730	1.001721E+00
731	1.001769E+00
732	1.001807E+00
733	1.001836E+00
734	1.001853E+00
735	1.001859E+00
737	9.984023E-01
738	9.987672E-01
739	9.991194E-01
740	9.994596E-01
741	9.997892E-01
742	1.000100E+00
743	1.000383E+00
744	1.000639E+00
745	1.000869E+00
746	1.001073E+00
747	1.001251E+00
748	1.001403E+00
749	1.001530E+00
750	1.001629E+00
751	1.001701E+00
752	1.001753E+00
753	1.001795E+00
754	1.001826E+00
755	1.001845E+00
756	1.001851E+00
758	9.983994E-01
759	9.987610E-01
760	9.991094E-01
761	9.994442E-01
762	9.997655E-01
763	1.000068E+00
764	1.000346E+00
765	1.000599E+00
766	1.000827E+00
767	1.001031E+00
768	1.001209E+00
769	1.001363E+00
770	1.001492E+00
771	1.001596E+00
772	1.001675E+00
773	1.001735E+00
774	1.001782E+00
775	1.001815E+00
776	1.001835E+00
777	1.001842E+00
779	9.983966E-01
780	9.987549E-01
781	9.990994E-01
782	9.994289E-01
783	9.997419E-01
784	1.000036E+00
785	1.000309E+00
786	1.000559E+00
787	1.000786E+00
788	1.000989E+00
789	1.001167E+00
790	1.001322E+00
791	1.001454E+00
792	1.001562E+00
793	1.001649E+00
794	1.001717E+00
795	1.001769E+00
796	1.001805E+00
797	1.001826E+00
798	1.001833E+00
800	9.983939E-01
801	9.987494E-01
802	9.990905E-01
803	9.994157E-01
804	9.997239E-01
805	1.000013E+00
806	1.000282E+00
807	1.000530E+00
808	1.000755E+00
809	1.000957E+00
810	1.001136E+00
811	1.001292E+00
812	1.001426E+00
813	1.001538E+00
814	1.001629E+00
815	1.001702E+00
816	1.001757E+00
817	1.001795E+00
818	1.001818E+00
819	1.001825E+00
821	9.983917E-01
822	9.987452E-01
823	9.990837E-01
824	9.994060E-01
825	9.997112E-01
826	9.999977E-01
827	1.000264E+00
828	1.000510E+00
829	1.000733E+00
830	1.000935E+00
831	1.001114E+00
832	1.001271E+00
833	1.001406E+00
834	1.001521E+00
835	1.001615E+00
836	1.001690E+00
837	1.001748E+00
838	1.001788E+00
839	1.001811E+00
840	1.001819E+00
842	9.983905E-01
843	9.987424E-01
844	9.990794E-01
845	9.994003E-01
846	9.997037E-01
847	9.999884E-01
848	1.000254E+00
849	1.000498E+00
850	1.000721E+00
851	1.000922E+00
852	1.001101E+00
853	1.001259E+00
854	1.001395E+00
855	1.001511E+00
856	1.001606E+00
857	1.001683E+00
858	1.001742E+00
859	1.001783E+00
860	1.001807E+00
861	1.001815E+00
863	9.983900E-01
864	9.987415E-01
865	9.990780E-01
866	9.993983E-01
867	9.997011E-01
868	9.999854E-01
869	1.000250E+00
870	1.000494E+00
871	1.000716E+00
872	1.000917E+00
873	1.001097E+00
874	1.001255E+00
875	1.001391E+00
876	1.001507E+00
877	1.001604E+00
878	1.001681E+00
879	1.001740E+00
880	1.001781E+00
881	1.001806E+00
882	1.001814E+00
