flux
2
800
2.802228E-03	-3.066023E-02	
3.443178E-03	-2.802584E-02	
3.832888E-03	-2.547232E-02	
4.073459E-03	-2.291900E-02	
4.183394E-03	-2.036204E-02	
4.195530E-03	-1.782636E-02	
4.112232E-03	-1.532869E-02	
3.909468E-03	-1.277972E-02	
3.559474E-03	-1.018092E-02	
2.968332E-03	-7.537215E-03	
2.075179E-03	-3.131165E-02	
2.517065E-03	-2.845726E-02	
2.837558E-03	-2.575110E-02	
3.027435E-03	-2.307067E-02	
3.125933E-03	-2.041880E-02	
3.145061E-03	-1.780086E-02	
3.071634E-03	-1.519746E-02	
2.899527E-03	-1.253607E-02	
2.620814E-03	-9.795863E-03	
2.230574E-03	-6.940894E-03	
1.451412E-03	-3.170879E-02	
1.733831E-03	-2.878442E-02	
1.949123E-03	-2.595972E-02	
2.087347E-03	-2.319015E-02	
2.161979E-03	-2.047245E-02	
2.178971E-03	-1.778333E-02	
2.126007E-03	-1.508860E-02	
2.000244E-03	-1.234706E-02	
1.811753E-03	-9.517670E-03	
1.566606E-03	-6.583701E-03	
8.657714E-04	-3.194979E-02	
1.024776E-03	-2.898485E-02	
1.149041E-03	-2.609884E-02	
1.235174E-03	-2.327538E-02	
1.281631E-03	-2.050831E-02	
1.286799E-03	-1.776963E-02	
1.252541E-03	-1.501508E-02	
1.179387E-03	-1.222166E-02	
1.071734E-03	-9.346921E-03	
9.349944E-04	-6.372563E-03	
2.831159E-04	-3.206329E-02	
3.347448E-04	-2.908199E-02	
3.780610E-04	-2.616929E-02	
4.083231E-04	-2.332133E-02	
4.230599E-04	-2.052356E-02	
4.228653E-04	-1.775935E-02	
4.104106E-04	-1.497864E-02	
3.858943E-04	-1.216043E-02	
3.520219E-04	-9.266629E-03	
3.120433E-04	-6.276137E-03	
-2.865453E-04	-3.206292E-02	
-3.345114E-04	-2.908602E-02	
-3.713309E-04	-2.617176E-02	
-3.988961E-04	-2.332156E-02	
-4.146170E-04	-2.052235E-02	
-4.174572E-04	-1.775753E-02	
-4.067522E-04	-1.497871E-02	
-3.842125E-04	-1.215838E-02	
-3.515578E-04	-9.267458E-03	
-3.071749E-04	-6.279712E-03	
-8.656462E-04	-3.195023E-02	
-1.025396E-03	-2.899099E-02	
-1.153485E-03	-2.610188E-02	
-1.238152E-03	-2.327921E-02	
-1.279108E-03	-2.050802E-02	
-1.280820E-03	-1.776730E-02	
-1.246275E-03	-1.501419E-02	
-1.177414E-03	-1.221431E-02	
-1.073771E-03	-9.347832E-03	
-9.384663E-04	-6.379026E-03	
-1.448505E-03	-3.171361E-02	
-1.724496E-03	-2.879187E-02	
-1.940394E-03	-2.595701E-02	
-2.086379E-03	-2.319342E-02	
-2.160965E-03	-2.047826E-02	
-2.167881E-03	-1.778843E-02	
-2.111275E-03	-1.508421E-02	
-1.990624E-03	-1.233380E-02	
-1.804992E-03	-9.517614E-03	
-1.564340E-03	-6.585200E-03	
-2.065719E-03	-3.131920E-02	
-2.503191E-03	-2.847281E-02	
-2.824633E-03	-2.573873E-02	
-3.027100E-03	-2.306326E-02	
-3.130255E-03	-2.043069E-02	
-3.141562E-03	-1.781778E-02	
-3.063724E-03	-1.518931E-02	
-2.892428E-03	-1.252065E-02	
-2.610520E-03	-9.798302E-03	
-2.218893E-03	-6.936791E-03	
-2.772023E-03	-3.066827E-02	
-3.417786E-03	-2.804051E-02	
-3.804024E-03	-2.546335E-02	
-4.036041E-03	-2.290415E-02	
-4.153044E-03	-2.036964E-02	
-4.170608E-03	-1.784997E-02	
-4.087545E-03	-1.531803E-02	
-3.891689E-03	-1.275909E-02	
-3.547095E-03	-1.018637E-02	
-2.949576E-03	-7.537867E-03	
2.779126E-03	3.065863E-02	
3.429045E-03	2.800171E-02	
3.825169E-03	2.544009E-02	
4.060426E-03	2.288979E-02	
4.180624E-03	2.033261E-02	
4.204581E-03	1.778698E-02	
4.124335E-03	1.526596E-02	
3.922446E-03	1.271318E-02	
3.570352E-03	1.013988E-02	
2.969314E-03	7.529492E-03	
2.055676E-03	3.130812E-02	
2.498512E-03	2.844498E-02	
2.820688E-03	2.571512E-02	
3.014974E-03	2.304430E-02	
3.117008E-03	2.040033E-02	
3.144211E-03	1.777042E-02	
3.079888E-03	1.513795E-02	
2.911237E-03	1.247065E-02	
2.632788E-03	9.751869E-03	
2.241705E-03	6.925382E-03	
1.428716E-03	3.170444E-02	
1.705657E-03	2.876844E-02	
1.922520E-03	2.593070E-02	
2.072171E-03	2.317266E-02	
2.155737E-03	2.045757E-02	
2.174719E-03	1.775936E-02	
2.130031E-03	1.504000E-02	
2.017036E-03	1.228695E-02	
1.833701E-03	9.473776E-03	
1.587100E-03	6.565791E-03	
8.385058E-04	3.194160E-02	
9.967003E-04	2.896642E-02	
1.123145E-03	2.607603E-02	
1.214293E-03	2.326813E-02	
1.268115E-03	2.049950E-02	
1.281798E-03	1.775010E-02	
1.256108E-03	1.497888E-02	
1.191944E-03	1.217091E-02	
1.090563E-03	9.305102E-03	
9.557738E-04	6.353076E-03	
2.578682E-04	3.205293E-02	
3.081934E-04	2.906361E-02	
3.539839E-04	2.615108E-02	
3.908056E-04	2.332105E-02	
4.161047E-04	2.052570E-02	
4.249640E-04	1.774644E-02	
4.188496E-04	1.495074E-02	
4.014139E-04	1.211746E-02	
3.721476E-04	9.227907E-03	
3.326824E-04	6.256016E-03	
-3.045153E-04	3.204925E-02	
-3.548212E-04	2.906730E-02	
-3.901730E-04	2.615782E-02	
-4.116014E-04	2.332970E-02	
-4.196952E-04	2.053425E-02	
-4.159872E-04	1.775046E-02	
-4.023329E-04	1.495426E-02	
-3.783210E-04	1.212051E-02	
-3.417546E-04	9.232157E-03	
-2.934560E-04	6.260600E-03	
-8.779729E-04	3.193473E-02	
-1.036108E-03	2.897338E-02	
-1.160023E-03	2.609247E-02	
-1.240084E-03	2.329356E-02	
-1.277371E-03	2.052501E-02	
-1.276321E-03	1.776446E-02	
-1.241064E-03	1.498917E-02	
-1.171049E-03	1.217962E-02	
-1.064122E-03	9.316535E-03	
-9.245947E-04	6.364048E-03	
-1.461398E-03	3.169619E-02	
-1.737433E-03	2.877775E-02	
-1.948158E-03	2.595346E-02	
-2.091167E-03	2.320950E-02	
-2.167709E-03	2.049524E-02	
-2.176820E-03	1.778616E-02	
-2.119005E-03	1.506054E-02	
-1.994571E-03	1.230271E-02	
-1.803425E-03	9.491522E-03	
-1.556081E-03	6.575932E-03	
-2.077094E-03	3.130003E-02	
-2.512318E-03	2.846265E-02	
-2.831648E-03	2.573851E-02	
-3.033438E-03	2.307965E-02	
-3.136805E-03	2.044518E-02	
-3.149074E-03	1.781485E-02	
-3.070761E-03	1.516798E-02	
-2.896966E-03	1.249349E-02	
-2.610283E-03	9.778566E-03	
-2.211565E-03	6.934950E-03	
-2.778019E-03	3.065020E-02	
-3.424942E-03	2.803034E-02	
-3.815937E-03	2.546050E-02	
-4.053599E-03	2.291822E-02	
-4.174827E-03	2.038202E-02	
-4.195077E-03	1.784549E-02	
-4.112152E-03	1.529858E-02	
-3.910926E-03	1.273792E-02	
-3.555891E-03	1.017586E-02	
-2.945941E-03	7.546322E-03	
2.446606E-05	-3.631798E-02	
7.445692E-05	-3.509759E-02	
1.235807E-04	-3.361083E-02	
1.750934E-04	-3.204067E-02	
2.329942E-04	-3.033743E-02	
2.911746E-04	-2.844715E-02	
3.435861E-04	-2.643125E-02	
3.867682E-04	-2.441346E-02	
4.227708E-04	-2.230380E-02	
4.339905E-04	-2.021953E-02	
4.293059E-04	-1.796181E-02	
4.171729E-04	-1.586498E-02	
3.903415E-04	-1.364996E-02	
3.509690E-04	-1.158634E-02	
3.036568E-04	-9.565600E-03	
2.590828E-04	-7.649641E-03	
2.132191E-04	-5.852366E-03	
1.785251E-04	-4.094863E-03	
1.516131E-04	-2.442091E-03	
1.351939E-04	-7.919202E-04	
6.306588E-05	-3.640552E-02	
2.059994E-04	-3.520298E-02	
3.708791E-04	-3.371944E-02	
5.361280E-04	-3.214882E-02	
6.961651E-04	-3.044722E-02	
8.627254E-04	-2.856211E-02	
1.036454E-03	-2.654243E-02	
1.173501E-03	-2.448250E-02	
1.265207E-03	-2.236247E-02	
1.305768E-03	-2.021264E-02	
1.301600E-03	-1.795984E-02	
1.259461E-03	-1.581267E-02	
1.177275E-03	-1.359325E-02	
1.069582E-03	-1.149599E-02	
9.245016E-04	-9.463557E-03	
7.695922E-04	-7.552200E-03	
6.330014E-04	-5.767353E-03	
5.263108E-04	-4.038492E-03	
4.490929E-04	-2.394333E-03	
4.027481E-04	-7.769151E-04	
1.137586E-04	-3.658234E-02	
3.352040E-04	-3.539054E-02	
5.684945E-04	-3.393006E-02	
8.429757E-04	-3.237794E-02	
1.143039E-03	-3.067821E-02	
1.446932E-03	-2.880157E-02	
1.744187E-03	-2.677395E-02	
1.986732E-03	-2.463058E-02	
2.137667E-03	-2.245703E-02	
2.202085E-03	-2.022306E-02	
2.203058E-03	-1.794623E-02	
2.137046E-03	-1.571813E-02	
2.002043E-03	-1.347060E-02	
1.807295E-03	-1.131620E-02	
1.553524E-03	-9.244498E-03	
1.277938E-03	-7.340763E-03	
1.026607E-03	-5.590867E-03	
8.330310E-04	-3.914712E-03	
7.028402E-04	-2.310704E-03	
6.385223E-04	-7.498811E-04	
1.330897E-04	-3.682919E-02	
4.192024E-04	-3.565125E-02	
7.443911E-04	-3.422783E-02	
1.129515E-03	-3.273977E-02	
1.592439E-03	-3.107936E-02	
2.089273E-03	-2.920115E-02	
2.529654E-03	-2.711201E-02	
2.858604E-03	-2.486401E-02	
3.069630E-03	-2.258556E-02	
3.164648E-03	-2.025397E-02	
3.163891E-03	-1.791554E-02	
3.079438E-03	-1.559836E-02	
2.901511E-03	-1.327744E-02	
2.610977E-03	-1.102408E-02	
2.216408E-03	-8.888285E-03	
1.776199E-03	-6.981183E-03	
1.371509E-03	-5.294426E-03	
1.073195E-03	-3.719263E-03	
8.986448E-04	-2.201411E-03	
8.233359E-04	-7.195470E-04	
1.495997E-04	-3.711188E-02	
4.633126E-04	-3.596838E-02	
8.210420E-04	-3.459361E-02	
1.285402E-03	-3.322347E-02	
1.970445E-03	-3.174363E-02	
2.786572E-03	-2.984984E-02	
3.432364E-03	-2.754949E-02	
3.834099E-03	-2.515722E-02	
4.079175E-03	-2.274845E-02	
4.197456E-03	-2.030437E-02	
4.201212E-03	-1.786813E-02	
4.105662E-03	-1.546576E-02	
3.912308E-03	-1.303876E-02	
3.562134E-03	-1.062205E-02	
2.957879E-03	-8.291487E-03	
2.198941E-03	-6.378833E-03	
1.586834E-03	-4.879977E-03	
1.215104E-03	-3.463668E-03	
1.007823E-03	-2.075176E-03	
9.222566E-04	-6.849060E-04	
1.498255E-04	-3.741130E-02	
4.651010E-04	-3.629794E-02	
8.310604E-04	-3.498774E-02	
1.296879E-03	-3.375953E-02	
1.977925E-03	-3.257366E-02	
2.207394E-03	-5.613229E-03	
1.595649E-03	-4.421728E-03	
1.227874E-03	-3.182412E-03	
1.012617E-03	-1.933895E-03	
9.186300E-04	-6.466331E-04	
1.338439E-04	-3.769497E-02	
4.142573E-04	-3.660996E-02	
7.371097E-04	-3.536453E-02	
1.124718E-03	-3.423616E-02	
1.584188E-03	-3.323754E-02	
1.790691E-03	-5.008730E-03	
1.395847E-03	-4.019638E-03	
1.102415E-03	-2.923296E-03	
9.141974E-04	-1.789536E-03	
8.214905E-04	-6.042981E-04	
1.052301E-04	-3.793405E-02	
3.264038E-04	-3.687248E-02	
5.734963E-04	-3.567196E-02	
8.434737E-04	-3.458631E-02	
1.139708E-03	-3.364309E-02	
1.296952E-03	-4.656386E-03	
1.052930E-03	-3.733115E-03	
8.603146E-04	-2.723773E-03	
7.229949E-04	-1.663522E-03	
6.484207E-04	-5.630309E-04	
6.396585E-05	-3.810324E-02	
1.992337E-04	-3.705972E-02	
3.471088E-04	-3.587968E-02	
5.108692E-04	-3.481233E-02	
6.885653E-04	-3.389101E-02	
7.849917E-04	-4.447867E-03	
6.481223E-04	-3.560744E-03	
5.401304E-04	-2.595537E-03	
4.621023E-04	-1.576409E-03	
4.182222E-04	-5.316890E-04	
1.900403E-05	-3.818621E-02	
6.192655E-05	-3.715494E-02	
1.148530E-04	-3.598526E-02	
1.750571E-04	-3.493071E-02	
2.312823E-04	-3.400655E-02	
2.656833E-04	-4.347930E-03	
2.190608E-04	-3.477188E-03	
1.829406E-04	-2.534981E-03	
1.605276E-04	-1.536525E-03	
1.497474E-04	-5.169132E-04	
-3.027072E-05	-3.817495E-02	
-8.642187E-05	-3.715298E-02	
-1.338870E-04	-3.599269E-02	
-1.824769E-04	-3.493490E-02	
-2.344275E-04	-3.400663E-02	
-2.598721E-04	-4.345298E-03	
-2.179372E-04	-3.475132E-03	
-1.826666E-04	-2.536187E-03	
-1.541955E-04	-1.541377E-03	
-1.360724E-04	-5.194036E-04	
-7.390221E-05	-3.807077E-02	
-2.163488E-04	-3.705856E-02	
-3.615029E-04	-3.589449E-02	
-5.207119E-04	-3.482530E-02	
-6.917221E-04	-3.389327E-02	
-7.878755E-04	-4.443878E-03	
-6.465745E-04	-3.559789E-03	
-5.329844E-04	-2.600391E-03	
-4.541374E-04	-1.584491E-03	
-4.121897E-04	-5.363606E-04	
-1.052088E-04	-3.789166E-02	
-3.220923E-04	-3.687834E-02	
-5.613180E-04	-3.569033E-02	
-8.317397E-04	-3.459983E-02	
-1.136003E-03	-3.364347E-02	
-1.296415E-03	-4.656219E-03	
-1.044166E-03	-3.740997E-03	
-8.447882E-04	-2.732150E-03	
-7.136324E-04	-1.662734E-03	
-6.488858E-04	-5.648118E-04	
-1.303132E-04	-3.765614E-02	
-4.061658E-04	-3.662112E-02	
-7.219328E-04	-3.539255E-02	
-1.106239E-03	-3.424288E-02	
-1.571368E-03	-3.323103E-02	
-1.778286E-03	-5.013160E-03	
-1.380303E-03	-4.034288E-03	
-1.088243E-03	-2.930297E-03	
-9.079254E-04	-1.776061E-03	
-8.192995E-04	-6.048577E-04	
-1.464563E-04	-3.737937E-02	
-4.550619E-04	-3.631343E-02	
-8.089305E-04	-3.503060E-02	
-1.268319E-03	-3.376113E-02	
-1.950190E-03	-3.256577E-02	
-2.186184E-03	-5.616084E-03	
-1.584403E-03	-4.431128E-03	
-1.226910E-03	-3.183011E-03	
-1.010710E-03	-1.919865E-03	
-9.052702E-04	-6.551193E-04	
-1.431160E-04	-3.708980E-02	
-4.484558E-04	-3.598906E-02	
-8.058519E-04	-3.464371E-02	
-1.268304E-03	-3.322618E-02	
-1.953294E-03	-3.173386E-02	
-2.780041E-03	-2.985160E-02	
-3.430232E-03	-2.756123E-02	
-3.821429E-03	-2.516520E-02	
-4.054339E-03	-2.273738E-02	
-4.167889E-03	-2.030586E-02	
-4.184138E-03	-1.787993E-02	
-4.102969E-03	-1.545229E-02	
-3.907150E-03	-1.301649E-02	
-3.559894E-03	-1.062081E-02	
-2.957030E-03	-8.303809E-03	
-2.190383E-03	-6.380181E-03	
-1.586925E-03	-4.872270E-03	
-1.226662E-03	-3.459625E-03	
-1.007971E-03	-2.078141E-03	
-9.022952E-04	-7.079583E-04	
-1.283202E-04	-3.681836E-02	
-4.038260E-04	-3.567965E-02	
-7.180509E-04	-3.428150E-02	
-1.101154E-03	-3.274284E-02	
-1.564711E-03	-3.106866E-02	
-2.050213E-03	-2.920456E-02	
-2.482594E-03	-2.712570E-02	
-2.801547E-03	-2.489057E-02	
-2.998991E-03	-2.258165E-02	
-3.104754E-03	-2.024227E-02	
-3.126902E-03	-1.790512E-02	
-3.060249E-03	-1.557493E-02	
-2.896180E-03	-1.325375E-02	
-2.615040E-03	-1.101196E-02	
-2.223090E-03	-8.907480E-03	
-1.783394E-03	-6.982854E-03	
-1.384120E-03	-5.272329E-03	
-1.087280E-03	-3.716670E-03	
-9.023910E-04	-2.224677E-03	
-8.145867E-04	-7.549028E-04	
-1.048838E-04	-3.658516E-02	
-3.132248E-04	-3.542901E-02	
-5.520623E-04	-3.397908E-02	
-8.369600E-04	-3.237726E-02	
-1.138090E-03	-3.066955E-02	
-1.441853E-03	-2.881440E-02	
-1.723522E-03	-2.680181E-02	
-1.949670E-03	-2.466936E-02	
-2.103259E-03	-2.245182E-02	
-2.179201E-03	-2.019039E-02	
-2.187564E-03	-1.792649E-02	
-2.136896E-03	-1.567088E-02	
-2.016892E-03	-1.344187E-02	
-1.820430E-03	-1.130144E-02	
-1.570652E-03	-9.259727E-03	
-1.301830E-03	-7.339124E-03	
-1.046357E-03	-5.570806E-03	
-8.389808E-04	-3.922410E-03	
-7.058234E-04	-2.336983E-03	
-6.433799E-04	-7.928443E-04	
-6.129452E-05	-3.641898E-02	
-1.952864E-04	-3.525285E-02	
-3.497515E-04	-3.376193E-02	
-5.055072E-04	-3.215375E-02	
-6.704798E-04	-3.042696E-02	
-8.459575E-04	-2.857775E-02	
-9.962262E-04	-2.660652E-02	
-1.121387E-03	-2.451334E-02	
-1.217951E-03	-2.235769E-02	
-1.265168E-03	-2.016137E-02	
-1.270841E-03	-1.794148E-02	
-1.249352E-03	-1.572805E-02	
-1.186638E-03	-1.356742E-02	
-1.075705E-03	-1.148328E-02	
-9.385019E-04	-9.464861E-03	
-7.921406E-04	-7.549173E-03	
-6.464984E-04	-5.761871E-03	
-5.242602E-04	-4.060958E-03	
-4.422188E-04	-2.413633E-03	
-4.058366E-04	-8.150196E-04	
-2.499054E-05	-3.633269E-02	
-7.226122E-05	-3.515788E-02	
-1.167368E-04	-3.365797E-02	
-1.742591E-04	-3.204444E-02	
-2.395575E-04	-3.030600E-02	
-2.931970E-04	-2.846959E-02	
-3.494237E-04	-2.650818E-02	
-3.981436E-04	-2.443780E-02	
-4.203603E-04	-2.231445E-02	
-4.319444E-04	-2.014580E-02	
-4.358210E-04	-1.794749E-02	
-4.210713E-04	-1.575827E-02	
-3.942989E-04	-1.362668E-02	
-3.618338E-04	-1.156742E-02	
-3.154544E-04	-9.564312E-03	
-2.621317E-04	-7.649405E-03	
-2.167237E-04	-5.852689E-03	
-1.783722E-04	-4.130730E-03	
-1.511696E-04	-2.453105E-03	
-1.374160E-04	-8.256833E-04	
2.622595E-05	3.641154E-02	
7.134426E-05	3.517192E-02	
1.175726E-04	3.365170E-02	
1.698444E-04	3.203810E-02	
2.223294E-04	3.033002E-02	
2.754227E-04	2.843375E-02	
3.277327E-04	2.644772E-02	
3.756207E-04	2.436430E-02	
4.133590E-04	2.227161E-02	
4.327902E-04	2.012134E-02	
4.302498E-04	1.791034E-02	
4.145711E-04	1.578221E-02	
3.922482E-04	1.362545E-02	
3.575976E-04	1.156257E-02	
3.055993E-04	9.566463E-03	
2.545294E-04	7.664828E-03	
2.178059E-04	5.862425E-03	
1.880361E-04	4.127843E-03	
1.553363E-04	2.479953E-03	
1.355958E-04	8.551795E-04	
6.119477E-05	3.649896E-02	
2.009568E-04	3.526938E-02	
3.576765E-04	3.375719E-02	
5.254782E-04	3.215269E-02	
6.948123E-04	3.043725E-02	
8.678806E-04	2.855268E-02	
1.034381E-03	2.654760E-02	
1.163357E-03	2.444128E-02	
1.256407E-03	2.232542E-02	
1.301002E-03	2.013156E-02	
1.304794E-03	1.790137E-02	
1.262356E-03	1.573307E-02	
1.178063E-03	1.356798E-02	
1.069430E-03	1.147676E-02	
9.259205E-04	9.456770E-03	
7.699742E-04	7.567504E-03	
6.371661E-04	5.790217E-03	
5.388426E-04	4.071958E-03	
4.624799E-04	2.426775E-03	
4.081922E-04	8.343284E-04	
1.054657E-04	3.666562E-02	
3.181961E-04	3.545521E-02	
5.521247E-04	3.396201E-02	
8.309596E-04	3.239451E-02	
1.136522E-03	3.067033E-02	
1.441567E-03	2.879772E-02	
1.729200E-03	2.675670E-02	
1.970747E-03	2.460270E-02	
2.129879E-03	2.241618E-02	
2.202016E-03	2.015753E-02	
2.210194E-03	1.788737E-02	
2.147901E-03	1.564234E-02	
2.009587E-03	1.343610E-02	
1.807214E-03	1.129763E-02	
1.556755E-03	9.241925E-03	
1.285746E-03	7.355394E-03	
1.037836E-03	5.621609E-03	
8.487319E-04	3.953139E-03	
7.201829E-04	2.340683E-03	
6.472110E-04	7.931616E-04	
1.266904E-04	3.689777E-02	
4.052712E-04	3.571437E-02	
7.294203E-04	3.426093E-02	
1.113179E-03	3.275818E-02	
1.580878E-03	3.107992E-02	
2.084212E-03	2.919650E-02	
2.524442E-03	2.708578E-02	
2.852031E-03	2.484276E-02	
3.065351E-03	2.254857E-02	
3.168174E-03	2.020010E-02	
3.173642E-03	1.785845E-02	
3.094873E-03	1.553020E-02	
2.913826E-03	1.322888E-02	
2.610498E-03	1.099915E-02	
2.211614E-03	8.891064E-03	
1.779519E-03	7.003150E-03	
1.382827E-03	5.329251E-03	
1.087328E-03	3.760894E-03	
9.137123E-04	2.230764E-03	
8.305391E-04	7.469355E-04	
1.429338E-04	3.716740E-02	
4.439591E-04	3.602435E-02	
8.000714E-04	3.463121E-02	
1.271379E-03	3.324297E-02	
1.964728E-03	3.175618E-02	
2.790023E-03	2.984887E-02	
3.433983E-03	2.751760E-02	
3.828760E-03	2.513330E-02	
4.073747E-03	2.271633E-02	
4.199103E-03	2.026052E-02	
4.214912E-03	1.781931E-02	
4.126565E-03	1.540222E-02	
3.928062E-03	1.297731E-02	
3.568287E-03	1.058762E-02	
2.957826E-03	8.293251E-03	
2.197201E-03	6.408243E-03	
1.591938E-03	4.922203E-03	
1.225677E-03	3.506181E-03	
1.016403E-03	2.102587E-03	
9.259060E-04	7.014419E-04	
1.429348E-04	3.745327E-02	
4.462082E-04	3.634278E-02	
8.057298E-04	3.502841E-02	
1.274963E-03	3.378630E-02	
1.959806E-03	3.259104E-02	
2.203197E-03	5.645261E-03	
1.596477E-03	4.473202E-03	
1.232901E-03	3.225344E-03	
1.017540E-03	1.958789E-03	
9.204732E-04	6.576764E-04	
1.253377E-04	3.772154E-02	
3.913826E-04	3.664383E-02	
7.042612E-04	3.539977E-02	
1.092292E-03	3.427221E-02	
1.559435E-03	3.325711E-02	
1.796115E-03	5.037665E-03	
1.395763E-03	4.073727E-03	
1.102186E-03	2.967666E-03	
9.147652E-04	1.813685E-03	
8.220201E-04	6.129685E-04	
9.491531E-05	3.794179E-02	
3.044762E-04	3.689918E-02	
5.487844E-04	3.570160E-02	
8.200383E-04	3.462966E-02	
1.119494E-03	3.366626E-02	
1.310183E-03	4.674748E-03	
1.054788E-03	3.780898E-03	
8.566903E-04	2.768820E-03	
7.214839E-04	1.689904E-03	
6.485360E-04	5.710563E-04	
5.838869E-05	3.809509E-02	
1.835800E-04	3.708063E-02	
3.268925E-04	3.590777E-02	
4.905571E-04	3.485841E-02	
6.652065E-04	3.391162E-02	
8.009386E-04	4.455711E-03	
6.536493E-04	3.597251E-03	
5.394209E-04	2.640140E-03	
4.622371E-04	1.606193E-03	
4.191196E-04	5.387018E-04	
1.869262E-05	3.817218E-02	
5.690845E-05	3.716695E-02	
1.016723E-04	3.600952E-02	
1.540472E-04	3.497270E-02	
2.067621E-04	3.402469E-02	
2.823825E-04	4.347636E-03	
2.288532E-04	3.504507E-03	
1.877144E-04	2.577516E-03	
1.636741E-04	1.567593E-03	
1.511329E-04	5.216430E-04	
-2.624412E-05	3.816462E-02	
-7.711110E-05	3.716185E-02	
-1.283113E-04	3.600819E-02	
-1.868306E-04	3.496789E-02	
-2.470424E-04	3.402200E-02	
-2.439600E-04	4.342248E-03	
-2.034350E-04	3.496891E-03	
-1.721816E-04	2.575248E-03	
-1.481808E-04	1.569822E-03	
-1.341890E-04	5.208644E-04	
-6.709425E-05	3.807129E-02	
-2.007503E-04	3.707067E-02	
-3.480388E-04	3.590088E-02	
-5.164260E-04	3.484829E-02	
-6.983698E-04	3.389945E-02	
-7.705117E-04	4.442379E-03	
-6.282277E-04	3.579569E-03	
-5.176160E-04	2.634435E-03	
-4.449011E-04	1.607351E-03	
-4.092400E-04	5.329885E-04	
-9.840007E-05	3.790579E-02	
-3.088615E-04	3.689205E-02	
-5.489627E-04	3.569212E-02	
-8.277393E-04	3.460989E-02	
-1.143327E-03	3.364032E-02	
-1.280701E-03	4.659958E-03	
-1.023380E-03	3.761595E-03	
-8.254992E-04	2.760901E-03	
-7.008197E-04	1.678279E-03	
-6.444684E-04	5.540726E-04	
-1.250660E-04	3.768233E-02	
-3.966702E-04	3.663345E-02	
-7.138790E-04	3.539341E-02	
-1.104973E-03	3.423873E-02	
-1.579776E-03	3.322108E-02	
-1.762615E-03	5.025271E-03	
-1.359000E-03	4.057218E-03	
-1.067581E-03	2.954578E-03	
-8.934254E-04	1.783437E-03	
-8.141447E-04	5.845463E-04	
-1.450179E-04	3.741224E-02	
-4.516089E-04	3.632533E-02	
-8.068698E-04	3.502905E-02	
-1.268433E-03	3.375043E-02	
-1.953715E-03	3.254930E-02	
-2.171549E-03	5.637242E-03	
-1.563589E-03	4.456821E-03	
-1.207102E-03	3.202880E-03	
-9.978235E-04	1.918570E-03	
-9.010673E-04	6.254502E-04	
-1.424180E-04	3.712481E-02	
-4.469266E-04	3.600167E-02	
-8.055343E-04	3.463884E-02	
-1.268867E-03	3.321574E-02	
-1.950502E-03	3.171707E-02	
-2.774843E-03	2.983378E-02	
-3.426330E-03	2.754835E-02	
-3.819667E-03	2.515816E-02	
-4.059252E-03	2.274331E-02	
-4.182852E-03	2.031210E-02	
-4.204844E-03	1.787317E-02	
-4.124069E-03	1.543460E-02	
-3.923529E-03	1.300366E-02	
-3.565883E-03	1.062279E-02	
-2.951340E-03	8.323881E-03	
-2.176192E-03	6.409224E-03	
-1.568652E-03	4.900340E-03	
-1.209886E-03	3.474613E-03	
-9.981349E-04	2.067866E-03	
-8.996273E-04	6.714184E-04	
-1.324352E-04	3.684995E-02	
-4.103830E-04	3.569407E-02	
-7.194903E-04	3.427873E-02	
-1.097462E-03	3.273455E-02	
-1.557051E-03	3.105704E-02	
-2.040566E-03	2.918595E-02	
-2.476986E-03	2.710827E-02	
-2.805195E-03	2.487669E-02	
-3.013009E-03	2.257737E-02	
-3.127696E-03	2.023975E-02	
-3.156385E-03	1.789484E-02	
-3.089046E-03	1.556104E-02	
-2.916133E-03	1.325067E-02	
-2.624111E-03	1.102545E-02	
-2.223358E-03	8.936516E-03	
-1.776401E-03	7.018694E-03	
-1.371507E-03	5.303305E-03	
-1.073920E-03	3.728001E-03	
-8.939681E-04	2.206181E-03	
-8.122353E-04	7.133435E-04	
-1.078772E-04	3.660964E-02	
-3.187044E-04	3.544560E-02	
-5.518661E-04	3.398493E-02	
-8.265642E-04	3.237568E-02	
-1.119187E-03	3.066369E-02	
-1.417727E-03	2.879725E-02	
-1.702309E-03	2.677597E-02	
-1.937273E-03	2.464581E-02	
-2.103421E-03	2.243429E-02	
-2.190208E-03	2.018136E-02	
-2.201629E-03	1.791312E-02	
-2.150414E-03	1.566132E-02	
-2.026630E-03	1.344710E-02	
-1.825071E-03	1.132261E-02	
-1.571294E-03	9.293887E-03	
-1.298657E-03	7.380917E-03	
-1.038904E-03	5.605729E-03	
-8.308644E-04	3.931203E-03	
-7.010882E-04	2.312708E-03	
-6.420423E-04	7.475959E-04	
-6.212952E-05	3.643963E-02	
-1.985905E-04	3.526832E-02	
-3.534429E-04	3.377419E-02	
-5.036299E-04	3.216153E-02	
-6.620045E-04	3.042685E-02	
-8.358001E-04	2.856176E-02	
-9.883955E-04	2.657428E-02	
-1.119490E-03	2.448144E-02	
-1.223786E-03	2.232822E-02	
-1.280809E-03	2.014362E-02	
-1.293050E-03	1.792719E-02	
-1.267662E-03	1.572384E-02	
-1.197407E-03	1.357861E-02	
-1.081329E-03	1.150874E-02	
-9.406704E-04	9.502198E-03	
-7.903318E-04	7.595582E-03	
-6.426315E-04	5.798518E-03	
-5.226327E-04	4.066452E-03	
-4.436814E-04	2.386186E-03	
-4.071241E-04	7.697211E-04	
-2.492345E-05	3.635258E-02	
-7.160404E-05	3.517223E-02	
-1.140511E-04	3.367298E-02	
-1.685963E-04	3.205801E-02	
-2.317831E-04	3.030881E-02	
-2.841359E-04	2.845365E-02	
-3.390124E-04	2.647492E-02	
-3.885827E-04	2.440014E-02	
-4.129304E-04	2.228088E-02	
-4.290306E-04	2.011784E-02	
-4.362657E-04	1.793350E-02	
-4.216630E-04	1.575753E-02	
-3.946898E-04	1.364215E-02	
-3.609510E-04	1.159501E-02	
-3.134745E-04	9.604059E-03	
-2.605286E-04	7.697006E-03	
-2.172380E-04	5.888084E-03	
-1.799262E-04	4.134196E-03	
-1.528230E-04	2.424496E-03	
-1.382670E-04	7.825234E-04	
