temperature
2
3528
1	-2.696712E-02
2	5.651168E-02
3	1.395666E-01
4	2.216224E-01
5	3.020893E-01
6	3.803630E-01
7	4.558328E-01
8	5.278965E-01
9	5.959810E-01
10	6.595619E-01
11	7.181817E-01
12	7.714644E-01
13	8.191284E-01
14	8.609953E-01
15	8.969918E-01
16	9.271402E-01
17	9.515353E-01
18	9.703109E-01
19	9.836049E-01
20	9.915318E-01
21	9.941657E-01
22	-2.697880E-02
23	5.659739E-02
24	1.397553E-01
25	2.219247E-01
26	3.025176E-01
27	3.809269E-01
28	4.565345E-01
29	5.287291E-01
30	5.969285E-01
31	6.606004E-01
32	7.192810E-01
33	7.725887E-01
34	8.202374E-01
35	8.620472E-01
36	8.979493E-01
37	9.279780E-01
38	9.522463E-01
39	9.709066E-01
40	9.841114E-01
41	9.919830E-01
42	9.945983E-01
43	-2.701282E-02
44	5.684799E-02
45	1.403087E-01
46	2.228164E-01
47	3.037896E-01
48	3.826127E-01
49	4.586437E-01
50	5.312404E-01
51	5.997912E-01
52	6.637416E-01
53	7.226097E-01
54	7.759977E-01
55	8.236035E-01
56	8.652388E-01
57	9.008452E-01
58	9.304953E-01
59	9.543625E-01
60	9.726626E-01
61	9.855931E-01
62	9.932973E-01
63	9.958569E-01
64	-2.706608E-02
65	5.724324E-02
66	1.411860E-01
67	2.242454E-01
68	3.058601E-01
69	3.854005E-01
70	4.621741E-01
71	5.354726E-01
72	6.046314E-01
73	6.690624E-01
74	7.282601E-01
75	7.818002E-01
76	8.293495E-01
77	8.706884E-01
78	9.057599E-01
79	9.347041E-01
80	9.578252E-01
81	9.754751E-01
82	9.879313E-01
83	9.953572E-01
84	9.978256E-01
85	-2.713353E-02
86	5.774776E-02
87	1.423117E-01
88	2.261019E-01
89	3.086265E-01
90	3.892470E-01
91	4.671587E-01
92	5.415120E-01
93	6.115558E-01
94	6.766885E-01
95	7.363821E-01
96	7.901779E-01
97	8.376933E-01
98	8.786406E-01
99	9.128741E-01
100	9.406273E-01
101	9.624949E-01
102	9.791270E-01
103	9.909180E-01
104	9.979694E-01
105	1.000317E+00
106	-2.720852E-02
107	5.831187E-02
108	1.435746E-01
109	2.282028E-01
110	3.118213E-01
111	3.940563E-01
112	4.737363E-01
113	5.494994E-01
114	6.207137E-01
115	6.867880E-01
116	7.471751E-01
117	8.013766E-01
118	8.489473E-01
119	8.894994E-01
120	9.227061E-01
121	9.483073E-01
122	9.679208E-01
123	9.832577E-01
124	9.942584E-01
125	1.000877E+00
126	1.003087E+00
127	-2.728355E-02
128	5.887676E-02
129	1.448394E-01
130	2.303076E-01
131	3.150242E-01
132	3.988846E-01
133	4.803465E-01
134	5.575283E-01
135	6.299199E-01
136	6.969410E-01
137	7.580249E-01
138	8.126335E-01
139	8.602583E-01
140	9.004106E-01
141	9.325818E-01
142	9.560134E-01
143	9.733577E-01
144	9.873941E-01
145	9.976018E-01
146	1.003787E+00
147	1.005858E+00
148	-2.735112E-02
149	5.938327E-02
150	1.459701E-01
151	2.321745E-01
152	3.178115E-01
153	4.027736E-01
154	4.853995E-01
155	5.636555E-01
156	6.369472E-01
157	7.046808E-01
158	7.662674E-01
159	8.211338E-01
160	8.687213E-01
161	9.084720E-01
162	9.397858E-01
163	9.619938E-01
164	9.780556E-01
165	9.910604E-01
166	1.000596E+00
167	1.006404E+00
168	1.008354E+00
169	-2.740463E-02
170	5.978092E-02
171	1.468535E-01
172	2.336161E-01
173	3.199063E-01
174	4.056073E-01
175	4.890012E-01
176	5.679793E-01
177	6.418945E-01
178	7.101200E-01
179	7.720430E-01
180	8.270634E-01
181	8.745905E-01
182	9.140334E-01
183	9.447922E-01
184	9.662634E-01
185	9.815509E-01
186	9.938903E-01
187	1.002944E+00
188	1.008470E+00
189	1.010327E+00
190	-2.743895E-02
191	6.003338E-02
192	1.474118E-01
193	2.345177E-01
194	3.211971E-01
195	4.073270E-01
196	4.911620E-01
197	5.705566E-01
198	6.448347E-01
199	7.133468E-01
200	7.754621E-01
201	8.305639E-01
202	8.780449E-01
203	9.173050E-01
204	9.477538E-01
205	9.688251E-01
206	9.836921E-01
207	9.956600E-01
208	1.004434E+00
209	1.009789E+00
210	1.011590E+00
211	-2.745084E-02
212	6.011971E-02
213	1.476023E-01
214	2.348236E-01
215	3.216323E-01
216	4.079031E-01
217	4.918823E-01
218	5.714131E-01
219	6.458101E-01
220	7.144161E-01
221	7.765940E-01
222	8.317211E-01
223	8.791856E-01
224	9.183856E-01
225	9.487349E-01
226	9.696790E-01
227	9.844124E-01
228	9.962610E-01
229	1.004943E+00
230	1.010242E+00
231	1.012024E+00
232	-2.743921E-02
233	6.003314E-02
234	1.474116E-01
235	2.345174E-01
236	3.211968E-01
237	4.073267E-01
238	4.911618E-01
239	5.705564E-01
240	6.448346E-01
241	7.133467E-01
242	7.754620E-01
243	8.305637E-01
244	8.780447E-01
245	9.173049E-01
246	9.477537E-01
247	9.688250E-01
248	9.836921E-01
249	9.956600E-01
250	1.004433E+00
251	1.009789E+00
252	1.011590E+00
253	-2.740515E-02
254	5.978042E-02
255	1.468530E-01
256	2.336156E-01
257	3.199059E-01
258	4.056069E-01
259	4.890008E-01
260	5.679790E-01
261	6.418943E-01
262	7.101199E-01
263	7.720428E-01
264	8.270632E-01
265	8.745903E-01
266	9.140332E-01
267	9.447920E-01
268	9.662632E-01
269	9.815508E-01
270	9.938902E-01
271	1.002944E+00
272	1.008470E+00
273	1.010327E+00
274	-2.735181E-02
275	5.938255E-02
276	1.459693E-01
277	2.321738E-01
278	3.178110E-01
279	4.027730E-01
280	4.853989E-01
281	5.636551E-01
282	6.369468E-01
283	7.046805E-01
284	7.662671E-01
285	8.211335E-01
286	8.687211E-01
287	9.084717E-01
288	9.397855E-01
289	9.619935E-01
290	9.780553E-01
291	9.910601E-01
292	1.000596E+00
293	1.006404E+00
294	1.008353E+00
295	-2.728430E-02
296	5.887591E-02
297	1.448385E-01
298	2.303068E-01
299	3.150235E-01
300	3.988839E-01
301	4.803457E-01
302	5.575276E-01
303	6.299195E-01
304	6.969406E-01
305	7.580245E-01
306	8.126331E-01
307	8.602580E-01
308	9.004103E-01
309	9.325814E-01
310	9.560129E-01
311	9.733573E-01
312	9.873936E-01
313	9.976013E-01
314	1.003787E+00
315	1.005858E+00
316	-2.720926E-02
317	5.831100E-02
318	1.435736E-01
319	2.282018E-01
320	3.118204E-01
321	3.940555E-01
322	4.737356E-01
323	5.494987E-01
324	6.207132E-01
325	6.867876E-01
326	7.471747E-01
327	8.013763E-01
328	8.489471E-01
329	8.894990E-01
330	9.227056E-01
331	9.483067E-01
332	9.679202E-01
333	9.832572E-01
334	9.942578E-01
335	1.000877E+00
336	1.003086E+00
337	-2.713421E-02
338	5.774691E-02
339	1.423107E-01
340	2.261009E-01
341	3.086256E-01
342	3.892462E-01
343	4.671580E-01
344	5.415114E-01
345	6.115555E-01
346	6.766882E-01
347	7.363818E-01
348	7.901776E-01
349	8.376930E-01
350	8.786403E-01
351	9.128736E-01
352	9.406267E-01
353	9.624943E-01
354	9.791263E-01
355	9.909173E-01
356	9.979686E-01
357	1.000316E+00
358	-2.706665E-02
359	5.724245E-02
360	1.411851E-01
361	2.242445E-01
362	3.058592E-01
363	3.853997E-01
364	4.621735E-01
365	5.354722E-01
366	6.046312E-01
367	6.690622E-01
368	7.282599E-01
369	7.818000E-01
370	8.293493E-01
371	8.706880E-01
372	9.057595E-01
373	9.347035E-01
374	9.578246E-01
375	9.754744E-01
376	9.879305E-01
377	9.953563E-01
378	9.978246E-01
379	-2.701321E-02
380	5.684730E-02
381	1.403079E-01
382	2.228155E-01
383	3.037889E-01
384	3.826120E-01
385	4.586432E-01
386	5.312400E-01
387	5.997910E-01
388	6.637415E-01
389	7.226097E-01
390	7.759976E-01
391	8.236033E-01
392	8.652386E-01
393	9.008448E-01
394	9.304948E-01
395	9.543619E-01
396	9.726618E-01
397	9.855922E-01
398	9.932964E-01
399	9.958559E-01
400	-2.697902E-02
401	5.659680E-02
402	1.397544E-01
403	2.219239E-01
404	3.025170E-01
405	3.809264E-01
406	4.565341E-01
407	5.287289E-01
408	5.969283E-01
409	6.606004E-01
410	7.192810E-01
411	7.725888E-01
412	8.202374E-01
413	8.620470E-01
414	8.979489E-01
415	9.279776E-01
416	9.522457E-01
417	9.709058E-01
418	9.841104E-01
419	9.919820E-01
420	9.945973E-01
421	-2.696727E-02
422	5.651116E-02
423	1.395658E-01
424	2.216215E-01
425	3.020887E-01
426	3.803626E-01
427	4.558324E-01
428	5.278962E-01
429	5.959808E-01
430	6.595619E-01
431	7.181818E-01
432	7.714645E-01
433	8.191284E-01
434	8.609951E-01
435	8.969915E-01
436	9.271398E-01
437	9.515347E-01
438	9.703100E-01
439	9.836038E-01
440	9.915308E-01
441	9.941647E-01
443	-1.103031E-01
444	-1.929279E-01
445	-2.742625E-01
446	-3.537110E-01
447	-4.306615E-01
448	-5.044958E-01
449	-5.746068E-01
450	-6.404201E-01
451	-7.014155E-01
452	-7.571449E-01
453	-8.072475E-01
454	-8.514622E-01
455	-8.896354E-01
456	-9.217224E-01
457	-9.477766E-01
458	-9.679252E-01
459	-9.823350E-01
460	-9.911773E-01
461	-9.945985E-01
462	-9.927037E-01
464	-1.104131E-01
465	-1.931440E-01
466	-2.745971E-01
467	-3.541779E-01
468	-4.312708E-01
469	-5.052494E-01
470	-5.754965E-01
471	-6.414278E-01
472	-7.025150E-01
473	-7.583038E-01
474	-8.084281E-01
475	-8.526226E-01
476	-8.907325E-01
477	-9.227179E-01
478	-9.486450E-01
479	-9.686594E-01
480	-9.829472E-01
481	-9.916941E-01
482	-9.950543E-01
483	-9.931356E-01
485	-1.107348E-01
486	-1.937776E-01
487	-2.755839E-01
488	-3.555645E-01
489	-4.330929E-01
490	-5.075156E-01
491	-5.781807E-01
492	-6.444731E-01
493	-7.058410E-01
494	-7.618130E-01
495	-8.120073E-01
496	-8.561438E-01
497	-8.940603E-01
498	-9.257282E-01
499	-9.512536E-01
500	-9.708445E-01
501	-9.847516E-01
502	-9.932059E-01
503	-9.963822E-01
504	-9.943922E-01
506	-1.112415E-01
507	-1.947815E-01
508	-2.771653E-01
509	-3.578226E-01
510	-4.361088E-01
511	-5.113124E-01
512	-5.827084E-01
513	-6.496248E-01
514	-7.114764E-01
515	-7.677696E-01
516	-8.180983E-01
517	-8.621524E-01
518	-8.997394E-01
519	-9.308344E-01
520	-9.556134E-01
521	-9.744195E-01
522	-9.876416E-01
523	-9.955917E-01
524	-9.984635E-01
525	-9.963578E-01
527	-1.118874E-01
528	-1.960689E-01
529	-2.792196E-01
530	-3.608421E-01
531	-4.402763E-01
532	-5.166826E-01
533	-5.891789E-01
534	-6.570016E-01
535	-7.195568E-01
536	-7.763321E-01
537	-8.268896E-01
538	-8.708717E-01
539	-9.080192E-01
540	-9.382189E-01
541	-9.617453E-01
542	-9.792391E-01
543	-9.913941E-01
544	-9.986394E-01
545	-1.001103E+00
546	-9.988455E-01
548	-1.126090E-01
549	-1.975127E-01
550	-2.815442E-01
551	-3.643309E-01
552	-4.455020E-01
553	-5.237933E-01
554	-5.977551E-01
555	-6.667698E-01
556	-7.302636E-01
557	-7.877105E-01
558	-8.386361E-01
559	-8.826225E-01
560	-9.193112E-01
561	-9.484077E-01
562	-9.696860E-01
563	-9.848382E-01
564	-9.956387E-01
565	-1.002048E+00
566	-1.004041E+00
567	-1.001611E+00
569	-1.133315E-01
570	-1.989586E-01
571	-2.838732E-01
572	-3.678285E-01
573	-4.507481E-01
574	-5.309389E-01
575	-6.063757E-01
576	-6.765895E-01
577	-7.410272E-01
578	-7.991488E-01
579	-8.504436E-01
580	-8.944327E-01
581	-9.306579E-01
582	-9.586420E-01
583	-9.776540E-01
584	-9.904488E-01
585	-9.998892E-01
586	-1.005460E+00
587	-1.006982E+00
588	-1.004379E+00
590	-1.139798E-01
591	-2.002516E-01
592	-2.859389E-01
593	-3.708706E-01
594	-4.549614E-01
595	-5.363826E-01
596	-6.129402E-01
597	-6.840757E-01
598	-7.492280E-01
599	-8.078383E-01
600	-8.593638E-01
601	-9.032769E-01
602	-9.390516E-01
603	-9.661200E-01
604	-9.838454E-01
605	-9.952978E-01
606	-1.003657E+00
607	-1.008516E+00
608	-1.009626E+00
609	-1.006870E+00
611	-1.144895E-01
612	-2.012623E-01
613	-2.875339E-01
614	-3.731549E-01
615	-4.580266E-01
616	-5.402559E-01
617	-6.175655E-01
618	-6.893413E-01
619	-7.549888E-01
620	-8.139271E-01
621	-8.655884E-01
622	-9.094143E-01
623	-9.448474E-01
624	-9.713216E-01
625	-9.882686E-01
626	-9.989067E-01
627	-1.006565E+00
628	-1.010911E+00
629	-1.011714E+00
630	-1.008841E+00
632	-1.148136E-01
633	-2.019016E-01
634	-2.885315E-01
635	-3.745618E-01
636	-4.598852E-01
637	-5.425773E-01
638	-6.203202E-01
639	-6.924687E-01
640	-7.584052E-01
641	-8.175316E-01
642	-8.692637E-01
643	-9.130280E-01
644	-9.482586E-01
645	-9.744003E-01
646	-9.909234E-01
647	-1.001118E+00
648	-1.008383E+00
649	-1.012431E+00
650	-1.013046E+00
651	-1.010101E+00
653	-1.149247E-01
654	-2.021199E-01
655	-2.888702E-01
656	-3.750362E-01
657	-4.605077E-01
658	-5.433508E-01
659	-6.212353E-01
660	-6.935059E-01
661	-7.595372E-01
662	-8.187246E-01
663	-8.704787E-01
664	-9.142214E-01
665	-9.493854E-01
666	-9.754202E-01
667	-9.918085E-01
668	-1.001861E+00
669	-1.009000E+00
670	-1.012951E+00
671	-1.013504E+00
672	-1.010535E+00
674	-1.148139E-01
675	-2.019018E-01
676	-2.885316E-01
677	-3.745617E-01
678	-4.598851E-01
679	-5.425771E-01
680	-6.203199E-01
681	-6.924683E-01
682	-7.584048E-01
683	-8.175310E-01
684	-8.692631E-01
685	-9.130274E-01
686	-9.482580E-01
687	-9.743997E-01
688	-9.909229E-01
689	-1.001117E+00
690	-1.008383E+00
691	-1.012431E+00
692	-1.013046E+00
693	-1.010101E+00
695	-1.144899E-01
696	-2.012627E-01
697	-2.875340E-01
698	-3.731548E-01
699	-4.580263E-01
700	-5.402554E-01
701	-6.175649E-01
702	-6.893405E-01
703	-7.549879E-01
704	-8.139262E-01
705	-8.655874E-01
706	-9.094132E-01
707	-9.448462E-01
708	-9.713205E-01
709	-9.882675E-01
710	-9.989056E-01
711	-1.006564E+00
712	-1.010911E+00
713	-1.011713E+00
714	-1.008840E+00
716	-1.139804E-01
717	-2.002520E-01
718	-2.859390E-01
719	-3.708704E-01
720	-4.549610E-01
721	-5.363820E-01
722	-6.129393E-01
723	-6.840746E-01
724	-7.492267E-01
725	-8.078370E-01
726	-8.593624E-01
727	-9.032755E-01
728	-9.390500E-01
729	-9.661183E-01
730	-9.838439E-01
731	-9.952963E-01
732	-1.003655E+00
733	-1.008515E+00
734	-1.009625E+00
735	-1.006869E+00
737	-1.133321E-01
738	-1.989589E-01
739	-2.838732E-01
740	-3.678282E-01
741	-4.507475E-01
742	-5.309380E-01
743	-6.063745E-01
744	-6.765881E-01
745	-7.410256E-01
746	-7.991471E-01
747	-8.504420E-01
748	-8.944310E-01
749	-9.306560E-01
750	-9.586400E-01
751	-9.776522E-01
752	-9.904470E-01
753	-9.998874E-01
754	-1.005458E+00
755	-1.006980E+00
756	-1.004377E+00
758	-1.126095E-01
759	-1.975129E-01
760	-2.815440E-01
761	-3.643303E-01
762	-4.455011E-01
763	-5.237922E-01
764	-5.977537E-01
765	-6.667681E-01
766	-7.302618E-01
767	-7.877085E-01
768	-8.386342E-01
769	-8.826204E-01
770	-9.193090E-01
771	-9.484055E-01
772	-9.696840E-01
773	-9.848361E-01
774	-9.956367E-01
775	-1.002046E+00
776	-1.004040E+00
777	-1.001610E+00
779	-1.118879E-01
780	-1.960689E-01
781	-2.792192E-01
782	-3.608413E-01
783	-4.402752E-01
784	-5.166812E-01
785	-5.891773E-01
786	-6.569997E-01
787	-7.195547E-01
788	-7.763299E-01
789	-8.268874E-01
790	-8.708694E-01
791	-9.080168E-01
792	-9.382166E-01
793	-9.617430E-01
794	-9.792369E-01
795	-9.913919E-01
796	-9.986372E-01
797	-1.001101E+00
798	-9.988436E-01
800	-1.112418E-01
801	-1.947813E-01
802	-2.771647E-01
803	-3.578215E-01
804	-4.361075E-01
805	-5.113108E-01
806	-5.827066E-01
807	-6.496227E-01
808	-7.114740E-01
809	-7.677672E-01
810	-8.180959E-01
811	-8.621499E-01
812	-8.997368E-01
813	-9.308319E-01
814	-9.556111E-01
815	-9.744171E-01
816	-9.876393E-01
817	-9.955893E-01
818	-9.984612E-01
819	-9.963557E-01
821	-1.107348E-01
822	-1.937772E-01
823	-2.755831E-01
824	-3.555634E-01
825	-4.330914E-01
826	-5.075138E-01
827	-5.781787E-01
828	-6.444708E-01
829	-7.058385E-01
830	-7.618104E-01
831	-8.120047E-01
832	-8.561411E-01
833	-8.940575E-01
834	-9.257256E-01
835	-9.512511E-01
836	-9.708422E-01
837	-9.847492E-01
838	-9.932034E-01
839	-9.963798E-01
840	-9.943899E-01
842	-1.104129E-01
843	-1.931434E-01
844	-2.745962E-01
845	-3.541766E-01
846	-4.312691E-01
847	-5.052475E-01
848	-5.754944E-01
849	-6.414255E-01
850	-7.025124E-01
851	-7.583011E-01
852	-8.084253E-01
853	-8.526197E-01
854	-8.907296E-01
855	-9.227152E-01
856	-9.486424E-01
857	-9.686570E-01
858	-9.829449E-01
859	-9.916917E-01
860	-9.950519E-01
861	-9.931331E-01
863	-1.103028E-01
864	-1.929272E-01
865	-2.742616E-01
866	-3.537097E-01
867	-4.306599E-01
868	-5.044938E-01
869	-5.746046E-01
870	-6.404178E-01
871	-7.014130E-01
872	-7.571422E-01
873	-8.072446E-01
874	-8.514592E-01
875	-8.896324E-01
876	-9.217196E-01
877	-9.477740E-01
878	-9.679227E-01
879	-9.823327E-01
880	-9.911749E-01
881	-9.945960E-01
882	-9.927012E-01
883	8.083965E-02
884	1.637943E-01
885	2.457553E-01
886	3.261425E-01
887	4.043563E-01
888	4.797810E-01
889	5.517951E-01
890	6.197913E-01
891	6.832000E-01
892	7.415121E-01
893	7.942984E-01
894	8.412244E-01
895	8.820646E-01
896	9.167096E-01
897	9.451697E-01
898	9.675649E-01
899	9.841029E-01
900	9.950492E-01
901	1.000696E+00
902	1.001345E+00
903	9.980267E-01
904	8.087390E-02
905	1.639273E-01
906	2.459966E-01
907	3.265061E-01
908	4.048572E-01
909	4.804296E-01
910	5.525924E-01
911	6.207274E-01
912	6.842540E-01
913	7.426545E-01
914	7.954933E-01
915	8.424306E-01
916	8.832359E-01
917	9.177984E-01
918	9.461320E-01
919	9.683684E-01
920	9.847318E-01
921	9.955041E-01
922	1.000988E+00
923	1.001487E+00
924	9.980267E-01
925	8.097350E-02
926	1.643158E-01
927	2.467040E-01
928	3.275785E-01
929	4.063454E-01
930	4.823704E-01
931	5.549920E-01
932	6.235536E-01
933	6.874412E-01
934	7.461127E-01
935	7.991143E-01
936	8.460904E-01
937	8.867945E-01
938	9.211066E-01
939	9.490496E-01
940	9.707912E-01
941	9.866130E-01
942	9.968528E-01
943	1.001847E+00
944	1.001902E+00
945	9.980267E-01
946	8.112930E-02
947	1.649272E-01
948	2.478242E-01
949	3.292974E-01
950	4.087703E-01
951	4.855859E-01
952	5.590174E-01
953	6.283272E-01
954	6.928401E-01
955	7.519791E-01
956	8.052688E-01
957	8.523285E-01
958	8.928801E-01
959	9.267708E-01
960	9.540230E-01
961	9.748692E-01
962	9.897182E-01
963	9.990345E-01
964	1.003216E+00
965	1.002559E+00
966	9.980267E-01
967	8.132651E-02
968	1.657060E-01
969	2.492602E-01
970	3.315305E-01
971	4.120161E-01
972	4.900378E-01
973	5.647241E-01
974	6.351641E-01
975	7.005852E-01
976	7.604053E-01
977	8.141314E-01
978	8.613512E-01
979	9.017374E-01
980	9.350663E-01
981	9.612659E-01
982	9.806616E-01
983	9.939532E-01
984	1.001896E+00
985	1.004981E+00
986	1.003401E+00
987	9.980267E-01
988	8.154581E-02
989	1.665753E-01
990	2.508702E-01
991	3.340577E-01
992	4.157688E-01
993	4.956371E-01
994	5.723095E-01
995	6.442528E-01
996	7.108655E-01
997	7.715934E-01
998	8.259333E-01
999	8.734369E-01
1000	9.137143E-01
1001	9.464382E-01
1002	9.713476E-01
1003	9.882514E-01
1004	9.989097E-01
1005	1.005155E+00
1006	1.006968E+00
1007	1.004343E+00
1008	9.980267E-01
1009	8.176529E-02
1010	1.674456E-01
1011	2.524825E-01
1012	3.365896E-01
1013	4.195309E-01
1014	5.012581E-01
1015	5.799319E-01
1016	6.533883E-01
1017	7.211996E-01
1018	7.828406E-01
1019	8.377972E-01
1020	8.855851E-01
1021	9.257515E-01
1022	9.578652E-01
1023	9.814744E-01
1024	9.958677E-01
1025	1.003877E+00
1026	1.008419E+00
1027	1.008957E+00
1028	1.005286E+00
1029	9.980267E-01
1030	8.196288E-02
1031	1.682269E-01
1032	2.539243E-01
1033	3.388346E-01
1034	4.228005E-01
1035	5.057583E-01
1036	5.857160E-01
1037	6.603240E-01
1038	7.290592E-01
1039	7.913920E-01
1040	8.467911E-01
1041	8.947399E-01
1042	9.347357E-01
1043	9.662751E-01
1044	9.888100E-01
1045	1.001719E+00
1046	1.008141E+00
1047	1.011295E+00
1048	1.010729E+00
1049	1.006130E+00
1050	9.980267E-01
1051	8.211918E-02
1052	1.688415E-01
1053	2.550518E-01
1054	3.405678E-01
1055	4.252531E-01
1056	5.090261E-01
1057	5.898221E-01
1058	6.652002E-01
1059	7.345772E-01
1060	7.973888E-01
1061	8.530821E-01
1062	9.011148E-01
1063	9.409520E-01
1064	9.720566E-01
1065	9.938783E-01
1066	1.005859E+00
1067	1.011280E+00
1068	1.013494E+00
1069	1.012106E+00
1070	1.006791E+00
1071	9.980267E-01
1072	8.221923E-02
1073	1.692326E-01
1074	2.557649E-01
1075	3.416517E-01
1076	4.267627E-01
1077	5.110055E-01
1078	5.922800E-01
1079	6.681006E-01
1080	7.378506E-01
1081	8.009412E-01
1082	8.568016E-01
1083	9.048731E-01
1084	9.446046E-01
1085	9.754488E-01
1086	9.968639E-01
1087	1.008328E+00
1088	1.013186E+00
1089	1.014857E+00
1090	1.012972E+00
1091	1.007210E+00
1092	9.980267E-01
1093	8.225373E-02
1094	1.693668E-01
1095	2.560085E-01
1096	3.420198E-01
1097	4.272716E-01
1098	5.116682E-01
1099	5.930987E-01
1100	6.690636E-01
1101	7.389358E-01
1102	8.021177E-01
1103	8.580323E-01
1104	9.061149E-01
1105	9.458097E-01
1106	9.765676E-01
1107	9.978507E-01
1108	1.009148E+00
1109	1.013825E+00
1110	1.015317E+00
1111	1.013266E+00
1112	1.007352E+00
1113	9.980267E-01
1114	8.221959E-02
1115	1.692329E-01
1116	2.557652E-01
1117	3.416520E-01
1118	4.267630E-01
1119	5.110059E-01
1120	5.922805E-01
1121	6.681012E-01
1122	7.378512E-01
1123	8.009418E-01
1124	8.568022E-01
1125	9.048735E-01
1126	9.446049E-01
1127	9.754489E-01
1128	9.968640E-01
1129	1.008328E+00
1130	1.013187E+00
1131	1.014857E+00
1132	1.012972E+00
1133	1.007210E+00
1134	9.980267E-01
1135	8.211995E-02
1136	1.688422E-01
1137	2.550524E-01
1138	3.405685E-01
1139	4.252538E-01
1140	5.090269E-01
1141	5.898231E-01
1142	6.652013E-01
1143	7.345784E-01
1144	7.973900E-01
1145	8.530831E-01
1146	9.011155E-01
1147	9.409525E-01
1148	9.720569E-01
1149	9.938786E-01
1150	1.005859E+00
1151	1.011280E+00
1152	1.013495E+00
1153	1.012106E+00
1154	1.006791E+00
1155	9.980267E-01
1156	8.196398E-02
1157	1.682280E-01
1158	2.539254E-01
1159	3.388356E-01
1160	4.228015E-01
1161	5.057595E-01
1162	5.857174E-01
1163	6.603256E-01
1164	7.290610E-01
1165	7.913937E-01
1166	8.467927E-01
1167	8.947410E-01
1168	9.347364E-01
1169	9.662757E-01
1170	9.888106E-01
1171	1.001719E+00
1172	1.008142E+00
1173	1.011296E+00
1174	1.010729E+00
1175	1.006131E+00
1176	9.980267E-01
1177	8.176673E-02
1178	1.674471E-01
1179	2.524838E-01
1180	3.365909E-01
1181	4.195322E-01
1182	5.012597E-01
1183	5.799336E-01
1184	6.533902E-01
1185	7.212017E-01
1186	7.828425E-01
1187	8.377990E-01
1188	8.855865E-01
1189	9.257526E-01
1190	9.578660E-01
1191	9.814751E-01
1192	9.958684E-01
1193	1.003878E+00
1194	1.008420E+00
1195	1.008957E+00
1196	1.005286E+00
1197	9.980267E-01
1198	8.154756E-02
1199	1.665771E-01
1200	2.508719E-01
1201	3.340594E-01
1202	4.157705E-01
1203	4.956390E-01
1204	5.723115E-01
1205	6.442550E-01
1206	7.108678E-01
1207	7.715956E-01
1208	8.259353E-01
1209	8.734385E-01
1210	9.137156E-01
1211	9.464393E-01
1212	9.713485E-01
1213	9.882522E-01
1214	9.989104E-01
1215	1.005155E+00
1216	1.006968E+00
1217	1.004343E+00
1218	9.980267E-01
1219	8.132859E-02
1220	1.657081E-01
1221	2.492623E-01
1222	3.315326E-01
1223	4.120181E-01
1224	4.900400E-01
1225	5.647263E-01
1226	6.351664E-01
1227	7.005877E-01
1228	7.604075E-01
1229	8.141334E-01
1230	8.613529E-01
1231	9.017387E-01
1232	9.350675E-01
1233	9.612670E-01
1234	9.806626E-01
1235	9.939540E-01
1236	1.001897E+00
1237	1.004981E+00
1238	1.003401E+00
1239	9.980267E-01
1240	8.113160E-02
1241	1.649297E-01
1242	2.478266E-01
1243	3.292998E-01
1244	4.087726E-01
1245	4.855884E-01
1246	5.590199E-01
1247	6.283298E-01
1248	6.928427E-01
1249	7.519815E-01
1250	8.052710E-01
1251	8.523304E-01
1252	8.928817E-01
1253	9.267723E-01
1254	9.540244E-01
1255	9.748704E-01
1256	9.897191E-01
1257	9.990349E-01
1258	1.003216E+00
1259	1.002559E+00
1260	9.980267E-01
1261	8.097599E-02
1262	1.643184E-01
1263	2.467067E-01
1264	3.275812E-01
1265	4.063480E-01
1266	4.823729E-01
1267	5.549946E-01
1268	6.235563E-01
1269	6.874438E-01
1270	7.461151E-01
1271	7.991165E-01
1272	8.460923E-01
1273	8.867962E-01
1274	9.211081E-01
1275	9.490511E-01
1276	9.707924E-01
1277	9.866138E-01
1278	9.968533E-01
1279	1.001847E+00
1280	1.001902E+00
1281	9.980267E-01
1282	8.087646E-02
1283	1.639301E-01
1284	2.459995E-01
1285	3.265089E-01
1286	4.048600E-01
1287	4.804323E-01
1288	5.525952E-01
1289	6.207301E-01
1290	6.842566E-01
1291	7.426571E-01
1292	7.954955E-01
1293	8.424326E-01
1294	8.832377E-01
1295	9.178001E-01
1296	9.461337E-01
1297	9.683697E-01
1298	9.847328E-01
1299	9.955046E-01
1300	1.000989E+00
1301	1.001487E+00
1302	9.980267E-01
1303	8.084230E-02
1304	1.637971E-01
1305	2.457582E-01
1306	3.261453E-01
1307	4.043592E-01
1308	4.797838E-01
1309	5.517978E-01
1310	6.197940E-01
1311	6.832027E-01
1312	7.415146E-01
1313	7.943004E-01
1314	8.412264E-01
1315	8.820663E-01
1316	9.167113E-01
1317	9.451713E-01
1318	9.675662E-01
1319	9.841038E-01
1320	9.950496E-01
1321	1.000697E+00
1322	1.001345E+00
1323	9.980267E-01
1325	-2.541268E-03
1326	-8.578560E-02
1327	-1.683239E-01
1328	-2.495747E-01
1329	-3.289430E-01
1330	-4.058270E-01
1331	-4.796322E-01
1332	-5.497881E-01
1333	-6.157681E-01
1334	-6.771063E-01
1335	-7.334125E-01
1336	-7.843856E-01
1337	-8.298230E-01
1338	-8.696234E-01
1339	-9.037776E-01
1340	-9.323475E-01
1341	-9.554331E-01
1342	-9.731394E-01
1343	-9.855488E-01
1346	-2.602938E-03
1347	-8.594672E-02
1348	-1.685934E-01
1349	-2.499635E-01
1350	-3.294599E-01
1351	-4.064748E-01
1352	-4.804054E-01
1353	-5.506727E-01
1354	-6.167426E-01
1355	-6.781427E-01
1356	-7.344771E-01
1357	-7.854400E-01
1358	-8.308267E-01
1359	-8.705400E-01
1360	-9.045824E-01
1361	-9.330331E-01
1362	-9.560106E-01
1363	-9.736342E-01
1364	-9.859940E-01
1367	-2.783456E-03
1368	-8.641961E-02
1369	-1.693882E-01
1370	-2.511176E-01
1371	-3.310046E-01
1372	-4.084211E-01
1373	-4.827364E-01
1374	-5.533447E-01
1375	-6.196898E-01
1376	-6.812811E-01
1377	-7.377057E-01
1378	-7.886409E-01
1379	-8.338728E-01
1380	-8.733130E-01
1381	-9.070007E-01
1382	-9.350740E-01
1383	-9.577130E-01
1384	-9.750814E-01
1385	-9.872908E-01
1388	-3.068839E-03
1389	-8.716963E-02
1390	-1.706620E-01
1391	-2.529951E-01
1392	-3.335566E-01
1393	-4.116751E-01
1394	-4.866610E-01
1395	-5.578593E-01
1396	-6.246804E-01
1397	-6.866085E-01
1398	-7.432027E-01
1399	-7.941076E-01
1400	-8.390768E-01
1401	-8.780217E-01
1402	-9.110457E-01
1403	-9.384141E-01
1404	-9.604396E-01
1405	-9.773651E-01
1406	-9.893230E-01
1409	-3.433977E-03
1410	-8.813274E-02
1411	-1.723169E-01
1412	-2.555015E-01
1413	-3.370714E-01
1414	-4.162598E-01
1415	-4.922517E-01
1416	-5.643111E-01
1417	-6.318299E-01
1418	-6.942663E-01
1419	-7.511423E-01
1420	-8.020513E-01
1421	-8.466781E-01
1422	-8.848445E-01
1423	-9.167429E-01
1424	-9.429198E-01
1425	-9.639799E-01
1426	-9.802818E-01
1427	-9.919000E-01
1430	-3.842802E-03
1431	-8.921369E-02
1432	-1.741896E-01
1433	-2.583941E-01
1434	-3.414512E-01
1435	-4.222855E-01
1436	-4.996272E-01
1437	-5.728320E-01
1438	-6.412926E-01
1439	-7.044425E-01
1440	-7.617605E-01
1441	-8.127758E-01
1442	-8.570717E-01
1443	-8.942908E-01
1444	-9.241393E-01
1445	-9.481563E-01
1446	-9.679844E-01
1447	-9.835437E-01
1448	-9.947687E-01
1451	-4.252324E-03
1452	-9.029640E-02
1453	-1.760661E-01
1454	-2.612944E-01
1455	-3.458484E-01
1456	-4.283414E-01
1457	-5.070413E-01
1458	-5.813981E-01
1459	-6.508056E-01
1460	-7.146722E-01
1461	-7.724338E-01
1462	-8.235543E-01
1463	-8.675155E-01
1464	-9.037790E-01
1465	-9.315607E-01
1466	-9.534034E-01
1467	-9.719943E-01
1468	-9.868086E-01
1469	-9.976392E-01
1472	-4.619107E-03
1473	-9.126402E-02
1474	-1.777306E-01
1475	-2.638202E-01
1476	-3.494027E-01
1477	-4.329898E-01
1478	-5.127139E-01
1479	-5.879461E-01
1480	-6.580620E-01
1481	-7.224437E-01
1482	-7.804896E-01
1483	-8.316115E-01
1484	-8.752209E-01
1485	-9.106877E-01
1486	-9.373126E-01
1487	-9.579362E-01
1488	-9.755485E-01
1489	-9.897329E-01
1490	-1.000221E+00
1493	-4.906530E-03
1494	-9.201968E-02
1495	-1.790160E-01
1496	-2.657203E-01
1497	-3.519974E-01
1498	-4.363101E-01
1499	-5.167239E-01
1500	-5.925611E-01
1501	-6.631639E-01
1502	-7.278894E-01
1503	-7.861070E-01
1504	-8.371951E-01
1505	-8.805315E-01
1506	-9.154841E-01
1507	-9.414159E-01
1508	-9.613076E-01
1509	-9.782919E-01
1510	-9.920259E-01
1511	-1.002259E+00
1514	-5.088637E-03
1515	-9.249704E-02
1516	-1.798200E-01
1517	-2.668919E-01
1518	-3.535737E-01
1519	-4.383044E-01
1520	-5.191166E-01
1521	-5.953055E-01
1522	-6.661915E-01
1523	-7.311130E-01
1524	-7.894221E-01
1525	-8.404798E-01
1526	-8.836537E-01
1527	-9.183198E-01
1528	-9.438769E-01
1529	-9.633726E-01
1530	-9.800076E-01
1531	-9.934807E-01
1532	-1.003561E+00
1535	-5.150729E-03
1536	-9.265971E-02
1537	-1.800928E-01
1538	-2.672870E-01
1539	-3.541021E-01
1540	-4.389696E-01
1541	-5.199121E-01
1542	-5.962163E-01
1543	-6.671949E-01
1544	-7.321802E-01
1545	-7.905179E-01
1546	-8.415643E-01
1547	-8.846848E-01
1548	-9.192590E-01
1549	-9.446972E-01
1550	-9.640671E-01
1551	-9.805902E-01
1552	-9.939783E-01
1553	-1.004008E+00
1556	-5.088261E-03
1557	-9.249670E-02
1558	-1.798197E-01
1559	-2.668917E-01
1560	-3.535736E-01
1561	-4.383043E-01
1562	-5.191165E-01
1563	-5.953053E-01
1564	-6.661913E-01
1565	-7.311128E-01
1566	-7.894219E-01
1567	-8.404796E-01
1568	-8.836536E-01
1569	-9.183198E-01
1570	-9.438770E-01
1571	-9.633727E-01
1572	-9.800076E-01
1573	-9.934807E-01
1574	-1.003561E+00
1577	-4.905801E-03
1578	-9.201908E-02
1579	-1.790156E-01
1580	-2.657200E-01
1581	-3.519972E-01
1582	-4.363099E-01
1583	-5.167237E-01
1584	-5.925608E-01
1585	-6.631636E-01
1586	-7.278890E-01
1587	-7.861066E-01
1588	-8.371947E-01
1589	-8.805313E-01
1590	-9.154841E-01
1591	-9.414161E-01
1592	-9.613078E-01
1593	-9.782920E-01
1594	-9.920258E-01
1595	-1.002259E+00
1598	-4.618079E-03
1599	-9.126320E-02
1600	-1.777299E-01
1601	-2.638196E-01
1602	-3.494023E-01
1603	-4.329894E-01
1604	-5.127137E-01
1605	-5.879458E-01
1606	-6.580616E-01
1607	-7.224433E-01
1608	-7.804891E-01
1609	-8.316110E-01
1610	-8.752207E-01
1611	-9.106877E-01
1612	-9.373127E-01
1613	-9.579362E-01
1614	-9.755484E-01
1615	-9.897326E-01
1616	-1.000221E+00
1619	-4.250975E-03
1620	-9.029523E-02
1621	-1.760651E-01
1622	-2.612936E-01
1623	-3.458479E-01
1624	-4.283411E-01
1625	-5.070410E-01
1626	-5.813979E-01
1627	-6.508053E-01
1628	-7.146718E-01
1629	-7.724334E-01
1630	-8.235539E-01
1631	-8.675153E-01
1632	-9.037790E-01
1633	-9.315607E-01
1634	-9.534032E-01
1635	-9.719939E-01
1636	-9.868080E-01
1637	-9.976384E-01
1640	-3.841174E-03
1641	-8.921226E-02
1642	-1.741885E-01
1643	-2.583932E-01
1644	-3.414505E-01
1645	-4.222851E-01
1646	-4.996268E-01
1647	-5.728316E-01
1648	-6.412923E-01
1649	-7.044421E-01
1650	-7.617601E-01
1651	-8.127754E-01
1652	-8.570716E-01
1653	-8.942907E-01
1654	-9.241390E-01
1655	-9.481558E-01
1656	-9.679837E-01
1657	-9.835428E-01
1658	-9.947675E-01
1661	-3.432028E-03
1662	-8.813104E-02
1663	-1.723154E-01
1664	-2.555004E-01
1665	-3.370706E-01
1666	-4.162591E-01
1667	-4.922511E-01
1668	-5.643106E-01
1669	-6.318296E-01
1670	-6.942660E-01
1671	-7.511420E-01
1672	-8.020511E-01
1673	-8.466779E-01
1674	-8.848443E-01
1675	-9.167424E-01
1676	-9.429190E-01
1677	-9.639789E-01
1678	-9.802805E-01
1679	-9.918985E-01
1682	-3.066737E-03
1683	-8.716778E-02
1684	-1.706604E-01
1685	-2.529938E-01
1686	-3.335555E-01
1687	-4.116742E-01
1688	-4.866602E-01
1689	-5.578587E-01
1690	-6.246799E-01
1691	-6.866082E-01
1692	-7.432024E-01
1693	-7.941074E-01
1694	-8.390765E-01
1695	-8.780213E-01
1696	-9.110450E-01
1697	-9.384130E-01
1698	-9.604382E-01
1699	-9.773635E-01
1700	-9.893211E-01
1703	-2.781151E-03
1704	-8.641749E-02
1705	-1.693862E-01
1706	-2.511159E-01
1707	-3.310032E-01
1708	-4.084200E-01
1709	-4.827354E-01
1710	-5.533439E-01
1711	-6.196893E-01
1712	-6.812808E-01
1713	-7.377055E-01
1714	-7.886407E-01
1715	-8.338724E-01
1716	-8.733124E-01
1717	-9.069998E-01
1718	-9.350727E-01
1719	-9.577114E-01
1720	-9.750795E-01
1721	-9.872886E-01
1724	-2.600676E-03
1725	-8.594453E-02
1726	-1.685914E-01
1727	-2.499616E-01
1728	-3.294583E-01
1729	-4.064736E-01
1730	-4.804043E-01
1731	-5.506718E-01
1732	-6.167419E-01
1733	-6.781422E-01
1734	-7.344769E-01
1735	-7.854398E-01
1736	-8.308264E-01
1737	-8.705393E-01
1738	-9.045814E-01
1739	-9.330317E-01
1740	-9.560088E-01
1741	-9.736320E-01
1742	-9.859916E-01
1745	-2.538937E-03
1746	-8.578327E-02
1747	-1.683218E-01
1748	-2.495728E-01
1749	-3.289413E-01
1750	-4.058257E-01
1751	-4.796310E-01
1752	-5.497871E-01
1753	-6.157674E-01
1754	-6.771058E-01
1755	-7.334122E-01
1756	-7.843854E-01
1757	-8.298227E-01
1758	-8.696227E-01
1759	-9.037766E-01
1760	-9.323460E-01
1761	-9.554312E-01
1762	-9.731371E-01
1763	-9.855463E-01
1765	-2.696519E-02
1766	5.651354E-02
1767	1.395683E-01
1768	2.216240E-01
1769	3.020909E-01
1770	3.803647E-01
1771	4.558345E-01
1772	5.278983E-01
1773	5.959829E-01
1774	6.595640E-01
1775	7.181840E-01
1776	7.714667E-01
1777	8.191305E-01
1778	8.609972E-01
1779	8.969936E-01
1780	9.271419E-01
1781	9.515367E-01
1782	9.703119E-01
1783	9.836055E-01
1784	9.915321E-01
1785	9.941657E-01
1786	-2.697694E-02
1787	5.659920E-02
1788	1.397570E-01
1789	2.219264E-01
1790	3.025193E-01
1791	3.809286E-01
1792	4.565362E-01
1793	5.287310E-01
1794	5.969304E-01
1795	6.606025E-01
1796	7.192832E-01
1797	7.725910E-01
1798	8.202396E-01
1799	8.620492E-01
1800	8.979511E-01
1801	9.279797E-01
1802	9.522477E-01
1803	9.709076E-01
1804	9.841120E-01
1805	9.919833E-01
1806	9.945983E-01
1807	-2.701111E-02
1808	5.684968E-02
1809	1.403104E-01
1810	2.228180E-01
1811	3.037913E-01
1812	3.826143E-01
1813	4.586454E-01
1814	5.312422E-01
1815	5.997932E-01
1816	6.637437E-01
1817	7.226118E-01
1818	7.759998E-01
1819	8.236056E-01
1820	8.652408E-01
1821	9.008470E-01
1822	9.304969E-01
1823	9.543639E-01
1824	9.726636E-01
1825	9.855937E-01
1826	9.932977E-01
1827	9.958569E-01
1828	-2.706460E-02
1829	5.724476E-02
1830	1.411876E-01
1831	2.242470E-01
1832	3.058617E-01
1833	3.854021E-01
1834	4.621758E-01
1835	5.354744E-01
1836	6.046334E-01
1837	6.690643E-01
1838	7.282621E-01
1839	7.818022E-01
1840	8.293515E-01
1841	8.706903E-01
1842	9.057616E-01
1843	9.347055E-01
1844	9.578264E-01
1845	9.754761E-01
1846	9.879320E-01
1847	9.953576E-01
1848	9.978256E-01
1849	-2.713230E-02
1850	5.774907E-02
1851	1.423131E-01
1852	2.261033E-01
1853	3.086280E-01
1854	3.892485E-01
1855	4.671603E-01
1856	5.415137E-01
1857	6.115577E-01
1858	6.766904E-01
1859	7.363840E-01
1860	7.901798E-01
1861	8.376952E-01
1862	8.786424E-01
1863	9.128757E-01
1864	9.406287E-01
1865	9.624961E-01
1866	9.791279E-01
1867	9.909186E-01
1868	9.979697E-01
1869	1.000317E+00
1870	-2.720753E-02
1871	5.831296E-02
1872	1.435758E-01
1873	2.282040E-01
1874	3.118226E-01
1875	3.940577E-01
1876	4.737378E-01
1877	5.495010E-01
1878	6.207154E-01
1879	6.867898E-01
1880	7.471769E-01
1881	8.013784E-01
1882	8.489492E-01
1883	8.895011E-01
1884	9.227077E-01
1885	9.483086E-01
1886	9.679219E-01
1887	9.832586E-01
1888	9.942590E-01
1889	1.000878E+00
1890	1.003087E+00
1891	-2.728280E-02
1892	5.887761E-02
1893	1.448403E-01
1894	2.303086E-01
1895	3.150253E-01
1896	3.988858E-01
1897	4.803478E-01
1898	5.575298E-01
1899	6.299216E-01
1900	6.969427E-01
1901	7.580266E-01
1902	8.126352E-01
1903	8.602600E-01
1904	9.004123E-01
1905	9.325834E-01
1906	9.560147E-01
1907	9.733588E-01
1908	9.873949E-01
1909	9.976024E-01
1910	1.003787E+00
1911	1.005858E+00
1912	-2.735064E-02
1913	5.938388E-02
1914	1.459708E-01
1915	2.321753E-01
1916	3.178125E-01
1917	4.027747E-01
1918	4.854007E-01
1919	5.636569E-01
1920	6.369487E-01
1921	7.046824E-01
1922	7.662690E-01
1923	8.211354E-01
1924	8.687230E-01
1925	9.084736E-01
1926	9.397873E-01
1927	9.619952E-01
1928	9.780567E-01
1929	9.910612E-01
1930	1.000597E+00
1931	1.006404E+00
1932	1.008354E+00
1933	-2.740445E-02
1934	5.978127E-02
1935	1.468540E-01
1936	2.336167E-01
1937	3.199071E-01
1938	4.056082E-01
1939	4.890022E-01
1940	5.679805E-01
1941	6.418959E-01
1942	7.101215E-01
1943	7.720445E-01
1944	8.270650E-01
1945	8.745921E-01
1946	9.140350E-01
1947	9.447937E-01
1948	9.662647E-01
1949	9.815520E-01
1950	9.938912E-01
1951	1.002945E+00
1952	1.008470E+00
1953	1.010327E+00
1954	-2.743908E-02
1955	6.003345E-02
1956	1.474121E-01
1957	2.345181E-01
1958	3.211976E-01
1959	4.073276E-01
1960	4.911629E-01
1961	5.705576E-01
1962	6.448359E-01
1963	7.133481E-01
1964	7.754635E-01
1965	8.305653E-01
1966	8.780464E-01
1967	9.173065E-01
1968	9.477552E-01
1969	9.688263E-01
1970	9.836932E-01
1971	9.956608E-01
1972	1.004434E+00
1973	1.009789E+00
1974	1.011590E+00
1975	-2.745129E-02
1976	6.011946E-02
1977	1.476023E-01
1978	2.348239E-01
1979	3.216327E-01
1980	4.079036E-01
1981	4.918830E-01
1982	5.714140E-01
1983	6.458113E-01
1984	7.144174E-01
1985	7.765953E-01
1986	8.317224E-01
1987	8.791870E-01
1988	9.183870E-01
1989	9.487361E-01
1990	9.696802E-01
1991	9.844133E-01
1992	9.962616E-01
1993	1.004943E+00
1994	1.010242E+00
1995	1.012024E+00
1996	-2.743994E-02
1997	6.003263E-02
1998	1.474113E-01
1999	2.345174E-01
2000	3.211970E-01
2001	4.073271E-01
2002	4.911624E-01
2003	5.705572E-01
2004	6.448356E-01
2005	7.133478E-01
2006	7.754632E-01
2007	8.305650E-01
2008	8.780460E-01
2009	9.173061E-01
2010	9.477548E-01
2011	9.688260E-01
2012	9.836929E-01
2013	9.956606E-01
2014	1.004434E+00
2015	1.009789E+00
2016	1.011590E+00
2017	-2.740611E-02
2018	5.977969E-02
2019	1.468525E-01
2020	2.336154E-01
2021	3.199059E-01
2022	4.056071E-01
2023	4.890012E-01
2024	5.679796E-01
2025	6.418952E-01
2026	7.101208E-01
2027	7.720438E-01
2028	8.270644E-01
2029	8.745915E-01
2030	9.140343E-01
2031	9.447930E-01
2032	9.662640E-01
2033	9.815514E-01
2034	9.938907E-01
2035	1.002944E+00
2036	1.008470E+00
2037	1.010327E+00
2038	-2.735302E-02
2039	5.938164E-02
2040	1.459687E-01
2041	2.321735E-01
2042	3.178109E-01
2043	4.027731E-01
2044	4.853992E-01
2045	5.636556E-01
2046	6.369475E-01
2047	7.046813E-01
2048	7.662680E-01
2049	8.211345E-01
2050	8.687222E-01
2051	9.084728E-01
2052	9.397863E-01
2053	9.619942E-01
2054	9.780558E-01
2055	9.910605E-01
2056	1.000596E+00
2057	1.006404E+00
2058	1.008353E+00
2059	-2.728574E-02
2060	5.887483E-02
2061	1.448378E-01
2062	2.303063E-01
2063	3.150233E-01
2064	3.988839E-01
2065	4.803460E-01
2066	5.575281E-01
2067	6.299201E-01
2068	6.969413E-01
2069	7.580253E-01
2070	8.126340E-01
2071	8.602590E-01
2072	9.004112E-01
2073	9.325822E-01
2074	9.560135E-01
2075	9.733578E-01
2076	9.873940E-01
2077	9.976015E-01
2078	1.003787E+00
2079	1.005858E+00
2080	-2.721091E-02
2081	5.830975E-02
2082	1.435727E-01
2083	2.282013E-01
2084	3.118201E-01
2085	3.940555E-01
2086	4.737357E-01
2087	5.494991E-01
2088	6.207137E-01
2089	6.867882E-01
2090	7.471754E-01
2091	8.013770E-01
2092	8.489479E-01
2093	8.894998E-01
2094	9.227063E-01
2095	9.483073E-01
2096	9.679207E-01
2097	9.832575E-01
2098	9.942580E-01
2099	1.000877E+00
2100	1.003086E+00
2101	-2.713604E-02
2102	5.774552E-02
2103	1.423098E-01
2104	2.261003E-01
2105	3.086253E-01
2106	3.892461E-01
2107	4.671581E-01
2108	5.415117E-01
2109	6.115558E-01
2110	6.766886E-01
2111	7.363823E-01
2112	7.901781E-01
2113	8.376936E-01
2114	8.786409E-01
2115	9.128742E-01
2116	9.406273E-01
2117	9.624948E-01
2118	9.791267E-01
2119	9.909175E-01
2120	9.979687E-01
2121	1.000316E+00
2122	-2.706865E-02
2123	5.724094E-02
2124	1.411840E-01
2125	2.242438E-01
2126	3.058588E-01
2127	3.853995E-01
2128	4.621735E-01
2129	5.354724E-01
2130	6.046315E-01
2131	6.690625E-01
2132	7.282602E-01
2133	7.818004E-01
2134	8.293498E-01
2135	8.706886E-01
2136	9.057600E-01
2137	9.347040E-01
2138	9.578251E-01
2139	9.754748E-01
2140	9.879308E-01
2141	9.953565E-01
2142	9.978246E-01
2143	-2.701541E-02
2144	5.684564E-02
2145	1.403067E-01
2146	2.228148E-01
2147	3.037885E-01
2148	3.826118E-01
2149	4.586432E-01
2150	5.312401E-01
2151	5.997912E-01
2152	6.637418E-01
2153	7.226099E-01
2154	7.759979E-01
2155	8.236038E-01
2156	8.652390E-01
2157	9.008452E-01
2158	9.304953E-01
2159	9.543624E-01
2160	9.726622E-01
2161	9.855925E-01
2162	9.932965E-01
2163	9.958559E-01
2164	-2.698140E-02
2165	5.659500E-02
2166	1.397532E-01
2167	2.219231E-01
2168	3.025165E-01
2169	3.809261E-01
2170	4.565340E-01
2171	5.287289E-01
2172	5.969285E-01
2173	6.606006E-01
2174	7.192812E-01
2175	7.725890E-01
2176	8.202377E-01
2177	8.620474E-01
2178	8.979493E-01
2179	9.279781E-01
2180	9.522462E-01
2181	9.709062E-01
2182	9.841107E-01
2183	9.919821E-01
2184	9.945973E-01
2185	-2.696973E-02
2186	5.650930E-02
2187	1.395645E-01
2188	2.216208E-01
2189	3.020882E-01
2190	3.803623E-01
2191	4.558323E-01
2192	5.278962E-01
2193	5.959810E-01
2194	6.595621E-01
2195	7.181820E-01
2196	7.714647E-01
2197	8.191286E-01
2198	8.609954E-01
2199	8.969918E-01
2200	9.271403E-01
2201	9.515352E-01
2202	9.703105E-01
2203	9.836041E-01
2204	9.915309E-01
2205	9.941647E-01
2207	-1.103011E-01
2208	-1.929261E-01
2209	-2.742609E-01
2210	-3.537095E-01
2211	-4.306600E-01
2212	-5.044941E-01
2213	-5.746048E-01
2214	-6.404180E-01
2215	-7.014131E-01
2216	-7.571422E-01
2217	-8.072445E-01
2218	-8.514590E-01
2219	-8.896321E-01
2220	-9.217192E-01
2221	-9.477735E-01
2222	-9.679223E-01
2223	-9.823324E-01
2224	-9.911749E-01
2225	-9.945962E-01
2226	-9.927015E-01
2228	-1.104113E-01
2229	-1.931422E-01
2230	-2.745955E-01
2231	-3.541764E-01
2232	-4.312692E-01
2233	-5.052477E-01
2234	-5.754946E-01
2235	-6.414257E-01
2236	-7.025126E-01
2237	-7.583010E-01
2238	-8.084251E-01
2239	-8.526194E-01
2240	-8.907292E-01
2241	-9.227148E-01
2242	-9.486420E-01
2243	-9.686566E-01
2244	-9.829446E-01
2245	-9.916916E-01
2246	-9.950520E-01
2247	-9.931334E-01
2249	-1.107331E-01
2250	-1.937761E-01
2251	-2.755824E-01
2252	-3.555631E-01
2253	-4.330915E-01
2254	-5.075140E-01
2255	-5.781789E-01
2256	-6.444710E-01
2257	-7.058387E-01
2258	-7.618103E-01
2259	-8.120045E-01
2260	-8.561408E-01
2261	-8.940572E-01
2262	-9.257252E-01
2263	-9.512507E-01
2264	-9.708418E-01
2265	-9.847490E-01
2266	-9.932034E-01
2267	-9.963800E-01
2268	-9.943901E-01
2270	-1.112401E-01
2271	-1.947801E-01
2272	-2.771639E-01
2273	-3.578213E-01
2274	-4.361075E-01
2275	-5.113109E-01
2276	-5.827068E-01
2277	-6.496230E-01
2278	-7.114743E-01
2279	-7.677673E-01
2280	-8.180957E-01
2281	-8.621496E-01
2282	-8.997365E-01
2283	-9.308316E-01
2284	-9.556107E-01
2285	-9.744168E-01
2286	-9.876391E-01
2287	-9.955893E-01
2288	-9.984613E-01
2289	-9.963558E-01
2291	-1.118863E-01
2292	-1.960678E-01
2293	-2.792185E-01
2294	-3.608410E-01
2295	-4.402753E-01
2296	-5.166814E-01
2297	-5.891775E-01
2298	-6.570000E-01
2299	-7.195549E-01
2300	-7.763300E-01
2301	-8.268873E-01
2302	-8.708692E-01
2303	-9.080166E-01
2304	-9.382163E-01
2305	-9.617428E-01
2306	-9.792366E-01
2307	-9.913918E-01
2308	-9.986371E-01
2309	-1.001101E+00
2310	-9.988436E-01
2312	-1.126081E-01
2313	-1.975118E-01
2314	-2.815434E-01
2315	-3.643300E-01
2316	-4.455012E-01
2317	-5.237924E-01
2318	-5.977540E-01
2319	-6.667685E-01
2320	-7.302621E-01
2321	-7.877088E-01
2322	-8.386342E-01
2323	-8.826204E-01
2324	-9.193090E-01
2325	-9.484054E-01
2326	-9.696838E-01
2327	-9.848359E-01
2328	-9.956365E-01
2329	-1.002046E+00
2330	-1.004040E+00
2331	-1.001610E+00
2333	-1.133308E-01
2334	-1.989580E-01
2335	-2.838727E-01
2336	-3.678280E-01
2337	-4.507476E-01
2338	-5.309384E-01
2339	-6.063750E-01
2340	-6.765886E-01
2341	-7.410261E-01
2342	-7.991475E-01
2343	-8.504422E-01
2344	-8.944311E-01
2345	-9.306561E-01
2346	-9.586401E-01
2347	-9.776521E-01
2348	-9.904469E-01
2349	-9.998873E-01
2350	-1.005458E+00
2351	-1.006980E+00
2352	-1.004377E+00
2354	-1.139794E-01
2355	-2.002513E-01
2356	-2.859386E-01
2357	-3.708704E-01
2358	-4.549612E-01
2359	-5.363825E-01
2360	-6.129399E-01
2361	-6.840753E-01
2362	-7.492274E-01
2363	-8.078375E-01
2364	-8.593628E-01
2365	-9.032758E-01
2366	-9.390503E-01
2367	-9.661185E-01
2368	-9.838439E-01
2369	-9.952962E-01
2370	-1.003655E+00
2371	-1.008514E+00
2372	-1.009625E+00
2373	-1.006869E+00
2375	-1.144894E-01
2376	-2.012624E-01
2377	-2.875341E-01
2378	-3.731552E-01
2379	-4.580269E-01
2380	-5.402562E-01
2381	-6.175658E-01
2382	-6.893415E-01
2383	-7.549888E-01
2384	-8.139270E-01
2385	-8.655880E-01
2386	-9.094137E-01
2387	-9.448466E-01
2388	-9.713207E-01
2389	-9.882675E-01
2390	-9.989056E-01
2391	-1.006564E+00
2392	-1.010911E+00
2393	-1.011713E+00
2394	-1.008840E+00
2396	-1.148139E-01
2397	-2.019020E-01
2398	-2.885321E-01
2399	-3.745625E-01
2400	-4.598861E-01
2401	-5.425783E-01
2402	-6.203212E-01
2403	-6.924696E-01
2404	-7.584060E-01
2405	-8.175321E-01
2406	-8.692640E-01
2407	-9.130280E-01
2408	-9.482584E-01
2409	-9.743999E-01
2410	-9.909229E-01
2411	-1.001117E+00
2412	-1.008383E+00
2413	-1.012431E+00
2414	-1.013046E+00
2415	-1.010101E+00
2417	-1.149254E-01
2418	-2.021207E-01
2419	-2.888712E-01
2420	-3.750373E-01
2421	-4.605091E-01
2422	-5.433524E-01
2423	-6.212369E-01
2424	-6.935075E-01
2425	-7.595386E-01
2426	-8.187258E-01
2427	-8.704797E-01
2428	-9.142221E-01
2429	-9.493859E-01
2430	-9.754205E-01
2431	-9.918085E-01
2432	-1.001861E+00
2433	-1.009001E+00
2434	-1.012951E+00
2435	-1.013504E+00
2436	-1.010534E+00
2438	-1.148148E-01
2439	-2.019030E-01
2440	-2.885331E-01
2441	-3.745635E-01
2442	-4.598871E-01
2443	-5.425793E-01
2444	-6.203222E-01
2445	-6.924706E-01
2446	-7.584069E-01
2447	-8.175330E-01
2448	-8.692648E-01
2449	-9.130288E-01
2450	-9.482591E-01
2451	-9.744006E-01
2452	-9.909236E-01
2453	-1.001118E+00
2454	-1.008383E+00
2455	-1.012431E+00
2456	-1.013046E+00
2457	-1.010101E+00
2459	-1.144912E-01
2460	-2.012643E-01
2461	-2.875360E-01
2462	-3.731571E-01
2463	-4.580289E-01
2464	-5.402582E-01
2465	-6.175679E-01
2466	-6.893434E-01
2467	-7.549906E-01
2468	-8.139288E-01
2469	-8.655898E-01
2470	-9.094153E-01
2471	-9.448481E-01
2472	-9.713221E-01
2473	-9.882689E-01
2474	-9.989069E-01
2475	-1.006565E+00
2476	-1.010912E+00
2477	-1.011714E+00
2478	-1.008841E+00
2480	-1.139819E-01
2481	-2.002539E-01
2482	-2.859413E-01
2483	-3.708731E-01
2484	-4.549640E-01
2485	-5.363853E-01
2486	-6.129428E-01
2487	-6.840781E-01
2488	-7.492301E-01
2489	-8.078402E-01
2490	-8.593654E-01
2491	-9.032782E-01
2492	-9.390525E-01
2493	-9.661206E-01
2494	-9.838459E-01
2495	-9.952982E-01
2496	-1.003657E+00
2497	-1.008516E+00
2498	-1.009626E+00
2499	-1.006870E+00
2501	-1.133339E-01
2502	-1.989612E-01
2503	-2.838760E-01
2504	-3.678313E-01
2505	-4.507509E-01
2506	-5.309418E-01
2507	-6.063785E-01
2508	-6.765921E-01
2509	-7.410295E-01
2510	-7.991509E-01
2511	-8.504456E-01
2512	-8.944343E-01
2513	-9.306591E-01
2514	-9.586429E-01
2515	-9.776548E-01
2516	-9.904494E-01
2517	-9.998896E-01
2518	-1.005460E+00
2519	-1.006982E+00
2520	-1.004378E+00
2522	-1.126116E-01
2523	-1.975155E-01
2524	-2.815471E-01
2525	-3.643338E-01
2526	-4.455049E-01
2527	-5.237963E-01
2528	-5.977580E-01
2529	-6.667725E-01
2530	-7.302661E-01
2531	-7.877128E-01
2532	-8.386383E-01
2533	-8.826243E-01
2534	-9.193127E-01
2535	-9.484089E-01
2536	-9.696871E-01
2537	-9.848390E-01
2538	-9.956393E-01
2539	-1.002048E+00
2540	-1.004041E+00
2541	-1.001611E+00
2543	-1.118902E-01
2544	-1.960718E-01
2545	-2.792225E-01
2546	-3.608450E-01
2547	-4.402793E-01
2548	-5.166856E-01
2549	-5.891819E-01
2550	-6.570044E-01
2551	-7.195594E-01
2552	-7.763346E-01
2553	-8.268920E-01
2554	-8.708737E-01
2555	-9.080210E-01
2556	-9.382204E-01
2557	-9.617466E-01
2558	-9.792401E-01
2559	-9.913948E-01
2560	-9.986396E-01
2561	-1.001103E+00
2562	-9.988450E-01
2564	-1.112443E-01
2565	-1.947845E-01
2566	-2.771683E-01
2567	-3.578255E-01
2568	-4.361118E-01
2569	-5.113154E-01
2570	-5.827115E-01
2571	-6.496277E-01
2572	-7.114791E-01
2573	-7.677723E-01
2574	-8.181008E-01
2575	-8.621546E-01
2576	-8.997414E-01
2577	-9.308362E-01
2578	-9.556150E-01
2579	-9.744206E-01
2580	-9.876424E-01
2581	-9.955919E-01
2582	-9.984632E-01
2583	-9.963572E-01
2585	-1.107376E-01
2586	-1.937805E-01
2587	-2.755869E-01
2588	-3.555676E-01
2589	-4.330960E-01
2590	-5.075186E-01
2591	-5.781838E-01
2592	-6.444760E-01
2593	-7.058438E-01
2594	-7.618156E-01
2595	-8.120098E-01
2596	-8.561462E-01
2597	-8.940625E-01
2598	-9.257302E-01
2599	-9.512553E-01
2600	-9.708458E-01
2601	-9.847524E-01
2602	-9.932061E-01
2603	-9.963819E-01
2604	-9.943914E-01
2606	-1.104158E-01
2607	-1.931468E-01
2608	-2.746002E-01
2609	-3.541810E-01
2610	-4.312738E-01
2611	-5.052525E-01
2612	-5.754995E-01
2613	-6.414308E-01
2614	-7.025178E-01
2615	-7.583064E-01
2616	-8.084306E-01
2617	-8.526250E-01
2618	-8.907347E-01
2619	-9.227200E-01
2620	-9.486468E-01
2621	-9.686608E-01
2622	-9.829481E-01
2623	-9.916943E-01
2624	-9.950540E-01
2625	-9.931347E-01
2627	-1.103057E-01
2628	-1.929307E-01
2629	-2.742655E-01
2630	-3.537142E-01
2631	-4.306646E-01
2632	-5.044988E-01
2633	-5.746098E-01
2634	-6.404231E-01
2635	-7.014184E-01
2636	-7.571476E-01
2637	-8.072501E-01
2638	-8.514646E-01
2639	-8.896376E-01
2640	-9.217245E-01
2641	-9.477784E-01
2642	-9.679266E-01
2643	-9.823359E-01
2644	-9.911776E-01
2645	-9.945981E-01
2646	-9.927027E-01
2647	8.084129E-02
2648	1.637958E-01
2649	2.457569E-01
2650	3.261438E-01
2651	4.043578E-01
2652	4.797823E-01
2653	5.517965E-01
2654	6.197924E-01
2655	6.832010E-01
2656	7.415128E-01
2657	7.942987E-01
2658	8.412247E-01
2659	8.820647E-01
2660	9.167096E-01
2661	9.451695E-01
2662	9.675644E-01
2663	9.841022E-01
2664	9.950483E-01
2665	1.000696E+00
2666	1.001344E+00
2668	8.087551E-02
2669	1.639289E-01
2670	2.459982E-01
2671	3.265075E-01
2672	4.048587E-01
2673	4.804309E-01
2674	5.525938E-01
2675	6.207286E-01
2676	6.842549E-01
2677	7.426551E-01
2678	7.954937E-01
2679	8.424308E-01
2680	8.832359E-01
2681	9.177983E-01
2682	9.461318E-01
2683	9.683679E-01
2684	9.847313E-01
2685	9.955034E-01
2686	1.000988E+00
2687	1.001486E+00
2689	8.097507E-02
2690	1.643173E-01
2691	2.467055E-01
2692	3.275800E-01
2693	4.063468E-01
2694	4.823717E-01
2695	5.549933E-01
2696	6.235546E-01
2697	6.874420E-01
2698	7.461132E-01
2699	7.991146E-01
2700	8.460904E-01
2701	8.867944E-01
2702	9.211063E-01
2703	9.490492E-01
2704	9.707907E-01
2705	9.866123E-01
2706	9.968521E-01
2707	1.001847E+00
2708	1.001902E+00
2710	8.113087E-02
2711	1.649287E-01
2712	2.478256E-01
2713	3.292988E-01
2714	4.087716E-01
2715	4.855873E-01
2716	5.590186E-01
2717	6.283282E-01
2718	6.928407E-01
2719	7.519794E-01
2720	8.052689E-01
2721	8.523282E-01
2722	8.928796E-01
2723	9.267703E-01
2724	9.540224E-01
2725	9.748686E-01
2726	9.897177E-01
2727	9.990340E-01
2728	1.003215E+00
2729	1.002559E+00
2731	8.132807E-02
2732	1.657074E-01
2733	2.492615E-01
2734	3.315318E-01
2735	4.120173E-01
2736	4.900390E-01
2737	5.647251E-01
2738	6.351649E-01
2739	7.005857E-01
2740	7.604053E-01
2741	8.141311E-01
2742	8.613505E-01
2743	9.017365E-01
2744	9.350654E-01
2745	9.612651E-01
2746	9.806609E-01
2747	9.939526E-01
2748	1.001896E+00
2749	1.004981E+00
2750	1.003400E+00
2752	8.154730E-02
2753	1.665767E-01
2754	2.508714E-01
2755	3.340588E-01
2756	4.157698E-01
2757	4.956381E-01
2758	5.723104E-01
2759	6.442534E-01
2760	7.108657E-01
2761	7.715932E-01
2762	8.259328E-01
2763	8.734359E-01
2764	9.137130E-01
2765	9.464370E-01
2766	9.713465E-01
2767	9.882504E-01
2768	9.989091E-01
2769	1.005155E+00
2770	1.006967E+00
2771	1.004343E+00
2773	8.176666E-02
2774	1.674469E-01
2775	2.524836E-01
2776	3.365905E-01
2777	4.195318E-01
2778	5.012589E-01
2779	5.799326E-01
2780	6.533886E-01
2781	7.211995E-01
2782	7.828401E-01
2783	8.377964E-01
2784	8.855838E-01
2785	9.257500E-01
2786	9.578637E-01
2787	9.814730E-01
2788	9.958666E-01
2789	1.003877E+00
2790	1.008419E+00
2791	1.008957E+00
2792	1.005286E+00
2794	8.196419E-02
2795	1.682281E-01
2796	2.539253E-01
2797	3.388354E-01
2798	4.228011E-01
2799	5.057588E-01
2800	5.857164E-01
2801	6.603239E-01
2802	7.290589E-01
2803	7.913913E-01
2804	8.467899E-01
2805	8.947383E-01
2806	9.347338E-01
2807	9.662733E-01
2808	9.888084E-01
2809	1.001717E+00
2810	1.008140E+00
2811	1.011295E+00
2812	1.010729E+00
2813	1.006130E+00
2815	8.212032E-02
2816	1.688425E-01
2817	2.550526E-01
2818	3.405684E-01
2819	4.252535E-01
2820	5.090263E-01
2821	5.898221E-01
2822	6.651998E-01
2823	7.345765E-01
2824	7.973877E-01
2825	8.530806E-01
2826	9.011129E-01
2827	9.409500E-01
2828	9.720545E-01
2829	9.938765E-01
2830	1.005857E+00
2831	1.011279E+00
2832	1.013494E+00
2833	1.012106E+00
2834	1.006791E+00
2836	8.222021E-02
2837	1.692335E-01
2838	2.557656E-01
2839	3.416521E-01
2840	4.267629E-01
2841	5.110054E-01
2842	5.922796E-01
2843	6.680998E-01
2844	7.378494E-01
2845	8.009397E-01
2846	8.567999E-01
2847	9.048711E-01
2848	9.446024E-01
2849	9.754465E-01
2850	9.968618E-01
2851	1.008326E+00
2852	1.013185E+00
2853	1.014856E+00
2854	1.012971E+00
2855	1.007209E+00
2857	8.225451E-02
2858	1.693674E-01
2859	2.560090E-01
2860	3.420200E-01
2861	4.272715E-01
2862	5.116678E-01
2863	5.930979E-01
2864	6.690625E-01
2865	7.389343E-01
2866	8.021160E-01
2867	8.580303E-01
2868	9.061128E-01
2869	9.458076E-01
2870	9.765654E-01
2871	9.978486E-01
2872	1.009146E+00
2873	1.013823E+00
2874	1.015316E+00
2875	1.013266E+00
2876	1.007352E+00
2878	8.222010E-02
2879	1.692334E-01
2880	2.557655E-01
2881	3.416520E-01
2882	4.267627E-01
2883	5.110052E-01
2884	5.922794E-01
2885	6.680997E-01
2886	7.378494E-01
2887	8.009398E-01
2888	8.568000E-01
2889	9.048713E-01
2890	9.446026E-01
2891	9.754466E-01
2892	9.968618E-01
2893	1.008326E+00
2894	1.013185E+00
2895	1.014856E+00
2896	1.012971E+00
2897	1.007209E+00
2899	8.212017E-02
2900	1.688424E-01
2901	2.550524E-01
2902	3.405683E-01
2903	4.252533E-01
2904	5.090260E-01
2905	5.898217E-01
2906	6.651996E-01
2907	7.345765E-01
2908	7.973879E-01
2909	8.530809E-01
2910	9.011134E-01
2911	9.409504E-01
2912	9.720547E-01
2913	9.938766E-01
2914	1.005858E+00
2915	1.011278E+00
2916	1.013493E+00
2917	1.012105E+00
2918	1.006791E+00
2920	8.196403E-02
2921	1.682279E-01
2922	2.539252E-01
2923	3.388352E-01
2924	4.228008E-01
2925	5.057583E-01
2926	5.857159E-01
2927	6.603237E-01
2928	7.290588E-01
2929	7.913914E-01
2930	8.467903E-01
2931	8.947388E-01
2932	9.347344E-01
2933	9.662736E-01
2934	9.888086E-01
2935	1.001717E+00
2936	1.008140E+00
2937	1.011295E+00
2938	1.010728E+00
2939	1.006130E+00
2941	8.176655E-02
2942	1.674467E-01
2943	2.524834E-01
2944	3.365902E-01
2945	4.195313E-01
2946	5.012584E-01
2947	5.799321E-01
2948	6.533883E-01
2949	7.211996E-01
2950	7.828403E-01
2951	8.377968E-01
2952	8.855844E-01
2953	9.257507E-01
2954	9.578641E-01
2955	9.814733E-01
2956	9.958668E-01
2957	1.003877E+00
2958	1.008418E+00
2959	1.008956E+00
2960	1.005286E+00
2962	8.154722E-02
2963	1.665766E-01
2964	2.508713E-01
2965	3.340586E-01
2966	4.157695E-01
2967	4.956377E-01
2968	5.723100E-01
2969	6.442531E-01
2970	7.108656E-01
2971	7.715934E-01
2972	8.259331E-01
2973	8.734364E-01
2974	9.137137E-01
2975	9.464375E-01
2976	9.713468E-01
2977	9.882507E-01
2978	9.989091E-01
2979	1.005154E+00
2980	1.006967E+00
2981	1.004343E+00
2983	8.132798E-02
2984	1.657073E-01
2985	2.492614E-01
2986	3.315316E-01
2987	4.120170E-01
2988	4.900387E-01
2989	5.647248E-01
2990	6.351647E-01
2991	7.005858E-01
2992	7.604056E-01
2993	8.141315E-01
2994	8.613510E-01
2995	9.017371E-01
2996	9.350659E-01
2997	9.612655E-01
2998	9.806613E-01
2999	9.939529E-01
3000	1.001896E+00
3001	1.004981E+00
3002	1.003400E+00
3004	8.113086E-02
3005	1.649288E-01
3006	2.478256E-01
3007	3.292987E-01
3008	4.087714E-01
3009	4.855871E-01
3010	5.590184E-01
3011	6.283281E-01
3012	6.928408E-01
3013	7.519795E-01
3014	8.052690E-01
3015	8.523284E-01
3016	8.928800E-01
3017	9.267706E-01
3018	9.540228E-01
3019	9.748691E-01
3020	9.897181E-01
3021	9.990341E-01
3022	1.003216E+00
3023	1.002559E+00
3025	8.097505E-02
3026	1.643173E-01
3027	2.467055E-01
3028	3.275799E-01
3029	4.063467E-01
3030	4.823716E-01
3031	5.549932E-01
3032	6.235547E-01
3033	6.874422E-01
3034	7.461134E-01
3035	7.991147E-01
3036	8.460906E-01
3037	8.867946E-01
3038	9.211065E-01
3039	9.490496E-01
3040	9.707913E-01
3041	9.866129E-01
3042	9.968526E-01
3043	1.001847E+00
3044	1.001902E+00
3046	8.087548E-02
3047	1.639289E-01
3048	2.459983E-01
3049	3.265076E-01
3050	4.048587E-01
3051	4.804309E-01
3052	5.525938E-01
3053	6.207285E-01
3054	6.842549E-01
3055	7.426552E-01
3056	7.954937E-01
3057	8.424308E-01
3058	8.832359E-01
3059	9.177984E-01
3060	9.461322E-01
3061	9.683685E-01
3062	9.847320E-01
3063	9.955040E-01
3064	1.000988E+00
3065	1.001486E+00
3067	8.084122E-02
3068	1.637958E-01
3069	2.457568E-01
3070	3.261439E-01
3071	4.043578E-01
3072	4.797824E-01
3073	5.517964E-01
3074	6.197926E-01
3075	6.832012E-01
3076	7.415130E-01
3077	7.942988E-01
3078	8.412247E-01
3079	8.820646E-01
3080	9.167097E-01
3081	9.451699E-01
3082	9.675651E-01
3083	9.841031E-01
3084	9.950490E-01
3085	1.000696E+00
3086	1.001344E+00
3089	-2.539719E-03
3090	-8.578390E-02
3091	-1.683222E-01
3092	-2.495729E-01
3093	-3.289415E-01
3094	-4.058258E-01
3095	-4.796313E-01
3096	-5.497874E-01
3097	-6.157677E-01
3098	-6.771060E-01
3099	-7.334123E-01
3100	-7.843854E-01
3101	-8.298226E-01
3102	-8.696227E-01
3103	-9.037766E-01
3104	-9.323461E-01
3105	-9.554314E-01
3106	-9.731375E-01
3107	-9.855467E-01
3110	-2.601333E-03
3111	-8.594504E-02
3112	-1.685917E-01
3113	-2.499617E-01
3114	-3.294584E-01
3115	-4.064736E-01
3116	-4.804046E-01
3117	-5.506720E-01
3118	-6.167422E-01
3119	-6.781424E-01
3120	-7.344769E-01
3121	-7.854398E-01
3122	-8.308263E-01
3123	-8.705393E-01
3124	-9.045814E-01
3125	-9.330318E-01
3126	-9.560090E-01
3127	-9.736323E-01
3128	-9.859919E-01
3131	-2.781832E-03
3132	-8.641797E-02
3133	-1.693865E-01
3134	-2.511160E-01
3135	-3.310031E-01
3136	-4.084200E-01
3137	-4.827355E-01
3138	-5.533440E-01
3139	-6.196893E-01
3140	-6.812808E-01
3141	-7.377054E-01
3142	-7.886406E-01
3143	-8.338723E-01
3144	-8.733123E-01
3145	-9.069998E-01
3146	-9.350728E-01
3147	-9.577115E-01
3148	-9.750797E-01
3149	-9.872888E-01
3152	-3.067215E-03
3153	-8.716806E-02
3154	-1.706604E-01
3155	-2.529936E-01
3156	-3.335553E-01
3157	-4.116740E-01
3158	-4.866601E-01
3159	-5.578585E-01
3160	-6.246798E-01
3161	-6.866081E-01
3162	-7.432023E-01
3163	-7.941072E-01
3164	-8.390763E-01
3165	-8.780211E-01
3166	-9.110449E-01
3167	-9.384131E-01
3168	-9.604384E-01
3169	-9.773636E-01
3170	-9.893212E-01
3173	-3.432387E-03
3174	-8.813115E-02
3175	-1.723153E-01
3176	-2.555001E-01
3177	-3.370702E-01
3178	-4.162588E-01
3179	-4.922508E-01
3180	-5.643103E-01
3181	-6.318292E-01
3182	-6.942657E-01
3183	-7.511417E-01
3184	-8.020508E-01
3185	-8.466776E-01
3186	-8.848440E-01
3187	-9.167422E-01
3188	-9.429190E-01
3189	-9.639789E-01
3190	-9.802806E-01
3191	-9.918985E-01
3194	-3.841291E-03
3195	-8.921215E-02
3196	-1.741882E-01
3197	-2.583928E-01
3198	-3.414500E-01
3199	-4.222846E-01
3200	-4.996262E-01
3201	-5.728311E-01
3202	-6.412918E-01
3203	-7.044418E-01
3204	-7.617598E-01
3205	-8.127751E-01
3206	-8.570712E-01
3207	-8.942904E-01
3208	-9.241388E-01
3209	-9.481557E-01
3210	-9.679837E-01
3211	-9.835428E-01
3212	-9.947674E-01
3215	-4.250870E-03
3216	-9.029496E-02
3217	-1.760647E-01
3218	-2.612931E-01
3219	-3.458473E-01
3220	-4.283404E-01
3221	-5.070403E-01
3222	-5.813971E-01
3223	-6.508046E-01
3224	-7.146714E-01
3225	-7.724330E-01
3226	-8.235536E-01
3227	-8.675149E-01
3228	-9.037786E-01
3229	-9.315604E-01
3230	-9.534030E-01
3231	-9.719938E-01
3232	-9.868078E-01
3233	-9.976382E-01
3236	-4.617797E-03
3237	-9.126271E-02
3238	-1.777293E-01
3239	-2.638189E-01
3240	-3.494016E-01
3241	-4.329886E-01
3242	-5.127129E-01
3243	-5.879451E-01
3244	-6.580609E-01
3245	-7.224428E-01
3246	-7.804887E-01
3247	-8.316108E-01
3248	-8.752204E-01
3249	-9.106874E-01
3250	-9.373124E-01
3251	-9.579360E-01
3252	-9.755482E-01
3253	-9.897324E-01
3254	-1.000220E+00
3257	-4.905337E-03
3258	-9.201850E-02
3259	-1.790149E-01
3260	-2.657192E-01
3261	-3.519963E-01
3262	-4.363089E-01
3263	-5.167228E-01
3264	-5.925600E-01
3265	-6.631628E-01
3266	-7.278883E-01
3267	-7.861061E-01
3268	-8.371944E-01
3269	-8.805310E-01
3270	-9.154838E-01
3271	-9.414157E-01
3272	-9.613075E-01
3273	-9.782916E-01
3274	-9.920255E-01
3275	-1.002259E+00
3278	-5.087605E-03
3279	-9.249600E-02
3280	-1.798189E-01
3281	-2.668908E-01
3282	-3.535726E-01
3283	-4.383032E-01
3284	-5.191154E-01
3285	-5.953044E-01
3286	-6.661905E-01
3287	-7.311121E-01
3288	-7.894212E-01
3289	-8.404792E-01
3290	-8.836533E-01
3291	-9.183195E-01
3292	-9.438767E-01
3293	-9.633724E-01
3294	-9.800073E-01
3295	-9.934804E-01
3296	-1.003560E+00
3299	-5.149933E-03
3300	-9.265890E-02
3301	-1.800920E-01
3302	-2.672861E-01
3303	-3.541010E-01
3304	-4.389684E-01
3305	-5.199110E-01
3306	-5.962152E-01
3307	-6.671940E-01
3308	-7.321792E-01
3309	-7.905171E-01
3310	-8.415638E-01
3311	-8.846844E-01
3312	-9.192587E-01
3313	-9.446969E-01
3314	-9.640669E-01
3315	-9.805899E-01
3316	-9.939780E-01
3317	-1.004007E+00
3320	-5.087677E-03
3321	-9.249608E-02
3322	-1.798191E-01
3323	-2.668909E-01
3324	-3.535726E-01
3325	-4.383031E-01
3326	-5.191154E-01
3327	-5.953044E-01
3328	-6.661904E-01
3329	-7.311119E-01
3330	-7.894212E-01
3331	-8.404791E-01
3332	-8.836533E-01
3333	-9.183195E-01
3334	-9.438766E-01
3335	-9.633723E-01
3336	-9.800073E-01
3337	-9.934805E-01
3338	-1.003561E+00
3341	-4.905496E-03
3342	-9.201867E-02
3343	-1.790150E-01
3344	-2.657193E-01
3345	-3.519962E-01
3346	-4.363088E-01
3347	-5.167226E-01
3348	-5.925598E-01
3349	-6.631627E-01
3350	-7.278881E-01
3351	-7.861059E-01
3352	-8.371942E-01
3353	-8.805309E-01
3354	-9.154837E-01
3355	-9.414156E-01
3356	-9.613073E-01
3357	-9.782916E-01
3358	-9.920257E-01
3359	-1.002259E+00
3362	-4.617954E-03
3363	-9.126297E-02
3364	-1.777295E-01
3365	-2.638190E-01
3366	-3.494015E-01
3367	-4.329884E-01
3368	-5.127126E-01
3369	-5.879448E-01
3370	-6.580607E-01
3371	-7.224424E-01
3372	-7.804884E-01
3373	-8.316105E-01
3374	-8.752202E-01
3375	-9.106872E-01
3376	-9.373122E-01
3377	-9.579358E-01
3378	-9.755481E-01
3379	-9.897326E-01
3380	-1.000221E+00
3383	-4.251027E-03
3384	-9.029520E-02
3385	-1.760649E-01
3386	-2.612931E-01
3387	-3.458471E-01
3388	-4.283400E-01
3389	-5.070398E-01
3390	-5.813967E-01
3391	-6.508042E-01
3392	-7.146709E-01
3393	-7.724326E-01
3394	-8.235532E-01
3395	-8.675146E-01
3396	-9.037783E-01
3397	-9.315601E-01
3398	-9.534028E-01
3399	-9.719937E-01
3400	-9.868081E-01
3401	-9.976390E-01
3404	-3.841415E-03
3405	-8.921236E-02
3406	-1.741883E-01
3407	-2.583927E-01
3408	-3.414497E-01
3409	-4.222840E-01
3410	-4.996256E-01
3411	-5.728305E-01
3412	-6.412912E-01
3413	-7.044411E-01
3414	-7.617593E-01
3415	-8.127747E-01
3416	-8.570708E-01
3417	-8.942899E-01
3418	-9.241383E-01
3419	-9.481554E-01
3420	-9.679836E-01
3421	-9.835430E-01
3422	-9.947682E-01
3425	-3.432442E-03
3426	-8.813124E-02
3427	-1.723154E-01
3428	-2.554999E-01
3429	-3.370698E-01
3430	-4.162581E-01
3431	-4.922500E-01
3432	-5.643095E-01
3433	-6.318284E-01
3434	-6.942649E-01
3435	-7.511409E-01
3436	-8.020501E-01
3437	-8.466770E-01
3438	-8.848434E-01
3439	-9.167417E-01
3440	-9.429186E-01
3441	-9.639788E-01
3442	-9.802809E-01
3443	-9.918993E-01
3446	-3.067246E-03
3447	-8.716801E-02
3448	-1.706603E-01
3449	-2.529933E-01
3450	-3.335547E-01
3451	-4.116732E-01
3452	-4.866592E-01
3453	-5.578576E-01
3454	-6.246788E-01
3455	-6.866070E-01
3456	-7.432013E-01
3457	-7.941062E-01
3458	-8.390755E-01
3459	-8.780203E-01
3460	-9.110443E-01
3461	-9.384126E-01
3462	-9.604382E-01
3463	-9.773639E-01
3464	-9.893220E-01
3467	-2.781823E-03
3468	-8.641783E-02
3469	-1.693863E-01
3470	-2.511156E-01
3471	-3.310025E-01
3472	-4.084191E-01
3473	-4.827345E-01
3474	-5.533429E-01
3475	-6.196881E-01
3476	-6.812796E-01
3477	-7.377042E-01
3478	-7.886394E-01
3479	-8.338713E-01
3480	-8.733114E-01
3481	-9.069991E-01
3482	-9.350723E-01
3483	-9.577113E-01
3484	-9.750799E-01
3485	-9.872896E-01
3488	-2.601355E-03
3489	-8.594486E-02
3490	-1.685914E-01
3491	-2.499613E-01
3492	-3.294577E-01
3493	-4.064728E-01
3494	-4.804034E-01
3495	-5.506708E-01
3496	-6.167409E-01
3497	-6.781411E-01
3498	-7.344756E-01
3499	-7.854384E-01
3500	-8.308252E-01
3501	-8.705383E-01
3502	-9.045806E-01
3503	-9.330313E-01
3504	-9.560088E-01
3505	-9.736325E-01
3506	-9.859926E-01
3509	-2.539691E-03
3510	-8.578371E-02
3511	-1.683218E-01
3512	-2.495725E-01
3513	-3.289408E-01
3514	-4.058249E-01
3515	-4.796301E-01
3516	-5.497862E-01
3517	-6.157663E-01
3518	-6.771046E-01
3519	-7.334109E-01
3520	-7.843840E-01
3521	-8.298214E-01
3522	-8.696217E-01
3523	-9.037758E-01
3524	-9.323456E-01
3525	-9.554312E-01
3526	-9.731376E-01
3527	-9.855474E-01
