temperature
2
3528
1	-1.557421E-01
2	-5.184176E-02
3	5.219811E-02
4	1.555750E-01
5	2.574718E-01
6	3.570552E-01
7	4.534841E-01
8	5.459275E-01
9	6.335884E-01
10	7.157294E-01
11	7.916971E-01
12	8.609435E-01
13	9.230452E-01
14	9.777167E-01
15	1.024815E+00
16	1.064329E+00
17	1.096347E+00
18	1.121017E+00
19	1.138500E+00
20	1.148930E+00
21	1.152397E+00
22	-1.558183E-01
23	-5.178268E-02
24	5.239541E-02
25	1.559208E-01
26	2.579797E-01
27	3.577367E-01
28	4.543432E-01
29	5.469574E-01
30	6.347708E-01
31	7.170357E-01
32	7.930898E-01
33	8.623769E-01
34	9.244666E-01
35	9.790708E-01
36	1.026052E+00
37	1.065414E+00
38	1.097270E+00
39	1.121792E+00
40	1.139160E+00
41	1.149519E+00
42	1.152961E+00
43	-1.560403E-01
44	-5.160915E-02
45	5.297474E-02
46	1.569407E-01
47	2.594873E-01
48	3.597727E-01
49	4.569231E-01
50	5.500607E-01
51	6.383410E-01
52	7.209859E-01
53	7.973069E-01
54	8.667236E-01
55	9.287819E-01
56	9.831805E-01
57	1.029794E+00
58	1.068676E+00
59	1.100018E+00
60	1.124076E+00
61	1.141090E+00
62	1.151232E+00
63	1.154603E+00
64	-1.563874E-01
65	-5.133358E-02
66	5.389445E-02
67	1.585756E-01
68	2.619388E-01
69	3.631335E-01
70	4.612322E-01
71	5.552812E-01
72	6.443698E-01
73	7.276726E-01
74	8.044643E-01
75	8.741239E-01
76	9.361518E-01
77	9.902020E-01
78	1.036149E+00
79	1.074132E+00
80	1.104516E+00
81	1.127736E+00
82	1.144136E+00
83	1.153918E+00
84	1.157171E+00
85	-1.568268E-01
86	-5.097940E-02
87	5.507657E-02
88	1.607000E-01
89	2.652088E-01
90	3.677549E-01
91	4.672924E-01
92	5.627070E-01
93	6.529778E-01
94	7.372478E-01
95	8.147510E-01
96	8.848126E-01
97	9.468620E-01
98	1.000459E+00
99	1.045357E+00
100	1.081817E+00
101	1.110585E+00
102	1.132488E+00
103	1.148028E+00
104	1.157325E+00
105	1.160421E+00
106	-1.573152E-01
107	-5.058155E-02
108	5.640446E-02
109	1.631048E-01
110	2.689814E-01
111	3.734959E-01
112	4.752291E-01
113	5.724825E-01
114	6.643336E-01
115	7.499145E-01
116	8.284186E-01
117	8.991086E-01
118	9.613231E-01
119	1.014484E+00
120	1.058105E+00
121	1.091795E+00
122	1.117640E+00
123	1.137865E+00
124	1.152381E+00
125	1.161118E+00
126	1.164035E+00
127	-1.578040E-01
128	-5.018272E-02
129	5.773504E-02
130	1.655153E-01
131	2.727655E-01
132	3.792633E-01
133	4.832112E-01
134	5.823165E-01
135	6.757582E-01
136	7.626580E-01
137	8.421685E-01
138	9.134890E-01
139	9.758674E-01
140	1.028587E+00
141	1.070917E+00
142	1.101811E+00
143	1.124712E+00
144	1.143251E+00
145	1.156738E+00
146	1.164913E+00
147	1.167650E+00
148	-1.582442E-01
149	-4.982599E-02
150	5.892416E-02
151	1.676543E-01
152	2.760648E-01
153	3.839442E-01
154	4.893677E-01
155	5.898667E-01
156	6.845128E-01
157	7.723965E-01
158	8.526294E-01
159	9.243562E-01
160	9.867519E-01
161	1.039004E+00
162	1.080257E+00
163	1.109581E+00
164	1.130822E+00
165	1.148025E+00
166	1.160641E+00
167	1.168326E+00
168	1.170906E+00
169	-1.585922E-01
170	-4.954726E-02
171	5.985244E-02
172	1.693068E-01
173	2.785505E-01
174	3.873695E-01
175	4.937772E-01
176	5.952168E-01
177	6.906945E-01
178	7.792535E-01
179	8.599681E-01
180	9.319415E-01
181	9.943016E-01
182	1.046189E+00
183	1.086747E+00
184	1.115127E+00
185	1.135369E+00
186	1.151710E+00
187	1.163701E+00
188	1.171021E+00
189	1.173481E+00
190	-1.588149E-01
191	-4.937119E-02
192	6.043859E-02
193	1.703406E-01
194	2.800845E-01
195	3.894532E-01
196	4.964300E-01
197	5.984139E-01
198	6.943753E-01
199	7.833267E-01
200	8.643160E-01
201	9.364213E-01
202	9.987459E-01
203	1.050416E+00
204	1.090585E+00
205	1.118454E+00
206	1.138154E+00
207	1.154014E+00
208	1.165643E+00
209	1.172742E+00
210	1.175129E+00
211	-1.588914E-01
212	-4.931113E-02
213	6.063849E-02
214	1.706917E-01
215	2.806022E-01
216	3.901521E-01
217	4.973155E-01
218	5.994777E-01
219	6.955975E-01
220	7.846774E-01
221	8.657560E-01
222	9.379026E-01
223	1.000214E+00
224	1.051813E+00
225	1.091857E+00
226	1.119563E+00
227	1.139090E+00
228	1.154797E+00
229	1.166307E+00
230	1.173333E+00
231	1.175695E+00
232	-1.588148E-01
233	-4.937117E-02
234	6.043858E-02
235	1.703406E-01
236	2.800844E-01
237	3.894531E-01
238	4.964299E-01
239	5.984138E-01
240	6.943751E-01
241	7.833265E-01
242	8.643159E-01
243	9.364211E-01
244	9.987458E-01
245	1.050416E+00
246	1.090585E+00
247	1.118454E+00
248	1.138153E+00
249	1.154014E+00
250	1.165643E+00
251	1.172742E+00
252	1.175129E+00
253	-1.585921E-01
254	-4.954721E-02
255	5.985242E-02
256	1.693067E-01
257	2.785503E-01
258	3.873692E-01
259	4.937769E-01
260	5.952164E-01
261	6.906941E-01
262	7.792531E-01
263	8.599678E-01
264	9.319412E-01
265	9.943014E-01
266	1.046189E+00
267	1.086747E+00
268	1.115126E+00
269	1.135368E+00
270	1.151709E+00
271	1.163701E+00
272	1.171021E+00
273	1.173481E+00
274	-1.582441E-01
275	-4.982594E-02
276	5.892409E-02
277	1.676540E-01
278	2.760644E-01
279	3.839436E-01
280	4.893671E-01
281	5.898660E-01
282	6.845121E-01
283	7.723958E-01
284	8.526288E-01
285	9.243556E-01
286	9.867513E-01
287	1.039003E+00
288	1.080257E+00
289	1.109581E+00
290	1.130822E+00
291	1.148024E+00
292	1.160641E+00
293	1.168326E+00
294	1.170906E+00
295	-1.578040E-01
296	-5.018278E-02
297	5.773481E-02
298	1.655148E-01
299	2.727648E-01
300	3.792625E-01
301	4.832104E-01
302	5.823155E-01
303	6.757571E-01
304	7.626569E-01
305	8.421676E-01
306	9.134881E-01
307	9.758665E-01
308	1.028586E+00
309	1.070917E+00
310	1.101811E+00
311	1.124711E+00
312	1.143250E+00
313	1.156738E+00
314	1.164913E+00
315	1.167650E+00
316	-1.573154E-01
317	-5.058181E-02
318	5.640401E-02
319	1.631041E-01
320	2.689805E-01
321	3.734948E-01
322	4.752279E-01
323	5.724811E-01
324	6.643321E-01
325	7.499130E-01
326	8.284174E-01
327	8.991073E-01
328	9.613219E-01
329	1.014483E+00
330	1.058104E+00
331	1.091794E+00
332	1.117640E+00
333	1.137865E+00
334	1.152380E+00
335	1.161117E+00
336	1.164035E+00
337	-1.568270E-01
338	-5.097987E-02
339	5.507587E-02
340	1.606991E-01
341	2.652077E-01
342	3.677535E-01
343	4.672909E-01
344	5.627052E-01
345	6.529760E-01
346	7.372460E-01
347	8.147492E-01
348	8.848110E-01
349	9.468604E-01
350	1.000457E+00
351	1.045355E+00
352	1.081816E+00
353	1.110584E+00
354	1.132488E+00
355	1.148027E+00
356	1.157325E+00
357	1.160421E+00
358	-1.563878E-01
359	-5.133423E-02
360	5.389353E-02
361	1.585744E-01
362	2.619374E-01
363	3.631319E-01
364	4.612303E-01
365	5.552791E-01
366	6.443676E-01
367	7.276704E-01
368	8.044622E-01
369	8.741219E-01
370	9.361500E-01
371	9.902004E-01
372	1.036147E+00
373	1.074131E+00
374	1.104515E+00
375	1.127735E+00
376	1.144136E+00
377	1.153919E+00
378	1.157171E+00
379	-1.560408E-01
380	-5.160992E-02
381	5.297367E-02
382	1.569394E-01
383	2.594857E-01
384	3.597709E-01
385	4.569210E-01
386	5.500584E-01
387	6.383385E-01
388	7.209833E-01
389	7.973045E-01
390	8.667212E-01
391	9.287798E-01
392	9.831787E-01
393	1.029793E+00
394	1.068675E+00
395	1.100017E+00
396	1.124076E+00
397	1.141090E+00
398	1.151233E+00
399	1.154603E+00
400	-1.558190E-01
401	-5.178352E-02
402	5.239429E-02
403	1.559194E-01
404	2.579780E-01
405	3.577347E-01
406	4.543410E-01
407	5.469549E-01
408	6.347681E-01
409	7.170330E-01
410	7.930872E-01
411	8.623744E-01
412	9.244644E-01
413	9.790689E-01
414	1.026050E+00
415	1.065413E+00
416	1.097269E+00
417	1.121792E+00
418	1.139160E+00
419	1.149519E+00
420	1.152962E+00
421	-1.557427E-01
422	-5.184263E-02
423	5.219697E-02
424	1.555735E-01
425	2.574700E-01
426	3.570532E-01
427	4.534818E-01
428	5.459250E-01
429	6.335857E-01
430	7.157266E-01
431	7.916943E-01
432	8.609410E-01
433	9.230429E-01
434	9.777147E-01
435	1.024814E+00
436	1.064328E+00
437	1.096346E+00
438	1.121017E+00
439	1.138500E+00
440	1.148931E+00
441	1.152398E+00
443	-2.587053E-01
444	-3.599259E-01
445	-4.585775E-01
446	-5.538061E-01
447	-6.447352E-01
448	-7.304839E-01
449	-8.101971E-01
450	-8.830808E-01
451	-9.484362E-01
452	-1.005687E+00
453	-1.054400E+00
454	-1.094300E+00
455	-1.125277E+00
456	-1.147389E+00
457	-1.160838E+00
458	-1.165939E+00
459	-1.163068E+00
460	-1.152608E+00
461	-1.134918E+00
462	-1.110301E+00
464	-2.589235E-01
465	-3.603016E-01
466	-4.591327E-01
467	-5.545635E-01
468	-6.457101E-01
469	-7.316774E-01
470	-8.115930E-01
471	-8.846474E-01
472	-9.501300E-01
473	-1.007456E+00
474	-1.056187E+00
475	-1.096041E+00
476	-1.126910E+00
477	-1.148858E+00
478	-1.162108E+00
479	-1.167000E+00
480	-1.163936E+00
481	-1.153322E+00
482	-1.135522E+00
483	-1.110845E+00
485	-2.595604E-01
486	-3.614028E-01
487	-4.607702E-01
488	-5.568140E-01
489	-6.486278E-01
490	-7.352688E-01
491	-8.158072E-01
492	-8.893840E-01
493	-9.552550E-01
494	-1.012813E+00
495	-1.061601E+00
496	-1.101321E+00
497	-1.131858E+00
498	-1.153297E+00
499	-1.165920E+00
500	-1.170155E+00
501	-1.166496E+00
502	-1.155408E+00
503	-1.137283E+00
504	-1.112426E+00
506	-2.605622E-01
507	-3.631461E-01
508	-4.633943E-01
509	-5.604814E-01
510	-6.534634E-01
511	-7.412956E-01
512	-8.229256E-01
513	-8.974049E-01
514	-9.639421E-01
515	-1.021905E+00
516	-1.070809E+00
517	-1.110320E+00
518	-1.140291E+00
519	-1.160816E+00
520	-1.172284E+00
521	-1.175316E+00
522	-1.170597E+00
523	-1.158703E+00
524	-1.140043E+00
525	-1.114900E+00
527	-2.618373E-01
528	-3.653803E-01
529	-4.668036E-01
530	-5.653920E-01
531	-6.601624E-01
532	-7.498449E-01
533	-8.331238E-01
534	-9.089079E-01
535	-9.764065E-01
536	-1.034973E+00
537	-1.084086E+00
538	-1.123357E+00
539	-1.152554E+00
540	-1.171662E+00
541	-1.181219E+00
542	-1.182269E+00
543	-1.175924E+00
544	-1.162914E+00
545	-1.143545E+00
546	-1.118032E+00
548	-2.632605E-01
549	-3.678850E-01
550	-4.706620E-01
551	-5.710719E-01
552	-6.686005E-01
553	-7.612276E-01
554	-8.466906E-01
555	-9.241726E-01
556	-9.929374E-01
557	-1.052335E+00
558	-1.101805E+00
559	-1.140888E+00
560	-1.169222E+00
561	-1.186556E+00
562	-1.192748E+00
563	-1.190344E+00
564	-1.181951E+00
565	-1.167626E+00
566	-1.147445E+00
567	-1.121513E+00
569	-2.646854E-01
570	-3.703936E-01
571	-4.745284E-01
572	-5.767676E-01
573	-6.770757E-01
574	-7.726731E-01
575	-8.603368E-01
576	-9.395287E-01
577	-1.009568E+00
578	-1.069801E+00
579	-1.119631E+00
580	-1.158520E+00
581	-1.185983E+00
582	-1.201526E+00
583	-1.204324E+00
584	-1.198438E+00
585	-1.187988E+00
586	-1.172343E+00
587	-1.151349E+00
588	-1.124997E+00
590	-2.659651E-01
591	-3.726380E-01
592	-4.779580E-01
593	-5.817189E-01
594	-6.838569E-01
595	-7.813544E-01
596	-8.707028E-01
597	-9.512257E-01
598	-1.022244E+00
599	-1.083090E+00
600	-1.133130E+00
601	-1.171771E+00
602	-1.198441E+00
603	-1.212530E+00
604	-1.213359E+00
605	-1.205441E+00
606	-1.193340E+00
607	-1.176568E+00
608	-1.154859E+00
609	-1.128134E+00
611	-2.669723E-01
612	-3.743936E-01
613	-4.806068E-01
614	-5.854337E-01
615	-6.887814E-01
616	-7.875183E-01
617	-8.779956E-01
618	-9.594484E-01
619	-1.031152E+00
620	-1.092412E+00
621	-1.142569E+00
622	-1.180992E+00
623	-1.207073E+00
624	-1.220212E+00
625	-1.219830E+00
626	-1.210659E+00
627	-1.197472E+00
628	-1.179879E+00
629	-1.157629E+00
630	-1.130615E+00
632	-2.676135E-01
633	-3.755046E-01
634	-4.822636E-01
635	-5.877205E-01
636	-6.917647E-01
637	-7.912089E-01
638	-8.823354E-01
639	-9.643306E-01
640	-1.036436E+00
641	-1.097936E+00
642	-1.148150E+00
643	-1.186432E+00
644	-1.212164E+00
645	-1.224768E+00
646	-1.223721E+00
647	-1.213859E+00
648	-1.200056E+00
649	-1.181979E+00
650	-1.159397E+00
651	-1.132202E+00
653	-2.678333E-01
654	-3.758840E-01
655	-4.828261E-01
656	-5.884914E-01
657	-6.927635E-01
658	-7.924382E-01
659	-8.837767E-01
660	-9.659497E-01
661	-1.038187E+00
662	-1.099765E+00
663	-1.149996E+00
664	-1.188230E+00
665	-1.213848E+00
666	-1.226278E+00
667	-1.225019E+00
668	-1.214935E+00
669	-1.200933E+00
670	-1.182697E+00
671	-1.160004E+00
672	-1.132747E+00
674	-2.676134E-01
675	-3.755045E-01
676	-4.822635E-01
677	-5.877204E-01
678	-6.917646E-01
679	-7.912088E-01
680	-8.823353E-01
681	-9.643305E-01
682	-1.036436E+00
683	-1.097936E+00
684	-1.148150E+00
685	-1.186431E+00
686	-1.212164E+00
687	-1.224767E+00
688	-1.223720E+00
689	-1.213858E+00
690	-1.200056E+00
691	-1.181979E+00
692	-1.159397E+00
693	-1.132202E+00
695	-2.669721E-01
696	-3.743934E-01
697	-4.806066E-01
698	-5.854335E-01
699	-6.887813E-01
700	-7.875182E-01
701	-8.779954E-01
702	-9.594483E-01
703	-1.031152E+00
704	-1.092412E+00
705	-1.142569E+00
706	-1.180992E+00
707	-1.207073E+00
708	-1.220212E+00
709	-1.219830E+00
710	-1.210659E+00
711	-1.197472E+00
712	-1.179879E+00
713	-1.157628E+00
714	-1.130614E+00
716	-2.659649E-01
717	-3.726378E-01
718	-4.779578E-01
719	-5.817187E-01
720	-6.838567E-01
721	-7.813543E-01
722	-8.707028E-01
723	-9.512256E-01
724	-1.022244E+00
725	-1.083090E+00
726	-1.133130E+00
727	-1.171771E+00
728	-1.198441E+00
729	-1.212530E+00
730	-1.213358E+00
731	-1.205440E+00
732	-1.193340E+00
733	-1.176567E+00
734	-1.154858E+00
735	-1.128133E+00
737	-2.646854E-01
738	-3.703935E-01
739	-4.745282E-01
740	-5.767674E-01
741	-6.770755E-01
742	-7.726730E-01
743	-8.603367E-01
744	-9.395286E-01
745	-1.009568E+00
746	-1.069801E+00
747	-1.119630E+00
748	-1.158520E+00
749	-1.185983E+00
750	-1.201526E+00
751	-1.204323E+00
752	-1.198438E+00
753	-1.187988E+00
754	-1.172342E+00
755	-1.151348E+00
756	-1.124996E+00
758	-2.632605E-01
759	-3.678850E-01
760	-4.706619E-01
761	-5.710717E-01
762	-6.686004E-01
763	-7.612275E-01
764	-8.466905E-01
765	-9.241725E-01
766	-9.929374E-01
767	-1.052335E+00
768	-1.101805E+00
769	-1.140888E+00
770	-1.169222E+00
771	-1.186555E+00
772	-1.192747E+00
773	-1.190343E+00
774	-1.181950E+00
775	-1.167625E+00
776	-1.147445E+00
777	-1.121512E+00
779	-2.618374E-01
780	-3.653803E-01
781	-4.668036E-01
782	-5.653920E-01
783	-6.601623E-01
784	-7.498448E-01
785	-8.331238E-01
786	-9.089079E-01
787	-9.764064E-01
788	-1.034972E+00
789	-1.084085E+00
790	-1.123357E+00
791	-1.152554E+00
792	-1.171662E+00
793	-1.181218E+00
794	-1.182268E+00
795	-1.175923E+00
796	-1.162913E+00
797	-1.143544E+00
798	-1.118030E+00
800	-2.605624E-01
801	-3.631462E-01
802	-4.633944E-01
803	-5.604815E-01
804	-6.534635E-01
805	-7.412956E-01
806	-8.229256E-01
807	-8.974049E-01
808	-9.639420E-01
809	-1.021905E+00
810	-1.070808E+00
811	-1.110320E+00
812	-1.140290E+00
813	-1.160816E+00
814	-1.172283E+00
815	-1.175315E+00
816	-1.170597E+00
817	-1.158702E+00
818	-1.140042E+00
819	-1.114899E+00
821	-2.595607E-01
822	-3.614030E-01
823	-4.607703E-01
824	-5.568141E-01
825	-6.486279E-01
826	-7.352689E-01
827	-8.158073E-01
828	-8.893840E-01
829	-9.552549E-01
830	-1.012813E+00
831	-1.061600E+00
832	-1.101320E+00
833	-1.131857E+00
834	-1.153296E+00
835	-1.165919E+00
836	-1.170155E+00
837	-1.166495E+00
838	-1.155408E+00
839	-1.137282E+00
840	-1.112425E+00
842	-2.589239E-01
843	-3.603019E-01
844	-4.591329E-01
845	-5.545637E-01
846	-6.457103E-01
847	-7.316776E-01
848	-8.115931E-01
849	-8.846473E-01
850	-9.501298E-01
851	-1.007456E+00
852	-1.056186E+00
853	-1.096040E+00
854	-1.126909E+00
855	-1.148857E+00
856	-1.162107E+00
857	-1.166999E+00
858	-1.163935E+00
859	-1.153321E+00
860	-1.135521E+00
861	-1.110844E+00
863	-2.587058E-01
864	-3.599263E-01
865	-4.585777E-01
866	-5.538062E-01
867	-6.447354E-01
868	-7.304842E-01
869	-8.101973E-01
870	-8.830807E-01
871	-9.484360E-01
872	-1.005687E+00
873	-1.054399E+00
874	-1.094299E+00
875	-1.125276E+00
876	-1.147388E+00
877	-1.160837E+00
878	-1.165939E+00
879	-1.163067E+00
880	-1.152608E+00
881	-1.134917E+00
882	-1.110300E+00
883	4.558712E-01
884	5.503832E-01
885	6.414005E-01
886	7.281343E-01
887	8.097579E-01
888	8.854172E-01
889	9.542584E-01
890	1.015468E+00
891	1.068319E+00
892	1.112207E+00
893	1.146685E+00
894	1.171477E+00
895	1.186492E+00
896	1.191827E+00
897	1.187762E+00
898	1.174743E+00
899	1.153339E+00
900	1.124198E+00
901	1.088003E+00
902	1.045440E+00
903	9.980267E-01
904	4.560933E-01
905	5.507430E-01
906	6.419251E-01
907	7.288557E-01
908	8.107058E-01
909	8.866091E-01
910	9.556922E-01
911	1.017119E+00
912	1.070142E+00
913	1.114148E+00
914	1.148679E+00
915	1.173455E+00
916	1.188383E+00
917	1.193561E+00
918	1.189279E+00
919	1.175999E+00
920	1.154316E+00
921	1.124902E+00
922	1.088454E+00
923	1.045659E+00
924	9.980267E-01
925	4.567395E-01
926	5.517922E-01
927	6.434617E-01
928	7.309830E-01
929	8.135238E-01
930	8.901807E-01
931	9.600128E-01
932	1.022109E+00
933	1.075663E+00
934	1.120024E+00
935	1.154718E+00
936	1.179451E+00
937	1.194121E+00
938	1.198821E+00
939	1.193867E+00
940	1.179778E+00
941	1.157235E+00
942	1.126989E+00
943	1.089781E+00
944	1.046301E+00
945	9.980267E-01
946	4.577505E-01
947	5.534401E-01
948	6.458919E-01
949	7.343922E-01
950	8.181222E-01
951	8.961150E-01
952	9.672860E-01
953	1.030564E+00
954	1.085033E+00
955	1.130000E+00
956	1.164976E+00
957	1.189653E+00
958	1.203901E+00
959	1.207791E+00
960	1.201651E+00
961	1.186111E+00
962	1.162036E+00
963	1.130356E+00
964	1.091892E+00
965	1.047315E+00
966	9.980267E-01
967	4.590299E-01
968	5.555344E-01
969	6.490032E-01
970	7.388213E-01
971	8.242933E-01
972	9.043730E-01
973	9.776605E-01
974	1.042736E+00
975	1.098519E+00
976	1.144346E+00
977	1.179737E+00
978	1.204370E+00
979	1.218072E+00
980	1.220839E+00
981	1.212901E+00
982	1.195042E+00
983	1.168551E+00
984	1.134762E+00
985	1.094611E+00
986	1.048611E+00
987	9.980267E-01
988	4.604525E-01
989	5.578693E-01
990	6.524887E-01
991	7.438339E-01
992	8.314414E-01
993	9.148594E-01
994	9.916136E-01
995	1.059044E+00
996	1.116497E+00
997	1.163424E+00
998	1.199379E+00
999	1.224021E+00
1000	1.237122E+00
1001	1.238569E+00
1002	1.228360E+00
1003	1.206616E+00
1004	1.176153E+00
1005	1.139772E+00
1006	1.097670E+00
1007	1.050063E+00
1008	9.980267E-01
1009	4.618759E-01
1010	5.602065E-01
1011	6.559790E-01
1012	7.488559E-01
1013	8.386087E-01
1014	9.253904E-01
1015	1.005642E+00
1016	1.075445E+00
1017	1.134582E+00
1018	1.182618E+00
1019	1.219138E+00
1020	1.243788E+00
1021	1.256284E+00
1022	1.256397E+00
1023	1.243900E+00
1024	1.218237E+00
1025	1.183775E+00
1026	1.144792E+00
1027	1.100733E+00
1028	1.051517E+00
1029	9.980267E-01
1030	4.631576E-01
1031	5.623067E-01
1032	6.591027E-01
1033	7.533095E-01
1034	8.448284E-01
1035	9.337469E-01
1036	1.016174E+00
1037	1.087815E+00
1038	1.148293E+00
1039	1.197206E+00
1040	1.234149E+00
1041	1.258752E+00
1042	1.270688E+00
1043	1.269654E+00
1044	1.255316E+00
1045	1.227273E+00
1046	1.190342E+00
1047	1.149225E+00
1048	1.103465E+00
1049	1.052819E+00
1050	9.980267E-01
1051	4.641713E-01
1052	5.639620E-01
1053	6.615481E-01
1054	7.567484E-01
1055	8.494836E-01
1056	9.397873E-01
1057	1.023610E+00
1058	1.096474E+00
1059	1.157897E+00
1060	1.207434E+00
1061	1.244666E+00
1062	1.269210E+00
1063	1.280710E+00
1064	1.278838E+00
1065	1.263273E+00
1066	1.233718E+00
1067	1.195203E+00
1068	1.152623E+00
1069	1.105592E+00
1070	1.053839E+00
1071	9.980267E-01
1072	4.648199E-01
1073	5.650173E-01
1074	6.630969E-01
1075	7.588990E-01
1076	8.523452E-01
1077	9.434370E-01
1078	1.028048E+00
1079	1.101612E+00
1080	1.163586E+00
1081	1.213492E+00
1082	1.250893E+00
1083	1.275391E+00
1084	1.286622E+00
1085	1.284251E+00
1086	1.267984E+00
1087	1.237580E+00
1088	1.198168E+00
1089	1.154733E+00
1090	1.106931E+00
1091	1.054485E+00
1092	9.980267E-01
1093	4.650431E-01
1094	5.653794E-01
1095	6.636263E-01
1096	7.596294E-01
1097	8.533094E-01
1098	9.446576E-01
1099	1.029524E+00
1100	1.103315E+00
1101	1.165471E+00
1102	1.215498E+00
1103	1.252954E+00
1104	1.277436E+00
1105	1.288576E+00
1106	1.286041E+00
1107	1.269545E+00
1108	1.238866E+00
1109	1.199162E+00
1110	1.155447E+00
1111	1.107387E+00
1112	1.054706E+00
1113	9.980267E-01
1114	4.648204E-01
1115	5.650177E-01
1116	6.630973E-01
1117	7.588994E-01
1118	8.523455E-01
1119	9.434373E-01
1120	1.028048E+00
1121	1.101612E+00
1122	1.163587E+00
1123	1.213492E+00
1124	1.250893E+00
1125	1.275391E+00
1126	1.286622E+00
1127	1.284252E+00
1128	1.267984E+00
1129	1.237580E+00
1130	1.198168E+00
1131	1.154734E+00
1132	1.106931E+00
1133	1.054486E+00
1134	9.980267E-01
1135	4.641722E-01
1136	5.639629E-01
1137	6.615489E-01
1138	7.567490E-01
1139	8.494842E-01
1140	9.397879E-01
1141	1.023610E+00
1142	1.096475E+00
1143	1.157898E+00
1144	1.207434E+00
1145	1.244667E+00
1146	1.269210E+00
1147	1.280711E+00
1148	1.278838E+00
1149	1.263273E+00
1150	1.233719E+00
1151	1.195204E+00
1152	1.152623E+00
1153	1.105592E+00
1154	1.053839E+00
1155	9.980267E-01
1156	4.631589E-01
1157	5.623079E-01
1158	6.591038E-01
1159	7.533105E-01
1160	8.448294E-01
1161	9.337479E-01
1162	1.016175E+00
1163	1.087816E+00
1164	1.148294E+00
1165	1.197207E+00
1166	1.234149E+00
1167	1.258753E+00
1168	1.270689E+00
1169	1.269655E+00
1170	1.255317E+00
1171	1.227274E+00
1172	1.190343E+00
1173	1.149226E+00
1174	1.103466E+00
1175	1.052819E+00
1176	9.980267E-01
1177	4.618774E-01
1178	5.602079E-01
1179	6.559803E-01
1180	7.488571E-01
1181	8.386100E-01
1182	9.253916E-01
1183	1.005644E+00
1184	1.075446E+00
1185	1.134583E+00
1186	1.182619E+00
1187	1.219139E+00
1188	1.243789E+00
1189	1.256285E+00
1190	1.256399E+00
1191	1.243901E+00
1192	1.218238E+00
1193	1.183776E+00
1194	1.144794E+00
1195	1.100734E+00
1196	1.051517E+00
1197	9.980267E-01
1198	4.604541E-01
1199	5.578709E-01
1200	6.524902E-01
1201	7.438353E-01
1202	8.314429E-01
1203	9.148609E-01
1204	9.916152E-01
1205	1.059045E+00
1206	1.116499E+00
1207	1.163426E+00
1208	1.199380E+00
1209	1.224022E+00
1210	1.237124E+00
1211	1.238570E+00
1212	1.228361E+00
1213	1.206617E+00
1214	1.176154E+00
1215	1.139773E+00
1216	1.097671E+00
1217	1.050063E+00
1218	9.980267E-01
1219	4.590317E-01
1220	5.555361E-01
1221	6.490049E-01
1222	7.388229E-01
1223	8.242949E-01
1224	9.043746E-01
1225	9.776623E-01
1226	1.042738E+00
1227	1.098521E+00
1228	1.144347E+00
1229	1.179739E+00
1230	1.204372E+00
1231	1.218073E+00
1232	1.220841E+00
1233	1.212903E+00
1234	1.195044E+00
1235	1.168552E+00
1236	1.134763E+00
1237	1.094612E+00
1238	1.048612E+00
1239	9.980267E-01
1240	4.577523E-01
1241	5.534419E-01
1242	6.458937E-01
1243	7.343939E-01
1244	8.181240E-01
1245	8.961169E-01
1246	9.672880E-01
1247	1.030566E+00
1248	1.085036E+00
1249	1.130002E+00
1250	1.164978E+00
1251	1.189655E+00
1252	1.203903E+00
1253	1.207793E+00
1254	1.201653E+00
1255	1.186112E+00
1256	1.162037E+00
1257	1.130356E+00
1258	1.091892E+00
1259	1.047315E+00
1260	9.980267E-01
1261	4.567415E-01
1262	5.517941E-01
1263	6.434635E-01
1264	7.309848E-01
1265	8.135256E-01
1266	8.901827E-01
1267	9.600150E-01
1268	1.022112E+00
1269	1.075665E+00
1270	1.120026E+00
1271	1.154720E+00
1272	1.179454E+00
1273	1.194123E+00
1274	1.198823E+00
1275	1.193869E+00
1276	1.179780E+00
1277	1.157236E+00
1278	1.126989E+00
1279	1.089781E+00
1280	1.046301E+00
1281	9.980267E-01
1282	4.560952E-01
1283	5.507448E-01
1284	6.419270E-01
1285	7.288576E-01
1286	8.107077E-01
1287	8.866113E-01
1288	9.556945E-01
1289	1.017121E+00
1290	1.070145E+00
1291	1.114150E+00
1292	1.148681E+00
1293	1.173457E+00
1294	1.188385E+00
1295	1.193563E+00
1296	1.189281E+00
1297	1.176001E+00
1298	1.154317E+00
1299	1.124903E+00
1300	1.088454E+00
1301	1.045659E+00
1302	9.980267E-01
1303	4.558731E-01
1304	5.503851E-01
1305	6.414024E-01
1306	7.281362E-01
1307	8.097598E-01
1308	8.854192E-01
1309	9.542607E-01
1310	1.015471E+00
1311	1.068321E+00
1312	1.112209E+00
1313	1.146687E+00
1314	1.171479E+00
1315	1.186494E+00
1316	1.191829E+00
1317	1.187764E+00
1318	1.174745E+00
1319	1.153340E+00
1320	1.124199E+00
1321	1.088003E+00
1322	1.045440E+00
1323	9.980267E-01
1325	3.586187E-01
1326	2.593561E-01
1327	1.588028E-01
1328	5.767961E-02
1329	-4.328470E-02
1330	-1.433503E-01
1331	-2.417714E-01
1332	-3.378059E-01
1333	-4.307321E-01
1334	-5.198670E-01
1335	-6.045882E-01
1336	-6.843551E-01
1337	-7.587264E-01
1338	-8.273707E-01
1339	-8.900615E-01
1340	-9.466571E-01
1341	-9.970670E-01
1342	-1.041214E+00
1343	-1.079004E+00
1346	3.587221E-01
1347	2.593508E-01
1348	1.586913E-01
1349	5.745800E-02
1350	-4.362328E-02
1351	-1.438125E-01
1352	-2.423601E-01
1353	-3.385178E-01
1354	-4.315556E-01
1355	-5.207816E-01
1356	-6.055638E-01
1357	-6.853531E-01
1358	-7.597033E-01
1359	-8.282850E-01
1360	-8.908834E-01
1361	-9.473755E-01
1362	-9.976918E-01
1363	-1.041773E+00
1364	-1.079533E+00
1367	3.590221E-01
1368	2.593338E-01
1369	1.583620E-01
1370	5.680236E-02
1371	-4.462955E-02
1372	-1.451929E-01
1373	-2.441262E-01
1374	-3.406610E-01
1375	-4.340425E-01
1376	-5.235509E-01
1377	-6.085253E-01
1378	-6.883881E-01
1379	-7.626739E-01
1380	-8.310563E-01
1381	-8.933564E-01
1382	-9.495152E-01
1383	-9.995334E-01
1384	-1.043405E+00
1385	-1.081075E+00
1388	3.594890E-01
1389	2.593019E-01
1390	1.578337E-01
1391	5.574432E-02
1392	-4.627103E-02
1393	-1.474702E-01
1394	-2.470679E-01
1395	-3.442577E-01
1396	-4.382407E-01
1397	-5.282509E-01
1398	-6.135777E-01
1399	-6.935901E-01
1400	-7.677714E-01
1401	-8.357819E-01
1402	-8.975054E-01
1403	-9.530219E-01
1404	-1.002484E+00
1405	-1.045980E+00
1406	-1.083490E+00
1409	3.600767E-01
1410	2.592545E-01
1411	1.571465E-01
1412	5.435182E-02
1413	-4.847876E-02
1414	-1.505997E-01
1415	-2.511794E-01
1416	-3.493424E-01
1417	-4.442275E-01
1418	-5.350058E-01
1419	-6.208976E-01
1420	-7.011912E-01
1421	-7.752717E-01
1422	-8.426793E-01
1423	-9.033801E-01
1424	-9.577637E-01
1425	-1.006315E+00
1426	-1.049268E+00
1427	-1.086552E+00
1430	3.607278E-01
1431	2.591964E-01
1432	1.563680E-01
1433	5.275986E-02
1434	-5.110479E-02
1435	-1.545119E-01
1436	-2.564504E-01
1437	-3.559602E-01
1438	-4.521050E-01
1439	-5.439809E-01
1440	-6.307255E-01
1441	-7.115267E-01
1442	-7.856307E-01
1443	-8.523509E-01
1444	-9.110773E-01
1445	-9.632838E-01
1446	-1.010649E+00
1447	-1.052944E+00
1448	-1.089960E+00
1451	3.613788E-01
1452	2.591370E-01
1453	1.555866E-01
1454	5.116170E-02
1455	-5.374494E-02
1456	-1.584488E-01
1457	-2.617549E-01
1458	-3.626195E-01
1459	-4.600309E-01
1460	-5.530099E-01
1461	-6.406110E-01
1462	-7.219204E-01
1463	-7.960450E-01
1464	-8.620699E-01
1465	-9.188031E-01
1466	-9.688159E-01
1467	-1.014989E+00
1468	-1.056623E+00
1469	-1.093370E+00
1472	3.619662E-01
1473	2.590864E-01
1474	1.548917E-01
1475	4.975330E-02
1476	-5.598503E-02
1477	-1.616317E-01
1478	-2.659385E-01
1479	-3.677930E-01
1480	-4.661210E-01
1481	-5.598792E-01
1482	-6.480520E-01
1483	-7.296434E-01
1484	-8.036600E-01
1485	-8.690636E-01
1486	-9.247398E-01
1487	-9.735883E-01
1488	-1.018836E+00
1489	-1.059920E+00
1490	-1.096438E+00
1493	3.624327E-01
1494	2.590506E-01
1495	1.543541E-01
1496	4.867663E-02
1497	-5.766207E-02
1498	-1.639658E-01
1499	-2.689562E-01
1500	-3.714828E-01
1501	-4.704269E-01
1502	-5.646982E-01
1503	-6.532298E-01
1504	-7.349707E-01
1505	-8.088743E-01
1506	-8.738869E-01
1507	-9.289545E-01
1508	-9.771304E-01
1509	-1.021805E+00
1510	-1.062506E+00
1511	-1.098860E+00
1514	3.627324E-01
1515	2.590305E-01
1516	1.540176E-01
1517	4.800666E-02
1518	-5.869487E-02
1519	-1.653877E-01
1520	-2.707775E-01
1521	-3.736935E-01
1522	-4.729917E-01
1523	-5.675532E-01
1524	-6.562812E-01
1525	-7.380953E-01
1526	-8.119282E-01
1527	-8.767279E-01
1528	-9.314753E-01
1529	-9.792971E-01
1530	-1.023662E+00
1531	-1.064147E+00
1532	-1.100408E+00
1535	3.628359E-01
1536	2.590244E-01
1537	1.539035E-01
1538	4.777985E-02
1539	-5.904303E-02
1540	-1.658648E-01
1541	-2.713861E-01
1542	-3.744297E-01
1543	-4.738432E-01
1544	-5.684986E-01
1545	-6.572890E-01
1546	-7.391253E-01
1547	-8.129347E-01
1548	-8.776670E-01
1549	-9.323142E-01
1550	-9.800253E-01
1551	-1.024292E+00
1552	-1.064708E+00
1553	-1.100939E+00
1556	3.627330E-01
1557	2.590310E-01
1558	1.540181E-01
1559	4.800710E-02
1560	-5.869443E-02
1561	-1.653872E-01
1562	-2.707770E-01
1563	-3.736931E-01
1564	-4.729912E-01
1565	-5.675527E-01
1566	-6.562806E-01
1567	-7.380947E-01
1568	-8.119275E-01
1569	-8.767273E-01
1570	-9.314748E-01
1571	-9.792967E-01
1572	-1.023662E+00
1573	-1.064146E+00
1574	-1.100407E+00
1577	3.624337E-01
1578	2.590516E-01
1579	1.543551E-01
1580	4.867749E-02
1581	-5.766128E-02
1582	-1.639650E-01
1583	-2.689554E-01
1584	-3.714820E-01
1585	-4.704260E-01
1586	-5.646972E-01
1587	-6.532286E-01
1588	-7.349695E-01
1589	-8.088731E-01
1590	-8.738858E-01
1591	-9.289536E-01
1592	-9.771297E-01
1593	-1.021805E+00
1594	-1.062505E+00
1595	-1.098860E+00
1598	3.619676E-01
1599	2.590878E-01
1600	1.548931E-01
1601	4.975450E-02
1602	-5.598390E-02
1603	-1.616306E-01
1604	-2.659374E-01
1605	-3.677918E-01
1606	-4.661196E-01
1607	-5.598778E-01
1608	-6.480504E-01
1609	-7.296418E-01
1610	-8.036583E-01
1611	-8.690620E-01
1612	-9.247385E-01
1613	-9.735872E-01
1614	-1.018835E+00
1615	-1.059919E+00
1616	-1.096437E+00
1619	3.613805E-01
1620	2.591387E-01
1621	1.555882E-01
1622	5.116316E-02
1623	-5.374354E-02
1624	-1.584473E-01
1625	-2.617534E-01
1626	-3.626180E-01
1627	-4.600293E-01
1628	-5.530081E-01
1629	-6.406091E-01
1630	-7.219184E-01
1631	-7.960430E-01
1632	-8.620680E-01
1633	-9.188014E-01
1634	-9.688145E-01
1635	-1.014988E+00
1636	-1.056622E+00
1637	-1.093369E+00
1640	3.607297E-01
1641	2.591982E-01
1642	1.563698E-01
1643	5.276154E-02
1644	-5.110314E-02
1645	-1.545101E-01
1646	-2.564486E-01
1647	-3.559584E-01
1648	-4.521030E-01
1649	-5.439788E-01
1650	-6.307233E-01
1651	-7.115243E-01
1652	-7.856283E-01
1653	-8.523487E-01
1654	-9.110754E-01
1655	-9.632822E-01
1656	-1.010647E+00
1657	-1.052943E+00
1658	-1.089959E+00
1661	3.600786E-01
1662	2.592565E-01
1663	1.571484E-01
1664	5.435370E-02
1665	-4.847689E-02
1666	-1.505978E-01
1667	-2.511774E-01
1668	-3.493403E-01
1669	-4.442252E-01
1670	-5.350034E-01
1671	-6.208951E-01
1672	-7.011887E-01
1673	-7.752693E-01
1674	-8.426770E-01
1675	-9.033781E-01
1676	-9.577619E-01
1677	-1.006313E+00
1678	-1.049266E+00
1679	-1.086551E+00
1682	3.594909E-01
1683	2.593038E-01
1684	1.578356E-01
1685	5.574634E-02
1686	-4.626897E-02
1687	-1.474681E-01
1688	-2.470656E-01
1689	-3.442553E-01
1690	-4.382381E-01
1691	-5.282482E-01
1692	-6.135750E-01
1693	-6.935874E-01
1694	-7.677689E-01
1695	-8.357796E-01
1696	-8.975033E-01
1697	-9.530201E-01
1698	-1.002482E+00
1699	-1.045979E+00
1700	-1.083489E+00
1703	3.590240E-01
1704	2.593358E-01
1705	1.583641E-01
1706	5.680452E-02
1707	-4.462728E-02
1708	-1.451905E-01
1709	-2.441237E-01
1710	-3.406584E-01
1711	-4.340397E-01
1712	-5.235480E-01
1713	-6.085223E-01
1714	-6.883853E-01
1715	-7.626713E-01
1716	-8.310540E-01
1717	-8.933543E-01
1718	-9.495133E-01
1719	-9.995319E-01
1720	-1.043404E+00
1721	-1.081074E+00
1724	3.587240E-01
1725	2.593528E-01
1726	1.586933E-01
1727	5.746020E-02
1728	-4.362086E-02
1729	-1.438100E-01
1730	-2.423575E-01
1731	-3.385150E-01
1732	-4.315526E-01
1733	-5.207785E-01
1734	-6.055608E-01
1735	-6.853502E-01
1736	-7.597006E-01
1737	-8.282827E-01
1738	-8.908812E-01
1739	-9.473736E-01
1740	-9.976902E-01
1741	-1.041771E+00
1742	-1.079532E+00
1745	3.586206E-01
1746	2.593580E-01
1747	1.588049E-01
1748	5.768187E-02
1749	-4.328221E-02
1750	-1.433478E-01
1751	-2.417687E-01
1752	-3.378032E-01
1753	-4.307291E-01
1754	-5.198639E-01
1755	-6.045851E-01
1756	-6.843521E-01
1757	-7.587238E-01
1758	-8.273683E-01
1759	-8.900594E-01
1760	-9.466552E-01
1761	-9.970654E-01
1762	-1.041213E+00
1763	-1.079003E+00
1765	-1.557411E-01
1766	-5.184095E-02
1767	5.219876E-02
1768	1.555755E-01
1769	2.574722E-01
1770	3.570556E-01
1771	4.534846E-01
1772	5.459281E-01
1773	6.335891E-01
1774	7.157301E-01
1775	7.916977E-01
1776	8.609442E-01
1777	9.230458E-01
1778	9.777171E-01
1779	1.024815E+00
1780	1.064329E+00
1781	1.096347E+00
1782	1.121017E+00
1783	1.138500E+00
1784	1.148930E+00
1785	1.152397E+00
1786	-1.558174E-01
1787	-5.178188E-02
1788	5.239607E-02
1789	1.559213E-01
1790	2.579801E-01
1791	3.577372E-01
1792	4.543438E-01
1793	5.469580E-01
1794	6.347714E-01
1795	7.170364E-01
1796	7.930905E-01
1797	8.623776E-01
1798	9.244672E-01
1799	9.790712E-01
1800	1.026052E+00
1801	1.065414E+00
1802	1.097270E+00
1803	1.121792E+00
1804	1.139160E+00
1805	1.149519E+00
1806	1.152961E+00
1807	-1.560393E-01
1808	-5.160837E-02
1809	5.297537E-02
1810	1.569412E-01
1811	2.594878E-01
1812	3.597732E-01
1813	4.569237E-01
1814	5.500614E-01
1815	6.383417E-01
1816	7.209866E-01
1817	7.973077E-01
1818	8.667242E-01
1819	9.287824E-01
1820	9.831809E-01
1821	1.029794E+00
1822	1.068676E+00
1823	1.100018E+00
1824	1.124076E+00
1825	1.141090E+00
1826	1.151232E+00
1827	1.154603E+00
1828	-1.563865E-01
1829	-5.133283E-02
1830	5.389508E-02
1831	1.585762E-01
1832	2.619393E-01
1833	3.631341E-01
1834	4.612328E-01
1835	5.552819E-01
1836	6.443705E-01
1837	7.276733E-01
1838	8.044651E-01
1839	8.741246E-01
1840	9.361524E-01
1841	9.902024E-01
1842	1.036149E+00
1843	1.074132E+00
1844	1.104516E+00
1845	1.127736E+00
1846	1.144136E+00
1847	1.153918E+00
1848	1.157171E+00
1849	-1.568259E-01
1850	-5.097870E-02
1851	5.507718E-02
1852	1.607006E-01
1853	2.652094E-01
1854	3.677555E-01
1855	4.672931E-01
1856	5.627077E-01
1857	6.529786E-01
1858	7.372486E-01
1859	8.147517E-01
1860	8.848134E-01
1861	9.468626E-01
1862	1.000459E+00
1863	1.045357E+00
1864	1.081817E+00
1865	1.110585E+00
1866	1.132488E+00
1867	1.148028E+00
1868	1.157325E+00
1869	1.160421E+00
1870	-1.573145E-01
1871	-5.058089E-02
1872	5.640506E-02
1873	1.631054E-01
1874	2.689821E-01
1875	3.734966E-01
1876	4.752298E-01
1877	5.724832E-01
1878	6.643344E-01
1879	7.499153E-01
1880	8.284195E-01
1881	8.991094E-01
1882	9.613239E-01
1883	1.014485E+00
1884	1.058105E+00
1885	1.091795E+00
1886	1.117641E+00
1887	1.137866E+00
1888	1.152381E+00
1889	1.161118E+00
1890	1.164035E+00
1891	-1.578034E-01
1892	-5.018212E-02
1893	5.773563E-02
1894	1.655159E-01
1895	2.727662E-01
1896	3.792641E-01
1897	4.832121E-01
1898	5.823173E-01
1899	6.757591E-01
1900	7.626589E-01
1901	8.421694E-01
1902	9.134899E-01
1903	9.758682E-01
1904	1.028588E+00
1905	1.070918E+00
1906	1.101812E+00
1907	1.124712E+00
1908	1.143251E+00
1909	1.156738E+00
1910	1.164913E+00
1911	1.167650E+00
1912	-1.582437E-01
1913	-4.982549E-02
1914	5.892469E-02
1915	1.676549E-01
1916	2.760655E-01
1917	3.839450E-01
1918	4.893685E-01
1919	5.898676E-01
1920	6.845138E-01
1921	7.723976E-01
1922	8.526305E-01
1923	9.243572E-01
1924	9.867529E-01
1925	1.039005E+00
1926	1.080258E+00
1927	1.109582E+00
1928	1.130823E+00
1929	1.148025E+00
1930	1.160641E+00
1931	1.168327E+00
1932	1.170906E+00
1933	-1.585920E-01
1934	-4.954694E-02
1935	5.985285E-02
1936	1.693074E-01
1937	2.785512E-01
1938	3.873703E-01
1939	4.937782E-01
1940	5.952179E-01
1941	6.906956E-01
1942	7.792547E-01
1943	8.599693E-01
1944	9.319427E-01
1945	9.943028E-01
1946	1.046190E+00
1947	1.086748E+00
1948	1.115128E+00
1949	1.135370E+00
1950	1.151710E+00
1951	1.163702E+00
1952	1.171021E+00
1953	1.173481E+00
1954	-1.588149E-01
1955	-4.937106E-02
1956	6.043885E-02
1957	1.703411E-01
1958	2.800851E-01
1959	3.894540E-01
1960	4.964310E-01
1961	5.984151E-01
1962	6.943765E-01
1963	7.833280E-01
1964	8.643173E-01
1965	9.364226E-01
1966	9.987472E-01
1967	1.050418E+00
1968	1.090587E+00
1969	1.118455E+00
1970	1.138154E+00
1971	1.154015E+00
1972	1.165643E+00
1973	1.172742E+00
1974	1.175129E+00
1975	-1.588916E-01
1976	-4.931121E-02
1977	6.063857E-02
1978	1.706919E-01
1979	2.806027E-01
1980	3.901529E-01
1981	4.973165E-01
1982	5.994788E-01
1983	6.955988E-01
1984	7.846787E-01
1985	8.657573E-01
1986	9.379040E-01
1987	1.000215E+00
1988	1.051814E+00
1989	1.091858E+00
1990	1.119564E+00
1991	1.139091E+00
1992	1.154797E+00
1993	1.166307E+00
1994	1.173333E+00
1995	1.175695E+00
1996	-1.588153E-01
1997	-4.937149E-02
1998	6.043846E-02
1999	1.703407E-01
2000	2.800847E-01
2001	3.894537E-01
2002	4.964307E-01
2003	5.984148E-01
2004	6.943763E-01
2005	7.833278E-01
2006	8.643173E-01
2007	9.364226E-01
2008	9.987473E-01
2009	1.050418E+00
2010	1.090587E+00
2011	1.118455E+00
2012	1.138154E+00
2013	1.154015E+00
2014	1.165643E+00
2015	1.172742E+00
2016	1.175129E+00
2017	-1.585929E-01
2018	-4.954781E-02
2019	5.985204E-02
2020	1.693065E-01
2021	2.785504E-01
2022	3.873696E-01
2023	4.937776E-01
2024	5.952174E-01
2025	6.906952E-01
2026	7.792545E-01
2027	8.599692E-01
2028	9.319427E-01
2029	9.943029E-01
2030	1.046191E+00
2031	1.086748E+00
2032	1.115128E+00
2033	1.135369E+00
2034	1.151710E+00
2035	1.163702E+00
2036	1.171021E+00
2037	1.173481E+00
2038	-1.582452E-01
2039	-4.982683E-02
2040	5.892344E-02
2041	1.676536E-01
2042	2.760643E-01
2043	3.839439E-01
2044	4.893676E-01
2045	5.898668E-01
2046	6.845132E-01
2047	7.723972E-01
2048	8.526303E-01
2049	9.243572E-01
2050	9.867529E-01
2051	1.039005E+00
2052	1.080258E+00
2053	1.109582E+00
2054	1.130823E+00
2055	1.148025E+00
2056	1.160641E+00
2057	1.168326E+00
2058	1.170906E+00
2059	-1.578053E-01
2060	-5.018391E-02
2061	5.773393E-02
2062	1.655142E-01
2063	2.727645E-01
2064	3.792626E-01
2065	4.832108E-01
2066	5.823162E-01
2067	6.757581E-01
2068	7.626582E-01
2069	8.421690E-01
2070	9.134897E-01
2071	9.758681E-01
2072	1.028588E+00
2073	1.070918E+00
2074	1.101812E+00
2075	1.124712E+00
2076	1.143251E+00
2077	1.156738E+00
2078	1.164913E+00
2079	1.167650E+00
2080	-1.573169E-01
2081	-5.058314E-02
2082	5.640294E-02
2083	1.631033E-01
2084	2.689800E-01
2085	3.734947E-01
2086	4.752282E-01
2087	5.724818E-01
2088	6.643331E-01
2089	7.499143E-01
2090	8.284188E-01
2091	8.991090E-01
2092	9.613236E-01
2093	1.014485E+00
2094	1.058105E+00
2095	1.091796E+00
2096	1.117641E+00
2097	1.137866E+00
2098	1.152381E+00
2099	1.161118E+00
2100	1.164035E+00
2101	-1.568288E-01
2102	-5.098140E-02
2103	5.507462E-02
2104	1.606981E-01
2105	2.652070E-01
2106	3.677533E-01
2107	4.672911E-01
2108	5.627058E-01
2109	6.529769E-01
2110	7.372472E-01
2111	8.147508E-01
2112	8.848127E-01
2113	9.468622E-01
2114	1.000459E+00
2115	1.045357E+00
2116	1.081818E+00
2117	1.110585E+00
2118	1.132489E+00
2119	1.148028E+00
2120	1.157325E+00
2121	1.160421E+00
2122	-1.563898E-01
2123	-5.133596E-02
2124	5.389209E-02
2125	1.585733E-01
2126	2.619366E-01
2127	3.631315E-01
2128	4.612305E-01
2129	5.552797E-01
2130	6.443686E-01
2131	7.276717E-01
2132	8.044638E-01
2133	8.741237E-01
2134	9.361518E-01
2135	9.902022E-01
2136	1.036149E+00
2137	1.074132E+00
2138	1.104516E+00
2139	1.127736E+00
2140	1.144137E+00
2141	1.153919E+00
2142	1.157171E+00
2143	-1.560429E-01
2144	-5.161181E-02
2145	5.297209E-02
2146	1.569381E-01
2147	2.594849E-01
2148	3.597705E-01
2149	4.569211E-01
2150	5.500590E-01
2151	6.383395E-01
2152	7.209847E-01
2153	7.973062E-01
2154	8.667231E-01
2155	9.287816E-01
2156	9.831805E-01
2157	1.029794E+00
2158	1.068676E+00
2159	1.100018E+00
2160	1.124077E+00
2161	1.141090E+00
2162	1.151233E+00
2163	1.154603E+00
2164	-1.558211E-01
2165	-5.178549E-02
2166	5.239262E-02
2167	1.559180E-01
2168	2.579771E-01
2169	3.577343E-01
2170	4.543411E-01
2171	5.469555E-01
2172	6.347691E-01
2173	7.170344E-01
2174	7.930888E-01
2175	8.623763E-01
2176	9.244663E-01
2177	9.790707E-01
2178	1.026052E+00
2179	1.065414E+00
2180	1.097270E+00
2181	1.121793E+00
2182	1.139160E+00
2183	1.149519E+00
2184	1.152962E+00
2185	-1.557449E-01
2186	-5.184464E-02
2187	5.219527E-02
2188	1.555722E-01
2189	2.574691E-01
2190	3.570527E-01
2191	4.534819E-01
2192	5.459256E-01
2193	6.335867E-01
2194	7.157280E-01
2195	7.916960E-01
2196	8.609428E-01
2197	9.230448E-01
2198	9.777166E-01
2199	1.024815E+00
2200	1.064329E+00
2201	1.096347E+00
2202	1.121018E+00
2203	1.138501E+00
2204	1.148931E+00
2205	1.152398E+00
2207	-2.587041E-01
2208	-3.599245E-01
2209	-4.585757E-01
2210	-5.538042E-01
2211	-6.447332E-01
2212	-7.304818E-01
2213	-8.101948E-01
2214	-8.830784E-01
2215	-9.484339E-01
2216	-1.005685E+00
2217	-1.054398E+00
2218	-1.094298E+00
2219	-1.125275E+00
2220	-1.147387E+00
2221	-1.160837E+00
2222	-1.165938E+00
2223	-1.163067E+00
2224	-1.152608E+00
2225	-1.134917E+00
2226	-1.110300E+00
2228	-2.589223E-01
2229	-3.603002E-01
2230	-4.591311E-01
2231	-5.545617E-01
2232	-6.457081E-01
2233	-7.316753E-01
2234	-8.115908E-01
2235	-8.846450E-01
2236	-9.501277E-01
2237	-1.007454E+00
2238	-1.056185E+00
2239	-1.096039E+00
2240	-1.126908E+00
2241	-1.148856E+00
2242	-1.162106E+00
2243	-1.166999E+00
2244	-1.163935E+00
2245	-1.153321E+00
2246	-1.135521E+00
2247	-1.110844E+00
2249	-2.595592E-01
2250	-3.614014E-01
2251	-4.607686E-01
2252	-5.568122E-01
2253	-6.486259E-01
2254	-7.352668E-01
2255	-8.158051E-01
2256	-8.893818E-01
2257	-9.552529E-01
2258	-1.012811E+00
2259	-1.061599E+00
2260	-1.101319E+00
2261	-1.131856E+00
2262	-1.153296E+00
2263	-1.165918E+00
2264	-1.170154E+00
2265	-1.166495E+00
2266	-1.155408E+00
2267	-1.137282E+00
2268	-1.112425E+00
2270	-2.605611E-01
2271	-3.631448E-01
2272	-4.633929E-01
2273	-5.604798E-01
2274	-6.534617E-01
2275	-7.412938E-01
2276	-8.229237E-01
2277	-8.974030E-01
2278	-9.639402E-01
2279	-1.021904E+00
2280	-1.070807E+00
2281	-1.110319E+00
2282	-1.140289E+00
2283	-1.160815E+00
2284	-1.172283E+00
2285	-1.175315E+00
2286	-1.170597E+00
2287	-1.158703E+00
2288	-1.140043E+00
2289	-1.114900E+00
2291	-2.618364E-01
2292	-3.653792E-01
2293	-4.668023E-01
2294	-5.653906E-01
2295	-6.601608E-01
2296	-7.498433E-01
2297	-8.331222E-01
2298	-9.089063E-01
2299	-9.764049E-01
2300	-1.034971E+00
2301	-1.084084E+00
2302	-1.123356E+00
2303	-1.152553E+00
2304	-1.171662E+00
2305	-1.181218E+00
2306	-1.182268E+00
2307	-1.175924E+00
2308	-1.162914E+00
2309	-1.143545E+00
2310	-1.118031E+00
2312	-2.632597E-01
2313	-3.678840E-01
2314	-4.706609E-01
2315	-5.710706E-01
2316	-6.685992E-01
2317	-7.612261E-01
2318	-8.466892E-01
2319	-9.241713E-01
2320	-9.929362E-01
2321	-1.052333E+00
2322	-1.101804E+00
2323	-1.140887E+00
2324	-1.169222E+00
2325	-1.186555E+00
2326	-1.192748E+00
2327	-1.190344E+00
2328	-1.181951E+00
2329	-1.167626E+00
2330	-1.147445E+00
2331	-1.121513E+00
2333	-2.646847E-01
2334	-3.703928E-01
2335	-4.745275E-01
2336	-5.767666E-01
2337	-6.770746E-01
2338	-7.726720E-01
2339	-8.603357E-01
2340	-9.395276E-01
2341	-1.009567E+00
2342	-1.069800E+00
2343	-1.119630E+00
2344	-1.158520E+00
2345	-1.185983E+00
2346	-1.201526E+00
2347	-1.204324E+00
2348	-1.198438E+00
2349	-1.187988E+00
2350	-1.172343E+00
2351	-1.151349E+00
2352	-1.124997E+00
2354	-2.659645E-01
2355	-3.726373E-01
2356	-4.779573E-01
2357	-5.817182E-01
2358	-6.838561E-01
2359	-7.813536E-01
2360	-8.707020E-01
2361	-9.512249E-01
2362	-1.022244E+00
2363	-1.083089E+00
2364	-1.133130E+00
2365	-1.171771E+00
2366	-1.198441E+00
2367	-1.212531E+00
2368	-1.213359E+00
2369	-1.205441E+00
2370	-1.193341E+00
2371	-1.176568E+00
2372	-1.154859E+00
2373	-1.128134E+00
2375	-2.669720E-01
2376	-3.743932E-01
2377	-4.806064E-01
2378	-5.854332E-01
2379	-6.887809E-01
2380	-7.875178E-01
2381	-8.779951E-01
2382	-9.594479E-01
2383	-1.031151E+00
2384	-1.092412E+00
2385	-1.142569E+00
2386	-1.180992E+00
2387	-1.207073E+00
2388	-1.220212E+00
2389	-1.219831E+00
2390	-1.210660E+00
2391	-1.197473E+00
2392	-1.179880E+00
2393	-1.157629E+00
2394	-1.130615E+00
2396	-2.676135E-01
2397	-3.755045E-01
2398	-4.822635E-01
2399	-5.877204E-01
2400	-6.917645E-01
2401	-7.912087E-01
2402	-8.823353E-01
2403	-9.643305E-01
2404	-1.036436E+00
2405	-1.097936E+00
2406	-1.148150E+00
2407	-1.186432E+00
2408	-1.212165E+00
2409	-1.224768E+00
2410	-1.223722E+00
2411	-1.213860E+00
2412	-1.200057E+00
2413	-1.181980E+00
2414	-1.159398E+00
2415	-1.132203E+00
2417	-2.678336E-01
2418	-3.758842E-01
2419	-4.828264E-01
2420	-5.884917E-01
2421	-6.927637E-01
2422	-7.924384E-01
2423	-8.837769E-01
2424	-9.659500E-01
2425	-1.038188E+00
2426	-1.099765E+00
2427	-1.149997E+00
2428	-1.188231E+00
2429	-1.213849E+00
2430	-1.226280E+00
2431	-1.225020E+00
2432	-1.214936E+00
2433	-1.200935E+00
2434	-1.182698E+00
2435	-1.160005E+00
2436	-1.132748E+00
2438	-2.676140E-01
2439	-3.755050E-01
2440	-4.822641E-01
2441	-5.877210E-01
2442	-6.917652E-01
2443	-7.912094E-01
2444	-8.823360E-01
2445	-9.643312E-01
2446	-1.036437E+00
2447	-1.097936E+00
2448	-1.148151E+00
2449	-1.186433E+00
2450	-1.212165E+00
2451	-1.224769E+00
2452	-1.223722E+00
2453	-1.213860E+00
2454	-1.200057E+00
2455	-1.181980E+00
2456	-1.159398E+00
2457	-1.132203E+00
2459	-2.669730E-01
2460	-3.743943E-01
2461	-4.806075E-01
2462	-5.854345E-01
2463	-6.887822E-01
2464	-7.875192E-01
2465	-8.779964E-01
2466	-9.594493E-01
2467	-1.031153E+00
2468	-1.092413E+00
2469	-1.142570E+00
2470	-1.180993E+00
2471	-1.207074E+00
2472	-1.220213E+00
2473	-1.219832E+00
2474	-1.210660E+00
2475	-1.197474E+00
2476	-1.179880E+00
2477	-1.157630E+00
2478	-1.130616E+00
2480	-2.659661E-01
2481	-3.726390E-01
2482	-4.779590E-01
2483	-5.817200E-01
2484	-6.838580E-01
2485	-7.813556E-01
2486	-8.707040E-01
2487	-9.512269E-01
2488	-1.022246E+00
2489	-1.083091E+00
2490	-1.133132E+00
2491	-1.171773E+00
2492	-1.198442E+00
2493	-1.212532E+00
2494	-1.213360E+00
2495	-1.205442E+00
2496	-1.193342E+00
2497	-1.176569E+00
2498	-1.154860E+00
2499	-1.128135E+00
2501	-2.646868E-01
2502	-3.703950E-01
2503	-4.745297E-01
2504	-5.767690E-01
2505	-6.770770E-01
2506	-7.726746E-01
2507	-8.603382E-01
2508	-9.395302E-01
2509	-1.009570E+00
2510	-1.069803E+00
2511	-1.119632E+00
2512	-1.158522E+00
2513	-1.185985E+00
2514	-1.201528E+00
2515	-1.204325E+00
2516	-1.198440E+00
2517	-1.187990E+00
2518	-1.172345E+00
2519	-1.151350E+00
2520	-1.124998E+00
2522	-2.632622E-01
2523	-3.678866E-01
2524	-4.706636E-01
2525	-5.710735E-01
2526	-6.686022E-01
2527	-7.612292E-01
2528	-8.466923E-01
2529	-9.241744E-01
2530	-9.929392E-01
2531	-1.052336E+00
2532	-1.101807E+00
2533	-1.140890E+00
2534	-1.169224E+00
2535	-1.186558E+00
2536	-1.192750E+00
2537	-1.190345E+00
2538	-1.181953E+00
2539	-1.167628E+00
2540	-1.147447E+00
2541	-1.121514E+00
2543	-2.618393E-01
2544	-3.653822E-01
2545	-4.668054E-01
2546	-5.653940E-01
2547	-6.601643E-01
2548	-7.498468E-01
2549	-8.331257E-01
2550	-9.089098E-01
2551	-9.764084E-01
2552	-1.034974E+00
2553	-1.084087E+00
2554	-1.123359E+00
2555	-1.152556E+00
2556	-1.171664E+00
2557	-1.181220E+00
2558	-1.182271E+00
2559	-1.175926E+00
2560	-1.162916E+00
2561	-1.143547E+00
2562	-1.118033E+00
2564	-2.605644E-01
2565	-3.631483E-01
2566	-4.633965E-01
2567	-5.604836E-01
2568	-6.534656E-01
2569	-7.412977E-01
2570	-8.229277E-01
2571	-8.974069E-01
2572	-9.639441E-01
2573	-1.021907E+00
2574	-1.070810E+00
2575	-1.110322E+00
2576	-1.140292E+00
2577	-1.160818E+00
2578	-1.172286E+00
2579	-1.175318E+00
2580	-1.170599E+00
2581	-1.158705E+00
2582	-1.140045E+00
2583	-1.114902E+00
2585	-2.595629E-01
2586	-3.614053E-01
2587	-4.607725E-01
2588	-5.568163E-01
2589	-6.486302E-01
2590	-7.352711E-01
2591	-8.158094E-01
2592	-8.893861E-01
2593	-9.552571E-01
2594	-1.012815E+00
2595	-1.061603E+00
2596	-1.101323E+00
2597	-1.131860E+00
2598	-1.153299E+00
2599	-1.165921E+00
2600	-1.170157E+00
2601	-1.166498E+00
2602	-1.155410E+00
2603	-1.137284E+00
2604	-1.112428E+00
2606	-2.589263E-01
2607	-3.603043E-01
2608	-4.591352E-01
2609	-5.545660E-01
2610	-6.457126E-01
2611	-7.316799E-01
2612	-8.115954E-01
2613	-8.846495E-01
2614	-9.501320E-01
2615	-1.007458E+00
2616	-1.056188E+00
2617	-1.096042E+00
2618	-1.126911E+00
2619	-1.148859E+00
2620	-1.162109E+00
2621	-1.167002E+00
2622	-1.163938E+00
2623	-1.153323E+00
2624	-1.135524E+00
2625	-1.110846E+00
2627	-2.587082E-01
2628	-3.599287E-01
2629	-4.585800E-01
2630	-5.538086E-01
2631	-6.447377E-01
2632	-7.304865E-01
2633	-8.101995E-01
2634	-8.830830E-01
2635	-9.484382E-01
2636	-1.005689E+00
2637	-1.054402E+00
2638	-1.094301E+00
2639	-1.125279E+00
2640	-1.147390E+00
2641	-1.160840E+00
2642	-1.165941E+00
2643	-1.163070E+00
2644	-1.152610E+00
2645	-1.134920E+00
2646	-1.110303E+00
2647	4.558730E-01
2648	5.503847E-01
2649	6.414016E-01
2650	7.281350E-01
2651	8.097581E-01
2652	8.854171E-01
2653	9.542579E-01
2654	1.015467E+00
2655	1.068317E+00
2656	1.112206E+00
2657	1.146684E+00
2658	1.171476E+00
2659	1.186491E+00
2660	1.191825E+00
2661	1.187761E+00
2662	1.174742E+00
2663	1.153338E+00
2664	1.124197E+00
2665	1.088002E+00
2666	1.045440E+00
2668	4.560951E-01
2669	5.507444E-01
2670	6.419262E-01
2671	7.288564E-01
2672	8.107060E-01
2673	8.866091E-01
2674	9.556917E-01
2675	1.017118E+00
2676	1.070141E+00
2677	1.114146E+00
2678	1.148677E+00
2679	1.173454E+00
2680	1.188382E+00
2681	1.193560E+00
2682	1.189278E+00
2683	1.175998E+00
2684	1.154315E+00
2685	1.124901E+00
2686	1.088453E+00
2687	1.045659E+00
2689	4.567412E-01
2690	5.517936E-01
2691	6.434627E-01
2692	7.309836E-01
2693	8.135240E-01
2694	8.901806E-01
2695	9.600123E-01
2696	1.022108E+00
2697	1.075662E+00
2698	1.120023E+00
2699	1.154716E+00
2700	1.179450E+00
2701	1.194119E+00
2702	1.198820E+00
2703	1.193866E+00
2704	1.179777E+00
2705	1.157234E+00
2706	1.126988E+00
2707	1.089780E+00
2708	1.046300E+00
2710	4.577520E-01
2711	5.534413E-01
2712	6.458927E-01
2713	7.343926E-01
2714	8.181223E-01
2715	8.961147E-01
2716	9.672855E-01
2717	1.030563E+00
2718	1.085032E+00
2719	1.129999E+00
2720	1.164974E+00
2721	1.189652E+00
2722	1.203900E+00
2723	1.207789E+00
2724	1.201650E+00
2725	1.186110E+00
2726	1.162035E+00
2727	1.130355E+00
2728	1.091891E+00
2729	1.047314E+00
2731	4.590313E-01
2732	5.555354E-01
2733	6.490039E-01
2734	7.388217E-01
2735	8.242934E-01
2736	9.043726E-01
2737	9.776599E-01
2738	1.042735E+00
2739	1.098518E+00
2740	1.144344E+00
2741	1.179736E+00
2742	1.204369E+00
2743	1.218070E+00
2744	1.220838E+00
2745	1.212900E+00
2746	1.195041E+00
2747	1.168550E+00
2748	1.134761E+00
2749	1.094611E+00
2750	1.048611E+00
2752	4.604538E-01
2753	5.578702E-01
2754	6.524893E-01
2755	7.438341E-01
2756	8.314414E-01
2757	9.148590E-01
2758	9.916129E-01
2759	1.059043E+00
2760	1.116496E+00
2761	1.163423E+00
2762	1.199377E+00
2763	1.224019E+00
2764	1.237121E+00
2765	1.238567E+00
2766	1.228359E+00
2767	1.206615E+00
2768	1.176152E+00
2769	1.139772E+00
2770	1.097670E+00
2771	1.050063E+00
2773	4.618771E-01
2774	5.602073E-01
2775	6.559795E-01
2776	7.488560E-01
2777	8.386085E-01
2778	9.253898E-01
2779	1.005641E+00
2780	1.075444E+00
2781	1.134581E+00
2782	1.182616E+00
2783	1.219136E+00
2784	1.243786E+00
2785	1.256283E+00
2786	1.256396E+00
2787	1.243899E+00
2788	1.218236E+00
2789	1.183775E+00
2790	1.144792E+00
2791	1.100733E+00
2792	1.051517E+00
2794	4.631587E-01
2795	5.623075E-01
2796	6.591031E-01
2797	7.533095E-01
2798	8.448281E-01
2799	9.337463E-01
2800	1.016173E+00
2801	1.087814E+00
2802	1.148292E+00
2803	1.197204E+00
2804	1.234147E+00
2805	1.258750E+00
2806	1.270686E+00
2807	1.269653E+00
2808	1.255315E+00
2809	1.227272E+00
2810	1.190341E+00
2811	1.149224E+00
2812	1.103465E+00
2813	1.052819E+00
2815	4.641724E-01
2816	5.639627E-01
2817	6.615484E-01
2818	7.567483E-01
2819	8.494831E-01
2820	9.397866E-01
2821	1.023609E+00
2822	1.096473E+00
2823	1.157896E+00
2824	1.207432E+00
2825	1.244665E+00
2826	1.269209E+00
2827	1.280709E+00
2828	1.278836E+00
2829	1.263272E+00
2830	1.233718E+00
2831	1.195202E+00
2832	1.152622E+00
2833	1.105592E+00
2834	1.053839E+00
2836	4.648209E-01
2837	5.650180E-01
2838	6.630971E-01
2839	7.588989E-01
2840	8.523446E-01
2841	9.434361E-01
2842	1.028047E+00
2843	1.101610E+00
2844	1.163585E+00
2845	1.213490E+00
2846	1.250891E+00
2847	1.275390E+00
2848	1.286620E+00
2849	1.284250E+00
2850	1.267983E+00
2851	1.237579E+00
2852	1.198167E+00
2853	1.154733E+00
2854	1.106931E+00
2855	1.054485E+00
2857	4.650440E-01
2858	5.653801E-01
2859	6.636264E-01
2860	7.596292E-01
2861	8.533087E-01
2862	9.446566E-01
2863	1.029523E+00
2864	1.103314E+00
2865	1.165470E+00
2866	1.215496E+00
2867	1.252952E+00
2868	1.277434E+00
2869	1.288574E+00
2870	1.286040E+00
2871	1.269544E+00
2872	1.238865E+00
2873	1.199161E+00
2874	1.155447E+00
2875	1.107387E+00
2876	1.054706E+00
2878	4.648212E-01
2879	5.650182E-01
2880	6.630974E-01
2881	7.588991E-01
2882	8.523448E-01
2883	9.434362E-01
2884	1.028047E+00
2885	1.101610E+00
2886	1.163585E+00
2887	1.213490E+00
2888	1.250891E+00
2889	1.275390E+00
2890	1.286620E+00
2891	1.284250E+00
2892	1.267983E+00
2893	1.237579E+00
2894	1.198167E+00
2895	1.154733E+00
2896	1.106931E+00
2897	1.054485E+00
2899	4.641729E-01
2900	5.639633E-01
2901	6.615489E-01
2902	7.567486E-01
2903	8.494834E-01
2904	9.397868E-01
2905	1.023609E+00
2906	1.096473E+00
2907	1.157896E+00
2908	1.207433E+00
2909	1.244665E+00
2910	1.269209E+00
2911	1.280709E+00
2912	1.278837E+00
2913	1.263272E+00
2914	1.233718E+00
2915	1.195202E+00
2916	1.152622E+00
2917	1.105592E+00
2918	1.053839E+00
2920	4.631594E-01
2921	5.623082E-01
2922	6.591037E-01
2923	7.533101E-01
2924	8.448286E-01
2925	9.337467E-01
2926	1.016173E+00
2927	1.087814E+00
2928	1.148292E+00
2929	1.197205E+00
2930	1.234148E+00
2931	1.258751E+00
2932	1.270687E+00
2933	1.269653E+00
2934	1.255316E+00
2935	1.227272E+00
2936	1.190341E+00
2937	1.149224E+00
2938	1.103465E+00
2939	1.052819E+00
2941	4.618779E-01
2942	5.602081E-01
2943	6.559802E-01
2944	7.488566E-01
2945	8.386091E-01
2946	9.253904E-01
2947	1.005642E+00
2948	1.075445E+00
2949	1.134581E+00
2950	1.182617E+00
2951	1.219137E+00
2952	1.243787E+00
2953	1.256283E+00
2954	1.256397E+00
2955	1.243899E+00
2956	1.218236E+00
2957	1.183775E+00
2958	1.144792E+00
2959	1.100733E+00
2960	1.051516E+00
2962	4.604546E-01
2963	5.578711E-01
2964	6.524901E-01
2965	7.438348E-01
2966	8.314420E-01
2967	9.148596E-01
2968	9.916135E-01
2969	1.059043E+00
2970	1.116497E+00
2971	1.163424E+00
2972	1.199378E+00
2973	1.224020E+00
2974	1.237121E+00
2975	1.238568E+00
2976	1.228359E+00
2977	1.206615E+00
2978	1.176152E+00
2979	1.139772E+00
2980	1.097670E+00
2981	1.050063E+00
2983	4.590321E-01
2984	5.555363E-01
2985	6.490047E-01
2986	7.388223E-01
2987	8.242939E-01
2988	9.043732E-01
2989	9.776605E-01
2990	1.042736E+00
2991	1.098519E+00
2992	1.144345E+00
2993	1.179737E+00
2994	1.204369E+00
2995	1.218071E+00
2996	1.220838E+00
2997	1.212900E+00
2998	1.195042E+00
2999	1.168551E+00
3000	1.134761E+00
3001	1.094611E+00
3002	1.048611E+00
3004	4.577527E-01
3005	5.534421E-01
3006	6.458935E-01
3007	7.343933E-01
3008	8.181229E-01
3009	8.961154E-01
3010	9.672861E-01
3011	1.030563E+00
3012	1.085033E+00
3013	1.129999E+00
3014	1.164975E+00
3015	1.189652E+00
3016	1.203900E+00
3017	1.207790E+00
3018	1.201650E+00
3019	1.186110E+00
3020	1.162035E+00
3021	1.130355E+00
3022	1.091891E+00
3023	1.047314E+00
3025	4.567418E-01
3026	5.517942E-01
3027	6.434633E-01
3028	7.309842E-01
3029	8.135245E-01
3030	8.901812E-01
3031	9.600130E-01
3032	1.022109E+00
3033	1.075663E+00
3034	1.120023E+00
3035	1.154717E+00
3036	1.179450E+00
3037	1.194119E+00
3038	1.198820E+00
3039	1.193866E+00
3040	1.179777E+00
3041	1.157234E+00
3042	1.126988E+00
3043	1.089780E+00
3044	1.046300E+00
3046	4.560956E-01
3047	5.507449E-01
3048	6.419267E-01
3049	7.288569E-01
3050	8.107065E-01
3051	8.866096E-01
3052	9.556923E-01
3053	1.017119E+00
3054	1.070142E+00
3055	1.114147E+00
3056	1.148677E+00
3057	1.173454E+00
3058	1.188382E+00
3059	1.193560E+00
3060	1.189278E+00
3061	1.175998E+00
3062	1.154315E+00
3063	1.124902E+00
3064	1.088453E+00
3065	1.045659E+00
3067	4.558735E-01
3068	5.503852E-01
3069	6.414021E-01
3070	7.281355E-01
3071	8.097587E-01
3072	8.854177E-01
3073	9.542587E-01
3074	1.015468E+00
3075	1.068318E+00
3076	1.112206E+00
3077	1.146684E+00
3078	1.171476E+00
3079	1.186491E+00
3080	1.191826E+00
3081	1.187761E+00
3082	1.174742E+00
3083	1.153338E+00
3084	1.124197E+00
3085	1.088002E+00
3086	1.045440E+00
3089	3.586207E-01
3090	2.593584E-01
3091	1.588054E-01
3092	5.768256E-02
3093	-4.328165E-02
3094	-1.433472E-01
3095	-2.417684E-01
3096	-3.378031E-01
3097	-4.307294E-01
3098	-5.198645E-01
3099	-6.045858E-01
3100	-6.843529E-01
3101	-7.587245E-01
3102	-8.273690E-01
3103	-8.900600E-01
3104	-9.466557E-01
3105	-9.970657E-01
3106	-1.041213E+00
3107	-1.079003E+00
3110	3.587241E-01
3111	2.593532E-01
3112	1.586939E-01
3113	5.746090E-02
3114	-4.362027E-02
3115	-1.438094E-01
3116	-2.423571E-01
3117	-3.385150E-01
3118	-4.315529E-01
3119	-5.207791E-01
3120	-6.055615E-01
3121	-6.853510E-01
3122	-7.597013E-01
3123	-8.282833E-01
3124	-8.908818E-01
3125	-9.473740E-01
3126	-9.976905E-01
3127	-1.041771E+00
3128	-1.079532E+00
3131	3.590241E-01
3132	2.593361E-01
3133	1.583646E-01
3134	5.680513E-02
3135	-4.462664E-02
3136	-1.451899E-01
3137	-2.441233E-01
3138	-3.406583E-01
3139	-4.340398E-01
3140	-5.235484E-01
3141	-6.085229E-01
3142	-6.883860E-01
3143	-7.626720E-01
3144	-8.310546E-01
3145	-8.933548E-01
3146	-9.495138E-01
3147	-9.995323E-01
3148	-1.043404E+00
3149	-1.081074E+00
3152	3.594909E-01
3153	2.593041E-01
3154	1.578361E-01
3155	5.574692E-02
3156	-4.626830E-02
3157	-1.474674E-01
3158	-2.470651E-01
3159	-3.442550E-01
3160	-4.382381E-01
3161	-5.282484E-01
3162	-6.135754E-01
3163	-6.935880E-01
3164	-7.677695E-01
3165	-8.357802E-01
3166	-8.975040E-01
3167	-9.530207E-01
3168	-1.002483E+00
3169	-1.045979E+00
3170	-1.083489E+00
3173	3.600786E-01
3174	2.592566E-01
3175	1.571488E-01
3176	5.435422E-02
3177	-4.847625E-02
3178	-1.505972E-01
3179	-2.511769E-01
3180	-3.493398E-01
3181	-4.442250E-01
3182	-5.350034E-01
3183	-6.208953E-01
3184	-7.011892E-01
3185	-7.752699E-01
3186	-8.426777E-01
3187	-9.033788E-01
3188	-9.577626E-01
3189	-1.006314E+00
3190	-1.049267E+00
3191	-1.086551E+00
3194	3.607296E-01
3195	2.591984E-01
3196	1.563702E-01
3197	5.276210E-02
3198	-5.110248E-02
3199	-1.545095E-01
3200	-2.564480E-01
3201	-3.559578E-01
3202	-4.521026E-01
3203	-5.439786E-01
3204	-6.307234E-01
3205	-7.115247E-01
3206	-7.856289E-01
3207	-8.523494E-01
3208	-9.110761E-01
3209	-9.632828E-01
3210	-1.010648E+00
3211	-1.052943E+00
3212	-1.089960E+00
3215	3.613804E-01
3216	2.591389E-01
3217	1.555886E-01
3218	5.116377E-02
3219	-5.374282E-02
3220	-1.584466E-01
3221	-2.617526E-01
3222	-3.626173E-01
3223	-4.600286E-01
3224	-5.530077E-01
3225	-6.406089E-01
3226	-7.219186E-01
3227	-7.960434E-01
3228	-8.620685E-01
3229	-9.188020E-01
3230	-9.688152E-01
3231	-1.014989E+00
3232	-1.056623E+00
3233	-1.093370E+00
3236	3.619678E-01
3237	2.590881E-01
3238	1.548936E-01
3239	4.975524E-02
3240	-5.598305E-02
3241	-1.616297E-01
3242	-2.659365E-01
3243	-3.677909E-01
3244	-4.661189E-01
3245	-5.598772E-01
3246	-6.480501E-01
3247	-7.296417E-01
3248	-8.036585E-01
3249	-8.690624E-01
3250	-9.247390E-01
3251	-9.735878E-01
3252	-1.018836E+00
3253	-1.059920E+00
3254	-1.096438E+00
3257	3.624341E-01
3258	2.590522E-01
3259	1.543558E-01
3260	4.867841E-02
3261	-5.766026E-02
3262	-1.639640E-01
3263	-2.689543E-01
3264	-3.714809E-01
3265	-4.704250E-01
3266	-5.646964E-01
3267	-6.532281E-01
3268	-7.349692E-01
3269	-8.088731E-01
3270	-8.738861E-01
3271	-9.289539E-01
3272	-9.771301E-01
3273	-1.021805E+00
3274	-1.062506E+00
3275	-1.098861E+00
3278	3.627337E-01
3279	2.590319E-01
3280	1.540192E-01
3281	4.800830E-02
3282	-5.869316E-02
3283	-1.653860E-01
3284	-2.707757E-01
3285	-3.736918E-01
3286	-4.729900E-01
3287	-5.675517E-01
3288	-6.562798E-01
3289	-7.380941E-01
3290	-8.119272E-01
3291	-8.767273E-01
3292	-9.314749E-01
3293	-9.792970E-01
3294	-1.023662E+00
3295	-1.064147E+00
3296	-1.100408E+00
3299	3.628370E-01
3300	2.590256E-01
3301	1.539049E-01
3302	4.778135E-02
3303	-5.904147E-02
3304	-1.658632E-01
3305	-2.713845E-01
3306	-3.744281E-01
3307	-4.738418E-01
3308	-5.684973E-01
3309	-6.572879E-01
3310	-7.391244E-01
3311	-8.129341E-01
3312	-8.776667E-01
3313	-9.323142E-01
3314	-9.800255E-01
3315	-1.024293E+00
3316	-1.064709E+00
3317	-1.100940E+00
3320	3.627339E-01
3321	2.590321E-01
3322	1.540194E-01
3323	4.800850E-02
3324	-5.869300E-02
3325	-1.653858E-01
3326	-2.707756E-01
3327	-3.736917E-01
3328	-4.729900E-01
3329	-5.675517E-01
3330	-6.562798E-01
3331	-7.380941E-01
3332	-8.119273E-01
3333	-8.767274E-01
3334	-9.314751E-01
3335	-9.792972E-01
3336	-1.023662E+00
3337	-1.064147E+00
3338	-1.100408E+00
3341	3.624345E-01
3342	2.590526E-01
3343	1.543562E-01
3344	4.867875E-02
3345	-5.765995E-02
3346	-1.639637E-01
3347	-2.689540E-01
3348	-3.714807E-01
3349	-4.704250E-01
3350	-5.646965E-01
3351	-6.532282E-01
3352	-7.349694E-01
3353	-8.088733E-01
3354	-8.738863E-01
3355	-9.289542E-01
3356	-9.771304E-01
3357	-1.021806E+00
3358	-1.062506E+00
3359	-1.098861E+00
3362	3.619683E-01
3363	2.590887E-01
3364	1.548941E-01
3365	4.975565E-02
3366	-5.598266E-02
3367	-1.616294E-01
3368	-2.659361E-01
3369	-3.677906E-01
3370	-4.661187E-01
3371	-5.598773E-01
3372	-6.480503E-01
3373	-7.296419E-01
3374	-8.036588E-01
3375	-8.690628E-01
3376	-9.247395E-01
3377	-9.735883E-01
3378	-1.018836E+00
3379	-1.059920E+00
3380	-1.096439E+00
3383	3.613812E-01
3384	2.591395E-01
3385	1.555891E-01
3386	5.116428E-02
3387	-5.374236E-02
3388	-1.584461E-01
3389	-2.617522E-01
3390	-3.626169E-01
3391	-4.600285E-01
3392	-5.530078E-01
3393	-6.406091E-01
3394	-7.219188E-01
3395	-7.960438E-01
3396	-8.620691E-01
3397	-9.188027E-01
3398	-9.688159E-01
3399	-1.014990E+00
3400	-1.056624E+00
3401	-1.093371E+00
3404	3.607303E-01
3405	2.591991E-01
3406	1.563708E-01
3407	5.276263E-02
3408	-5.110202E-02
3409	-1.545091E-01
3410	-2.564476E-01
3411	-3.559575E-01
3412	-4.521025E-01
3413	-5.439787E-01
3414	-6.307236E-01
3415	-7.115250E-01
3416	-7.856294E-01
3417	-8.523502E-01
3418	-9.110770E-01
3419	-9.632838E-01
3420	-1.010649E+00
3421	-1.052945E+00
3422	-1.089961E+00
3425	3.600793E-01
3426	2.592572E-01
3427	1.571494E-01
3428	5.435475E-02
3429	-4.847584E-02
3430	-1.505968E-01
3431	-2.511765E-01
3432	-3.493395E-01
3433	-4.442249E-01
3434	-5.350035E-01
3435	-6.208955E-01
3436	-7.011896E-01
3437	-7.752706E-01
3438	-8.426787E-01
3439	-9.033800E-01
3440	-9.577639E-01
3441	-1.006315E+00
3442	-1.049269E+00
3443	-1.086553E+00
3446	3.594915E-01
3447	2.593047E-01
3448	1.578366E-01
3449	5.574740E-02
3450	-4.626795E-02
3451	-1.474672E-01
3452	-2.470648E-01
3453	-3.442547E-01
3454	-4.382379E-01
3455	-5.282485E-01
3456	-6.135756E-01
3457	-6.935885E-01
3458	-7.677703E-01
3459	-8.357814E-01
3460	-8.975054E-01
3461	-9.530223E-01
3462	-1.002484E+00
3463	-1.045981E+00
3464	-1.083492E+00
3467	3.590246E-01
3468	2.593366E-01
3469	1.583650E-01
3470	5.680554E-02
3471	-4.462630E-02
3472	-1.451897E-01
3473	-2.441230E-01
3474	-3.406581E-01
3475	-4.340397E-01
3476	-5.235483E-01
3477	-6.085231E-01
3478	-6.883864E-01
3479	-7.626728E-01
3480	-8.310558E-01
3481	-8.933564E-01
3482	-9.495157E-01
3483	-9.995344E-01
3484	-1.043406E+00
3485	-1.081076E+00
3488	3.587246E-01
3489	2.593536E-01
3490	1.586943E-01
3491	5.746124E-02
3492	-4.361991E-02
3493	-1.438092E-01
3494	-2.423569E-01
3495	-3.385148E-01
3496	-4.315528E-01
3497	-5.207790E-01
3498	-6.055616E-01
3499	-6.853514E-01
3500	-7.597022E-01
3501	-8.282846E-01
3502	-8.908835E-01
3503	-9.473761E-01
3504	-9.976928E-01
3505	-1.041774E+00
3506	-1.079535E+00
3509	3.586212E-01
3510	2.593588E-01
3511	1.588058E-01
3512	5.768288E-02
3513	-4.328126E-02
3514	-1.433470E-01
3515	-2.417682E-01
3516	-3.378030E-01
3517	-4.307293E-01
3518	-5.198644E-01
3519	-6.045860E-01
3520	-6.843533E-01
3521	-7.587253E-01
3522	-8.273703E-01
3523	-8.900617E-01
3524	-9.466578E-01
3525	-9.970680E-01
3526	-1.041216E+00
3527	-1.079006E+00
