temperature
2
3528
1	-4.272735E-01
2	-2.586527E-01
3	-8.858910E-02
4	8.146368E-02
5	2.500333E-01
6	4.156231E-01
7	5.767229E-01
8	7.318351E-01
9	8.795126E-01
10	1.018402E+00
11	1.147286E+00
12	1.265126E+00
13	1.371097E+00
14	1.464615E+00
15	1.545350E+00
16	1.613205E+00
17	1.668273E+00
18	1.710754E+00
19	1.740886E+00
20	1.758875E+00
21	1.764855E+00
22	-4.275068E-01
23	-2.586420E-01
24	-8.833703E-02
25	8.196853E-02
26	2.508101E-01
27	4.166901E-01
28	5.780886E-01
29	7.334919E-01
30	8.814345E-01
31	1.020545E+00
32	1.149590E+00
33	1.267514E+00
34	1.373479E+00
35	1.466895E+00
36	1.547440E+00
37	1.615045E+00
38	1.669841E+00
39	1.712073E+00
40	1.742011E+00
41	1.759879E+00
42	1.765819E+00
43	-4.281856E-01
44	-2.586083E-01
45	-8.759572E-02
46	8.345785E-02
47	2.531145E-01
48	4.198744E-01
49	5.821850E-01
50	7.384793E-01
51	8.872338E-01
52	1.027023E+00
53	1.156565E+00
54	1.274755E+00
55	1.380711E+00
56	1.473817E+00
57	1.553767E+00
58	1.620576E+00
59	1.674512E+00
60	1.715963E+00
61	1.745303E+00
62	1.762804E+00
63	1.768622E+00
64	-4.292475E-01
65	-2.585487E-01
66	-8.641576E-02
67	8.584553E-02
68	2.568566E-01
69	4.251185E-01
70	5.890093E-01
71	7.468510E-01
72	8.970124E-01
73	1.037981E+00
74	1.168400E+00
75	1.287087E+00
76	1.393070E+00
77	1.485650E+00
78	1.564517E+00
79	1.629833E+00
80	1.682160E+00
81	1.722196E+00
82	1.750499E+00
83	1.767390E+00
84	1.773008E+00
85	-4.305915E-01
86	-2.584646E-01
87	-8.489499E-02
88	8.894877E-02
89	2.618365E-01
90	4.322987E-01
91	5.985611E-01
92	7.587138E-01
93	9.109429E-01
94	1.053656E+00
95	1.185408E+00
96	1.304906E+00
97	1.411046E+00
98	1.502956E+00
99	1.580114E+00
100	1.642885E+00
101	1.692486E+00
102	1.730294E+00
103	1.757137E+00
104	1.773207E+00
105	1.778559E+00
106	-4.320860E-01
107	-2.583643E-01
108	-8.318330E-02
109	9.246267E-02
110	2.675738E-01
111	4.411456E-01
112	6.109542E-01
113	7.742432E-01
114	9.292651E-01
115	1.074366E+00
116	1.208001E+00
117	1.328753E+00
118	1.435345E+00
119	1.526659E+00
120	1.601748E+00
121	1.659855E+00
122	1.704496E+00
123	1.739458E+00
124	1.764564E+00
125	1.779683E+00
126	1.784731E+00
127	-4.335816E-01
128	-2.582625E-01
129	-8.146687E-02
130	9.598677E-02
131	2.733319E-01
132	4.500402E-01
133	6.234293E-01
134	7.898792E-01
135	9.477140E-01
136	1.095218E+00
137	1.230749E+00
138	1.352759E+00
139	1.459802E+00
140	1.550509E+00
141	1.623506E+00
142	1.676899E+00
143	1.716537E+00
144	1.748637E+00
145	1.772000E+00
146	1.786164E+00
147	1.790908E+00
148	-4.349284E-01
149	-2.581745E-01
150	-7.993378E-02
151	9.911627E-02
152	2.783648E-01
153	4.573277E-01
154	6.331554E-01
155	8.019692E-01
156	9.619144E-01
157	1.111196E+00
158	1.248082E+00
159	1.370915E+00
160	1.478108E+00
161	1.568120E+00
162	1.639355E+00
163	1.690112E+00
164	1.726943E+00
165	1.756775E+00
166	1.778660E+00
167	1.791994E+00
168	1.796471E+00
169	-4.359936E-01
170	-2.581101E-01
171	-7.873876E-02
172	1.015357E-01
173	2.821687E-01
174	4.626885E-01
175	6.401624E-01
176	8.105783E-01
177	9.719752E-01
178	1.122471E+00
179	1.260257E+00
180	1.383595E+00
181	1.490808E+00
182	1.580265E+00
183	1.650363E+00
184	1.699541E+00
185	1.734683E+00
186	1.763058E+00
187	1.783883E+00
188	1.796597E+00
189	1.800870E+00
190	-4.366750E-01
191	-2.580724E-01
192	-7.798541E-02
193	1.030500E-01
194	2.845208E-01
195	4.659594E-01
196	6.443916E-01
197	8.157378E-01
198	9.779788E-01
199	1.129178E+00
200	1.267477E+00
201	1.391087E+00
202	1.498285E+00
203	1.587410E+00
204	1.656873E+00
205	1.705197E+00
206	1.739425E+00
207	1.766986E+00
208	1.787197E+00
209	1.799536E+00
210	1.803685E+00
211	-4.369093E-01
212	-2.580602E-01
213	-7.772877E-02
214	1.035643E-01
215	2.853153E-01
216	4.670581E-01
217	6.458054E-01
218	8.174568E-01
219	9.799745E-01
220	1.131404E+00
221	1.269869E+00
222	1.393565E+00
223	1.500754E+00
224	1.589770E+00
225	1.659030E+00
226	1.707083E+00
227	1.741019E+00
228	1.768320E+00
229	1.788330E+00
230	1.800545E+00
231	1.804652E+00
232	-4.366749E-01
233	-2.580724E-01
234	-7.798540E-02
235	1.030500E-01
236	2.845207E-01
237	4.659593E-01
238	6.443914E-01
239	8.157376E-01
240	9.779785E-01
241	1.129178E+00
242	1.267477E+00
243	1.391087E+00
244	1.498284E+00
245	1.587410E+00
246	1.656873E+00
247	1.705197E+00
248	1.739424E+00
249	1.766986E+00
250	1.787197E+00
251	1.799536E+00
252	1.803685E+00
253	-4.359934E-01
254	-2.581100E-01
255	-7.873874E-02
256	1.015355E-01
257	2.821685E-01
258	4.626881E-01
259	6.401620E-01
260	8.105779E-01
261	9.719747E-01
262	1.122471E+00
263	1.260257E+00
264	1.383595E+00
265	1.490807E+00
266	1.580265E+00
267	1.650363E+00
268	1.699541E+00
269	1.734683E+00
270	1.763057E+00
271	1.783883E+00
272	1.796597E+00
273	1.800870E+00
274	-4.349282E-01
275	-2.581743E-01
276	-7.993381E-02
277	9.911599E-02
278	2.783643E-01
279	4.573271E-01
280	6.331547E-01
281	8.019684E-01
282	9.619135E-01
283	1.111196E+00
284	1.248082E+00
285	1.370914E+00
286	1.478108E+00
287	1.568119E+00
288	1.639354E+00
289	1.690112E+00
290	1.726942E+00
291	1.756775E+00
292	1.778660E+00
293	1.791994E+00
294	1.796470E+00
295	-4.335815E-01
296	-2.582625E-01
297	-8.146705E-02
298	9.598627E-02
299	2.733311E-01
300	4.500393E-01
301	6.234283E-01
302	7.898780E-01
303	9.477126E-01
304	1.095217E+00
305	1.230748E+00
306	1.352758E+00
307	1.459801E+00
308	1.550508E+00
309	1.623505E+00
310	1.676899E+00
311	1.716536E+00
312	1.748637E+00
313	1.771999E+00
314	1.786164E+00
315	1.790908E+00
316	-4.320861E-01
317	-2.583645E-01
318	-8.318374E-02
319	9.246193E-02
320	2.675728E-01
321	4.411444E-01
322	6.109528E-01
323	7.742416E-01
324	9.292633E-01
325	1.074364E+00
326	1.208000E+00
327	1.328752E+00
328	1.435344E+00
329	1.526658E+00
330	1.601747E+00
331	1.659855E+00
332	1.704495E+00
333	1.739457E+00
334	1.764564E+00
335	1.779683E+00
336	1.784731E+00
337	-4.305917E-01
338	-2.584651E-01
339	-8.489573E-02
340	8.894775E-02
341	2.618352E-01
342	4.322971E-01
343	5.985593E-01
344	7.587118E-01
345	9.109407E-01
346	1.053654E+00
347	1.185406E+00
348	1.304904E+00
349	1.411044E+00
350	1.502954E+00
351	1.580113E+00
352	1.642884E+00
353	1.692485E+00
354	1.730293E+00
355	1.757137E+00
356	1.773207E+00
357	1.778559E+00
358	-4.292478E-01
359	-2.585494E-01
360	-8.641675E-02
361	8.584423E-02
362	2.568550E-01
363	4.251167E-01
364	5.890072E-01
365	7.468486E-01
366	8.970098E-01
367	1.037979E+00
368	1.168398E+00
369	1.287085E+00
370	1.393068E+00
371	1.485648E+00
372	1.564516E+00
373	1.629832E+00
374	1.682160E+00
375	1.722196E+00
376	1.750499E+00
377	1.767390E+00
378	1.773008E+00
379	-4.281861E-01
380	-2.586091E-01
381	-8.759687E-02
382	8.345635E-02
383	2.531127E-01
384	4.198724E-01
385	5.821826E-01
386	7.384766E-01
387	8.872309E-01
388	1.027020E+00
389	1.156562E+00
390	1.274753E+00
391	1.380709E+00
392	1.473815E+00
393	1.553765E+00
394	1.620575E+00
395	1.674511E+00
396	1.715963E+00
397	1.745303E+00
398	1.762805E+00
399	1.768623E+00
400	-4.275074E-01
401	-2.586429E-01
402	-8.833825E-02
403	8.196693E-02
404	2.508081E-01
405	4.166879E-01
406	5.780861E-01
407	7.334890E-01
408	8.814314E-01
409	1.020542E+00
410	1.149587E+00
411	1.267511E+00
412	1.373476E+00
413	1.466893E+00
414	1.547439E+00
415	1.615044E+00
416	1.669841E+00
417	1.712073E+00
418	1.742011E+00
419	1.759879E+00
420	1.765819E+00
421	-4.272741E-01
422	-2.586536E-01
423	-8.859035E-02
424	8.146205E-02
425	2.500313E-01
426	4.156208E-01
427	5.767203E-01
428	7.318322E-01
429	8.795094E-01
430	1.018399E+00
431	1.147283E+00
432	1.265124E+00
433	1.371095E+00
434	1.464613E+00
435	1.545348E+00
436	1.613204E+00
437	1.668272E+00
438	1.710754E+00
439	1.740886E+00
440	1.758875E+00
441	1.764856E+00
443	-5.929984E-01
444	-7.543520E-01
445	-9.098149E-01
446	-1.057815E+00
447	-1.196741E+00
448	-1.324985E+00
449	-1.441005E+00
450	-1.543401E+00
451	-1.630979E+00
452	-1.702805E+00
453	-1.758239E+00
454	-1.796960E+00
455	-1.818972E+00
456	-1.824601E+00
457	-1.814451E+00
458	-1.789339E+00
459	-1.750199E+00
460	-1.697991E+00
461	-1.633634E+00
462	-1.557968E+00
464	-5.934954E-01
465	-7.551490E-01
466	-9.109587E-01
467	-1.059351E+00
468	-1.198699E+00
469	-1.327363E+00
470	-1.443766E+00
471	-1.546477E+00
472	-1.634279E+00
473	-1.706224E+00
474	-1.761665E+00
475	-1.800272E+00
476	-1.822054E+00
477	-1.827352E+00
478	-1.816808E+00
479	-1.791284E+00
480	-1.751762E+00
481	-1.699238E+00
482	-1.634643E+00
483	-1.558818E+00
485	-5.949460E-01
486	-7.574844E-01
487	-9.143316E-01
488	-1.063917E+00
489	-1.204561E+00
490	-1.334523E+00
491	-1.452105E+00
492	-1.555778E+00
493	-1.644263E+00
494	-1.716576E+00
495	-1.772042E+00
496	-1.810312E+00
497	-1.831390E+00
498	-1.835662E+00
499	-1.823880E+00
500	-1.797070E+00
501	-1.756374E+00
502	-1.702889E+00
503	-1.637585E+00
504	-1.561293E+00
506	-5.972262E-01
507	-7.611804E-01
508	-9.197375E-01
509	-1.071363E+00
510	-1.214288E+00
511	-1.346553E+00
512	-1.466207E+00
513	-1.571541E+00
514	-1.661192E+00
515	-1.734143E+00
516	-1.789680E+00
517	-1.827406E+00
518	-1.847277E+00
519	-1.849717E+00
520	-1.835677E+00
521	-1.806531E+00
522	-1.763763E+00
523	-1.708656E+00
524	-1.642200E+00
525	-1.565165E+00
527	-6.001269E-01
528	-7.659158E-01
529	-9.267618E-01
530	-1.081343E+00
531	-1.227788E+00
532	-1.363657E+00
533	-1.486449E+00
534	-1.594175E+00
535	-1.685496E+00
536	-1.759385E+00
537	-1.815089E+00
538	-1.852127E+00
539	-1.870327E+00
540	-1.869939E+00
541	-1.852205E+00
542	-1.819268E+00
543	-1.773363E+00
544	-1.716031E+00
545	-1.648057E+00
546	-1.570065E+00
548	-6.033632E-01
549	-7.712239E-01
550	-9.347131E-01
551	-1.092896E+00
552	-1.244853E+00
553	-1.386526E+00
554	-1.513456E+00
555	-1.624263E+00
556	-1.717752E+00
557	-1.792919E+00
558	-1.848964E+00
559	-1.885298E+00
560	-1.901550E+00
561	-1.897574E+00
562	-1.873459E+00
563	-1.834056E+00
564	-1.784228E+00
565	-1.724286E+00
566	-1.654582E+00
567	-1.575514E+00
569	-6.066036E-01
570	-7.765409E-01
571	-9.426824E-01
572	-1.104485E+00
573	-1.262000E+00
574	-1.409536E+00
575	-1.540641E+00
576	-1.654555E+00
577	-1.750228E+00
578	-1.826681E+00
579	-1.883067E+00
580	-1.918689E+00
581	-1.932971E+00
582	-1.925372E+00
583	-1.894810E+00
584	-1.848885E+00
585	-1.795114E+00
586	-1.732553E+00
587	-1.661112E+00
588	-1.580967E+00
590	-6.095149E-01
591	-7.812993E-01
592	-9.497527E-01
593	-1.114556E+00
594	-1.275686E+00
595	-1.426937E+00
596	-1.561258E+00
597	-1.677620E+00
598	-1.774998E+00
599	-1.852408E+00
600	-1.908960E+00
601	-1.943871E+00
602	-1.956436E+00
603	-1.945931E+00
604	-1.911552E+00
605	-1.861728E+00
606	-1.804768E+00
607	-1.739956E+00
608	-1.666985E+00
609	-1.585877E+00
611	-6.118080E-01
612	-7.850235E-01
613	-9.552142E-01
614	-1.122108E+00
615	-1.285612E+00
616	-1.439274E+00
617	-1.575749E+00
618	-1.693830E+00
619	-1.792413E+00
620	-1.870479E+00
621	-1.927100E+00
622	-1.961442E+00
623	-1.972750E+00
624	-1.960332E+00
625	-1.923577E+00
626	-1.871310E+00
627	-1.812222E+00
628	-1.745758E+00
629	-1.671619E+00
630	-1.589760E+00
632	-6.132689E-01
633	-7.873814E-01
634	-9.586310E-01
635	-1.126756E+00
636	-1.291622E+00
637	-1.446656E+00
638	-1.584368E+00
639	-1.703454E+00
640	-1.802748E+00
641	-1.881195E+00
642	-1.937840E+00
643	-1.971826E+00
644	-1.982393E+00
645	-1.968890E+00
646	-1.930817E+00
647	-1.877190E+00
648	-1.816883E+00
649	-1.749436E+00
650	-1.674576E+00
651	-1.592245E+00
653	-6.137698E-01
654	-7.881868E-01
655	-9.597912E-01
656	-1.128323E+00
657	-1.293634E+00
658	-1.449114E+00
659	-1.587230E+00
660	-1.706646E+00
661	-1.806174E+00
662	-1.884745E+00
663	-1.941395E+00
664	-1.975262E+00
665	-1.985586E+00
666	-1.971732E+00
667	-1.933234E+00
668	-1.879170E+00
669	-1.818466E+00
670	-1.750693E+00
671	-1.675591E+00
672	-1.593099E+00
674	-6.132687E-01
675	-7.873812E-01
676	-9.586308E-01
677	-1.126756E+00
678	-1.291622E+00
679	-1.446656E+00
680	-1.584368E+00
681	-1.703454E+00
682	-1.802748E+00
683	-1.881195E+00
684	-1.937839E+00
685	-1.971826E+00
686	-1.982393E+00
687	-1.968890E+00
688	-1.930816E+00
689	-1.877190E+00
690	-1.816883E+00
691	-1.749436E+00
692	-1.674576E+00
693	-1.592245E+00
695	-6.118077E-01
696	-7.850232E-01
697	-9.552139E-01
698	-1.122108E+00
699	-1.285612E+00
700	-1.439274E+00
701	-1.575748E+00
702	-1.693830E+00
703	-1.792413E+00
704	-1.870479E+00
705	-1.927099E+00
706	-1.961442E+00
707	-1.972750E+00
708	-1.960331E+00
709	-1.923576E+00
710	-1.871310E+00
711	-1.812221E+00
712	-1.745757E+00
713	-1.671618E+00
714	-1.589760E+00
716	-6.095146E-01
717	-7.812990E-01
718	-9.497524E-01
719	-1.114556E+00
720	-1.275685E+00
721	-1.426936E+00
722	-1.561258E+00
723	-1.677619E+00
724	-1.774998E+00
725	-1.852408E+00
726	-1.908960E+00
727	-1.943870E+00
728	-1.956435E+00
729	-1.945930E+00
730	-1.911551E+00
731	-1.861727E+00
732	-1.804767E+00
733	-1.739955E+00
734	-1.666984E+00
735	-1.585876E+00
737	-6.066034E-01
738	-7.765406E-01
739	-9.426820E-01
740	-1.104484E+00
741	-1.262000E+00
742	-1.409536E+00
743	-1.540640E+00
744	-1.654555E+00
745	-1.750228E+00
746	-1.826681E+00
747	-1.883067E+00
748	-1.918688E+00
749	-1.932971E+00
750	-1.925372E+00
751	-1.894809E+00
752	-1.848884E+00
753	-1.795113E+00
754	-1.732552E+00
755	-1.661111E+00
756	-1.580965E+00
758	-6.033631E-01
759	-7.712237E-01
760	-9.347129E-01
761	-1.092896E+00
762	-1.244852E+00
763	-1.386525E+00
764	-1.513456E+00
765	-1.624263E+00
766	-1.717752E+00
767	-1.792919E+00
768	-1.848964E+00
769	-1.885298E+00
770	-1.901549E+00
771	-1.897573E+00
772	-1.873458E+00
773	-1.834055E+00
774	-1.784227E+00
775	-1.724285E+00
776	-1.654580E+00
777	-1.575512E+00
779	-6.001269E-01
780	-7.659157E-01
781	-9.267616E-01
782	-1.081343E+00
783	-1.227788E+00
784	-1.363656E+00
785	-1.486449E+00
786	-1.594175E+00
787	-1.685495E+00
788	-1.759385E+00
789	-1.815089E+00
790	-1.852126E+00
791	-1.870326E+00
792	-1.869938E+00
793	-1.852204E+00
794	-1.819267E+00
795	-1.773362E+00
796	-1.716029E+00
797	-1.648056E+00
798	-1.570063E+00
800	-5.972263E-01
801	-7.611804E-01
802	-9.197374E-01
803	-1.071363E+00
804	-1.214288E+00
805	-1.346553E+00
806	-1.466206E+00
807	-1.571540E+00
808	-1.661192E+00
809	-1.734142E+00
810	-1.789680E+00
811	-1.827405E+00
812	-1.847276E+00
813	-1.849716E+00
814	-1.835676E+00
815	-1.806530E+00
816	-1.763762E+00
817	-1.708655E+00
818	-1.642199E+00
819	-1.565163E+00
821	-5.949462E-01
822	-7.574845E-01
823	-9.143316E-01
824	-1.063917E+00
825	-1.204561E+00
826	-1.334523E+00
827	-1.452105E+00
828	-1.555778E+00
829	-1.644263E+00
830	-1.716576E+00
831	-1.772042E+00
832	-1.810311E+00
833	-1.831389E+00
834	-1.835661E+00
835	-1.823879E+00
836	-1.797069E+00
837	-1.756372E+00
838	-1.702887E+00
839	-1.637584E+00
840	-1.561292E+00
842	-5.934959E-01
843	-7.551492E-01
844	-9.109587E-01
845	-1.059351E+00
846	-1.198699E+00
847	-1.327363E+00
848	-1.443766E+00
849	-1.546476E+00
850	-1.634278E+00
851	-1.706224E+00
852	-1.761664E+00
853	-1.800271E+00
854	-1.822053E+00
855	-1.827351E+00
856	-1.816806E+00
857	-1.791283E+00
858	-1.751761E+00
859	-1.699237E+00
860	-1.634642E+00
861	-1.558817E+00
863	-5.929989E-01
864	-7.543523E-01
865	-9.098150E-01
866	-1.057815E+00
867	-1.196741E+00
868	-1.324985E+00
869	-1.441005E+00
870	-1.543401E+00
871	-1.630979E+00
872	-1.702804E+00
873	-1.758238E+00
874	-1.796958E+00
875	-1.818971E+00
876	-1.824599E+00
877	-1.814450E+00
878	-1.789338E+00
879	-1.750197E+00
880	-1.697989E+00
881	-1.633633E+00
882	-1.557966E+00
883	1.181671E+00
884	1.305655E+00
885	1.420481E+00
886	1.524923E+00
887	1.617677E+00
888	1.697400E+00
889	1.762763E+00
890	1.812548E+00
891	1.845733E+00
892	1.861572E+00
893	1.859643E+00
894	1.839868E+00
895	1.802521E+00
896	1.748219E+00
897	1.677901E+00
898	1.592773E+00
899	1.494245E+00
900	1.383846E+00
901	1.263145E+00
902	1.133709E+00
903	9.980267E-01
904	1.182315E+00
905	1.306520E+00
906	1.421634E+00
907	1.526434E+00
908	1.619609E+00
909	1.699784E+00
910	1.765588E+00
911	1.815755E+00
912	1.849226E+00
913	1.865235E+00
914	1.863350E+00
915	1.843492E+00
916	1.805939E+00
917	1.751317E+00
918	1.680582E+00
919	1.594976E+00
920	1.495951E+00
921	1.385071E+00
922	1.263928E+00
923	1.134089E+00
924	9.980267E-01
925	1.184189E+00
926	1.309042E+00
927	1.425009E+00
928	1.530891E+00
929	1.625354E+00
930	1.706933E+00
931	1.774110E+00
932	1.825460E+00
933	1.859808E+00
934	1.876329E+00
935	1.874577E+00
936	1.854472E+00
937	1.816296E+00
938	1.760693E+00
939	1.688675E+00
940	1.601591E+00
941	1.501033E+00
942	1.388693E+00
943	1.266229E+00
944	1.135200E+00
945	9.980267E-01
946	1.187119E+00
947	1.313001E+00
948	1.430344E+00
949	1.538033E+00
950	1.634738E+00
951	1.718836E+00
952	1.788490E+00
953	1.841937E+00
954	1.877795E+00
955	1.895173E+00
956	1.893638E+00
957	1.873122E+00
958	1.833902E+00
959	1.776619E+00
960	1.702346E+00
961	1.612628E+00
962	1.509365E+00
963	1.394526E+00
964	1.269885E+00
965	1.136956E+00
966	9.980267E-01
967	1.190829E+00
968	1.318028E+00
969	1.437170E+00
970	1.547313E+00
971	1.647354E+00
972	1.735458E+00
973	1.809091E+00
974	1.865753E+00
975	1.903745E+00
976	1.922297E+00
977	1.921049E+00
978	1.899963E+00
979	1.859301E+00
980	1.799642E+00
981	1.721955E+00
982	1.628086E+00
983	1.520617E+00
984	1.402142E+00
985	1.274589E+00
986	1.139200E+00
987	9.980267E-01
988	1.194954E+00
989	1.323630E+00
990	1.444815E+00
991	1.557818E+00
992	1.661986E+00
993	1.756701E+00
994	1.837024E+00
995	1.897838E+00
996	1.938454E+00
997	1.958415E+00
998	1.957495E+00
999	1.935699E+00
1000	1.893264E+00
1001	1.830655E+00
1002	1.748560E+00
1003	1.647894E+00
1004	1.533705E+00
1005	1.410791E+00
1006	1.279875E+00
1007	1.141711E+00
1008	9.980267E-01
1009	1.199082E+00
1010	1.329239E+00
1011	1.452471E+00
1012	1.568343E+00
1013	1.676661E+00
1014	1.778045E+00
1015	1.865125E+00
1016	1.930129E+00
1017	1.973394E+00
1018	1.994777E+00
1019	1.994188E+00
1020	1.971677E+00
1021	1.927454E+00
1022	1.861868E+00
1023	1.775326E+00
1024	1.667797E+00
1025	1.546834E+00
1026	1.419459E+00
1027	1.285171E+00
1028	1.144226E+00
1029	9.980267E-01
1030	1.202799E+00
1031	1.334280E+00
1032	1.459326E+00
1033	1.577679E+00
1034	1.689385E+00
1035	1.794886E+00
1036	1.886074E+00
1037	1.954378E+00
1038	1.999831E+00
1039	2.022417E+00
1040	2.022123E+00
1041	1.999030E+00
1042	1.953331E+00
1043	1.885312E+00
1044	1.795270E+00
1045	1.683466E+00
1046	1.558188E+00
1047	1.427127E+00
1048	1.289901E+00
1049	1.146480E+00
1050	9.980267E-01
1051	1.205739E+00
1052	1.338257E+00
1053	1.464696E+00
1054	1.584887E+00
1055	1.698895E+00
1056	1.807024E+00
1057	1.900813E+00
1058	1.971303E+00
1059	2.018323E+00
1060	2.041799E+00
1061	2.041731E+00
1062	2.018213E+00
1063	1.971433E+00
1064	1.901672E+00
1065	1.809288E+00
1066	1.694729E+00
1067	1.566641E+00
1068	1.433022E+00
1069	1.293588E+00
1070	1.148249E+00
1071	9.980267E-01
1072	1.207620E+00
1073	1.340794E+00
1074	1.468099E+00
1075	1.589396E+00
1076	1.704737E+00
1077	1.814346E+00
1078	1.909593E+00
1079	1.981329E+00
1080	2.029269E+00
1081	2.053281E+00
1082	2.053353E+00
1083	2.029577E+00
1084	1.982147E+00
1085	1.911362E+00
1086	1.817630E+00
1087	1.701510E+00
1088	1.571816E+00
1089	1.436694E+00
1090	1.295913E+00
1091	1.149371E+00
1092	9.980267E-01
1093	1.208267E+00
1094	1.341664E+00
1095	1.469262E+00
1096	1.590928E+00
1097	1.706704E+00
1098	1.816794E+00
1099	1.912511E+00
1100	1.984652E+00
1101	2.032893E+00
1102	2.057083E+00
1103	2.057202E+00
1104	2.033341E+00
1105	1.985695E+00
1106	1.914572E+00
1107	1.820402E+00
1108	1.703773E+00
1109	1.573556E+00
1110	1.437938E+00
1111	1.296706E+00
1112	1.149755E+00
1113	9.980267E-01
1114	1.207621E+00
1115	1.340794E+00
1116	1.468099E+00
1117	1.589397E+00
1118	1.704737E+00
1119	1.814347E+00
1120	1.909594E+00
1121	1.981330E+00
1122	2.029269E+00
1123	2.053281E+00
1124	2.053353E+00
1125	2.029577E+00
1126	1.982148E+00
1127	1.911362E+00
1128	1.817631E+00
1129	1.701510E+00
1130	1.571816E+00
1131	1.436694E+00
1132	1.295914E+00
1133	1.149371E+00
1134	9.980267E-01
1135	1.205740E+00
1136	1.338258E+00
1137	1.464697E+00
1138	1.584888E+00
1139	1.698896E+00
1140	1.807025E+00
1141	1.900814E+00
1142	1.971304E+00
1143	2.018325E+00
1144	2.041800E+00
1145	2.041732E+00
1146	2.018213E+00
1147	1.971434E+00
1148	1.901673E+00
1149	1.809289E+00
1150	1.694730E+00
1151	1.566642E+00
1152	1.433023E+00
1153	1.293588E+00
1154	1.148249E+00
1155	9.980267E-01
1156	1.202801E+00
1157	1.334282E+00
1158	1.459328E+00
1159	1.577680E+00
1160	1.689386E+00
1161	1.794887E+00
1162	1.886075E+00
1163	1.954380E+00
1164	1.999833E+00
1165	2.022418E+00
1166	2.022125E+00
1167	1.999031E+00
1168	1.953332E+00
1169	1.885313E+00
1170	1.795272E+00
1171	1.683467E+00
1172	1.558190E+00
1173	1.427128E+00
1174	1.289901E+00
1175	1.146481E+00
1176	9.980267E-01
1177	1.199084E+00
1178	1.329241E+00
1179	1.452473E+00
1180	1.568345E+00
1181	1.676663E+00
1182	1.778046E+00
1183	1.865126E+00
1184	1.930131E+00
1185	1.973396E+00
1186	1.994778E+00
1187	1.994189E+00
1188	1.971679E+00
1189	1.927455E+00
1190	1.861870E+00
1191	1.775328E+00
1192	1.667799E+00
1193	1.546835E+00
1194	1.419460E+00
1195	1.285172E+00
1196	1.144226E+00
1197	9.980267E-01
1198	1.194956E+00
1199	1.323633E+00
1200	1.444818E+00
1201	1.557820E+00
1202	1.661988E+00
1203	1.756703E+00
1204	1.837026E+00
1205	1.897840E+00
1206	1.938456E+00
1207	1.958417E+00
1208	1.957497E+00
1209	1.935701E+00
1210	1.893266E+00
1211	1.830657E+00
1212	1.748562E+00
1213	1.647896E+00
1214	1.533707E+00
1215	1.410792E+00
1216	1.279876E+00
1217	1.141711E+00
1218	9.980267E-01
1219	1.190832E+00
1220	1.318030E+00
1221	1.437173E+00
1222	1.547316E+00
1223	1.647356E+00
1224	1.735460E+00
1225	1.809093E+00
1226	1.865756E+00
1227	1.903747E+00
1228	1.922299E+00
1229	1.921051E+00
1230	1.899965E+00
1231	1.859303E+00
1232	1.799644E+00
1233	1.721957E+00
1234	1.628088E+00
1235	1.520618E+00
1236	1.402144E+00
1237	1.274589E+00
1238	1.139200E+00
1239	9.980267E-01
1240	1.187122E+00
1241	1.313003E+00
1242	1.430347E+00
1243	1.538035E+00
1244	1.634740E+00
1245	1.718838E+00
1246	1.788492E+00
1247	1.841940E+00
1248	1.877798E+00
1249	1.895176E+00
1250	1.893641E+00
1251	1.873124E+00
1252	1.833905E+00
1253	1.776621E+00
1254	1.702348E+00
1255	1.612630E+00
1256	1.509367E+00
1257	1.394527E+00
1258	1.269885E+00
1259	1.136956E+00
1260	9.980267E-01
1261	1.184191E+00
1262	1.309045E+00
1263	1.425012E+00
1264	1.530893E+00
1265	1.625356E+00
1266	1.706936E+00
1267	1.774113E+00
1268	1.825463E+00
1269	1.859811E+00
1270	1.876332E+00
1271	1.874580E+00
1272	1.854475E+00
1273	1.816299E+00
1274	1.760696E+00
1275	1.688677E+00
1276	1.601593E+00
1277	1.501035E+00
1278	1.388694E+00
1279	1.266229E+00
1280	1.135200E+00
1281	9.980267E-01
1282	1.182318E+00
1283	1.306523E+00
1284	1.421637E+00
1285	1.526437E+00
1286	1.619612E+00
1287	1.699787E+00
1288	1.765591E+00
1289	1.815758E+00
1290	1.849230E+00
1291	1.865238E+00
1292	1.863353E+00
1293	1.843495E+00
1294	1.805942E+00
1295	1.751320E+00
1296	1.680584E+00
1297	1.594978E+00
1298	1.495952E+00
1299	1.385072E+00
1300	1.263928E+00
1301	1.134089E+00
1302	9.980267E-01
1303	1.181674E+00
1304	1.305658E+00
1305	1.420484E+00
1306	1.524925E+00
1307	1.617680E+00
1308	1.697402E+00
1309	1.762766E+00
1310	1.812551E+00
1311	1.845736E+00
1312	1.861576E+00
1313	1.859646E+00
1314	1.839870E+00
1315	1.802523E+00
1316	1.748222E+00
1317	1.677903E+00
1318	1.592775E+00
1319	1.494247E+00
1320	1.383846E+00
1321	1.263145E+00
1322	1.133709E+00
1323	9.980267E-01
1325	1.049682E+00
1326	9.107746E-01
1327	7.659971E-01
1328	6.163765E-01
1329	4.629435E-01
1330	3.067565E-01
1331	1.489177E-01
1332	-9.418923E-03
1333	-1.670573E-01
1334	-3.227836E-01
1335	-4.754024E-01
1336	-6.237788E-01
1337	-7.668770E-01
1338	-9.037887E-01
1339	-1.033740E+00
1340	-1.156076E+00
1341	-1.270219E+00
1342	-1.375626E+00
1343	-1.471743E+00
1346	1.050159E+00
1347	9.111257E-01
1348	7.662490E-01
1349	6.165410E-01
1350	4.630174E-01
1351	3.067230E-01
1352	1.487532E-01
1353	-9.737116E-03
1354	-1.675420E-01
1355	-3.234318E-01
1356	-4.761925E-01
1357	-6.246715E-01
1358	-7.678201E-01
1359	-9.047278E-01
1360	-1.034632E+00
1361	-1.156901E+00
1362	-1.270985E+00
1363	-1.376366E+00
1364	-1.472506E+00
1367	1.051547E+00
1368	9.121500E-01
1369	7.669909E-01
1370	6.170374E-01
1371	4.632570E-01
1372	3.066499E-01
1373	1.482861E-01
1374	-1.067505E-02
1375	-1.689953E-01
1376	-3.253941E-01
1377	-4.785993E-01
1378	-6.274001E-01
1379	-7.707038E-01
1380	-9.075875E-01
1381	-1.037324E+00
1382	-1.159361E+00
1383	-1.273242E+00
1384	-1.378527E+00
1385	-1.474730E+00
1388	1.053717E+00
1389	9.137594E-01
1390	7.681788E-01
1391	6.178744E-01
1392	4.637237E-01
1393	3.066304E-01
1394	1.476066E-01
1395	-1.217720E-02
1396	-1.714134E-01
1397	-3.287241E-01
1398	-4.827338E-01
1399	-6.321264E-01
1400	-7.757094E-01
1401	-9.125133E-01
1402	-1.041872E+00
1403	-1.163404E+00
1404	-1.276857E+00
1405	-1.381933E+00
1406	-1.478211E+00
1409	1.056464E+00
1410	9.158056E-01
1411	7.697210E-01
1412	6.190598E-01
1413	4.645453E-01
1414	3.068690E-01
1415	1.469038E-01
1416	-1.413826E-02
1417	-1.747857E-01
1418	-3.335091E-01
1419	-4.887851E-01
1420	-6.391424E-01
1421	-7.832138E-01
1422	-9.198282E-01
1423	-1.048387E+00
1424	-1.168897E+00
1425	-1.281553E+00
1426	-1.386279E+00
1427	-1.482623E+00
1430	1.059517E+00
1431	9.180870E-01
1432	7.714649E-01
1433	6.204805E-01
1434	4.659879E-01
1435	3.078558E-01
1436	1.464919E-01
1437	-1.639923E-02
1438	-1.790931E-01
1439	-3.398659E-01
1440	-4.970138E-01
1441	-6.488734E-01
1442	-7.938405E-01
1443	-9.303897E-01
1444	-1.057095E+00
1445	-1.175313E+00
1446	-1.286867E+00
1447	-1.391136E+00
1448	-1.487532E+00
1451	1.062571E+00
1452	9.203689E-01
1453	7.732088E-01
1454	6.219006E-01
1455	4.674299E-01
1456	3.088395E-01
1457	1.460692E-01
1458	-1.868099E-02
1459	-1.834327E-01
1460	-3.462658E-01
1461	-5.052952E-01
1462	-6.586635E-01
1463	-8.045277E-01
1464	-9.410056E-01
1465	-1.065836E+00
1466	-1.181743E+00
1467	-1.292188E+00
1468	-1.395996E+00
1469	-1.492445E+00
1472	1.065322E+00
1473	9.224166E-01
1474	7.747508E-01
1475	6.230841E-01
1476	4.682475E-01
1477	3.090668E-01
1478	1.453401E-01
1479	-2.068880E-02
1480	-1.868745E-01
1481	-3.511426E-01
1482	-5.114569E-01
1483	-6.658016E-01
1484	-8.121552E-01
1485	-9.484289E-01
1486	-1.072422E+00
1487	-1.187272E+00
1488	-1.296903E+00
1489	-1.400353E+00
1490	-1.496865E+00
1493	1.067497E+00
1494	9.240279E-01
1495	7.759385E-01
1496	6.239186E-01
1497	4.687079E-01
1498	3.090320E-01
1499	1.446299E-01
1500	-2.224198E-02
1501	-1.893662E-01
1502	-3.545680E-01
1503	-5.157049E-01
1504	-6.706519E-01
1505	-8.172844E-01
1506	-9.534631E-01
1507	-1.077045E+00
1508	-1.191356E+00
1509	-1.300541E+00
1510	-1.403773E+00
1511	-1.500357E+00
1514	1.068889E+00
1515	9.250540E-01
1516	7.766803E-01
1517	6.244129E-01
1518	4.689419E-01
1519	3.089465E-01
1520	1.441392E-01
1521	-2.321777E-02
1522	-1.908730E-01
1523	-3.565991E-01
1524	-5.181926E-01
1525	-6.734686E-01
1526	-8.202554E-01
1527	-9.563993E-01
1528	-1.079791E+00
1529	-1.193846E+00
1530	-1.302815E+00
1531	-1.405944E+00
1532	-1.502589E+00
1535	1.069368E+00
1536	9.254059E-01
1537	7.769324E-01
1538	6.245767E-01
1539	4.690138E-01
1540	3.089085E-01
1541	1.439661E-01
1542	-2.354967E-02
1543	-1.913770E-01
1544	-3.572718E-01
1545	-5.190115E-01
1546	-6.743925E-01
1547	-8.212293E-01
1548	-9.573655E-01
1549	-1.080702E+00
1550	-1.194682E+00
1551	-1.303587E+00
1552	-1.406688E+00
1553	-1.503356E+00
1556	1.068890E+00
1557	9.250546E-01
1558	7.766810E-01
1559	6.244135E-01
1560	4.689425E-01
1561	3.089471E-01
1562	1.441398E-01
1563	-2.321721E-02
1564	-1.908724E-01
1565	-3.565984E-01
1566	-5.181918E-01
1567	-6.734677E-01
1568	-8.202545E-01
1569	-9.563985E-01
1570	-1.079790E+00
1571	-1.193846E+00
1572	-1.302814E+00
1573	-1.405944E+00
1574	-1.502589E+00
1577	1.067498E+00
1578	9.240292E-01
1579	7.759398E-01
1580	6.239197E-01
1581	4.687090E-01
1582	3.090331E-01
1583	1.446309E-01
1584	-2.224087E-02
1585	-1.893650E-01
1586	-3.545667E-01
1587	-5.157034E-01
1588	-6.706504E-01
1589	-8.172828E-01
1590	-9.534617E-01
1591	-1.077043E+00
1592	-1.191354E+00
1593	-1.300540E+00
1594	-1.403772E+00
1595	-1.500357E+00
1598	1.065324E+00
1599	9.224185E-01
1600	7.747526E-01
1601	6.230857E-01
1602	4.682490E-01
1603	3.090683E-01
1604	1.453417E-01
1605	-2.068716E-02
1606	-1.868727E-01
1607	-3.511406E-01
1608	-5.114548E-01
1609	-6.657993E-01
1610	-8.121530E-01
1611	-9.484268E-01
1612	-1.072421E+00
1613	-1.187270E+00
1614	-1.296901E+00
1615	-1.400352E+00
1616	-1.496864E+00
1619	1.062574E+00
1620	9.203712E-01
1621	7.732109E-01
1622	6.219026E-01
1623	4.674318E-01
1624	3.088415E-01
1625	1.460713E-01
1626	-1.867889E-02
1627	-1.834305E-01
1628	-3.462634E-01
1629	-5.052926E-01
1630	-6.586608E-01
1631	-8.045250E-01
1632	-9.410030E-01
1633	-1.065834E+00
1634	-1.181741E+00
1635	-1.292186E+00
1636	-1.395995E+00
1637	-1.492443E+00
1640	1.059519E+00
1641	9.180894E-01
1642	7.714673E-01
1643	6.204828E-01
1644	4.659902E-01
1645	3.078582E-01
1646	1.464943E-01
1647	-1.639672E-02
1648	-1.790905E-01
1649	-3.398630E-01
1650	-4.970108E-01
1651	-6.488703E-01
1652	-7.938374E-01
1653	-9.303868E-01
1654	-1.057092E+00
1655	-1.175311E+00
1656	-1.286865E+00
1657	-1.391134E+00
1658	-1.487531E+00
1661	1.056466E+00
1662	9.158083E-01
1663	7.697236E-01
1664	6.190624E-01
1665	4.645479E-01
1666	3.068716E-01
1667	1.469066E-01
1668	-1.413541E-02
1669	-1.747827E-01
1670	-3.335059E-01
1671	-4.887818E-01
1672	-6.391390E-01
1673	-7.832105E-01
1674	-9.198251E-01
1675	-1.048384E+00
1676	-1.168895E+00
1677	-1.281551E+00
1678	-1.386277E+00
1679	-1.482622E+00
1682	1.053720E+00
1683	9.137621E-01
1684	7.681815E-01
1685	6.178772E-01
1686	4.637266E-01
1687	3.066333E-01
1688	1.476097E-01
1689	-1.217396E-02
1690	-1.714099E-01
1691	-3.287205E-01
1692	-4.827301E-01
1693	-6.321228E-01
1694	-7.757059E-01
1695	-9.125102E-01
1696	-1.041869E+00
1697	-1.163401E+00
1698	-1.276855E+00
1699	-1.381931E+00
1700	-1.478210E+00
1703	1.051549E+00
1704	9.121528E-01
1705	7.669938E-01
1706	6.170404E-01
1707	4.632601E-01
1708	3.066531E-01
1709	1.482894E-01
1710	-1.067154E-02
1711	-1.689915E-01
1712	-3.253902E-01
1713	-4.785953E-01
1714	-6.273963E-01
1715	-7.707003E-01
1716	-9.075843E-01
1717	-1.037322E+00
1718	-1.159358E+00
1719	-1.273239E+00
1720	-1.378525E+00
1721	-1.474728E+00
1724	1.050161E+00
1725	9.111284E-01
1726	7.662518E-01
1727	6.165440E-01
1728	4.630207E-01
1729	3.067265E-01
1730	1.487567E-01
1731	-9.733368E-03
1732	-1.675380E-01
1733	-3.234276E-01
1734	-4.761884E-01
1735	-6.246675E-01
1736	-7.678165E-01
1737	-9.047246E-01
1738	-1.034629E+00
1739	-1.156898E+00
1740	-1.270983E+00
1741	-1.376364E+00
1742	-1.472505E+00
1745	1.049684E+00
1746	9.107773E-01
1747	7.660000E-01
1748	6.163796E-01
1749	4.629469E-01
1750	3.067600E-01
1751	1.489213E-01
1752	-9.415183E-03
1753	-1.670533E-01
1754	-3.227794E-01
1755	-4.753982E-01
1756	-6.237748E-01
1757	-7.668734E-01
1758	-9.037855E-01
1759	-1.033737E+00
1760	-1.156073E+00
1761	-1.270217E+00
1762	-1.375625E+00
1763	-1.471741E+00
1765	-4.272720E-01
1766	-2.586514E-01
1767	-8.858805E-02
1768	8.146452E-02
1769	2.500340E-01
1770	4.156238E-01
1771	5.767237E-01
1772	7.318359E-01
1773	8.795134E-01
1774	1.018403E+00
1775	1.147287E+00
1776	1.265127E+00
1777	1.371098E+00
1778	1.464616E+00
1779	1.545350E+00
1780	1.613206E+00
1781	1.668273E+00
1782	1.710754E+00
1783	1.740886E+00
1784	1.758874E+00
1785	1.764855E+00
1786	-4.275052E-01
1787	-2.586407E-01
1788	-8.833597E-02
1789	8.196937E-02
1790	2.508108E-01
1791	4.166908E-01
1792	5.780894E-01
1793	7.334927E-01
1794	8.814353E-01
1795	1.020546E+00
1796	1.149591E+00
1797	1.267515E+00
1798	1.373480E+00
1799	1.466896E+00
1800	1.547441E+00
1801	1.615046E+00
1802	1.669841E+00
1803	1.712073E+00
1804	1.742011E+00
1805	1.759879E+00
1806	1.765819E+00
1807	-4.281841E-01
1808	-2.586070E-01
1809	-8.759469E-02
1810	8.345869E-02
1811	2.531152E-01
1812	4.198752E-01
1813	5.821858E-01
1814	7.384802E-01
1815	8.872346E-01
1816	1.027024E+00
1817	1.156565E+00
1818	1.274756E+00
1819	1.380712E+00
1820	1.473817E+00
1821	1.553767E+00
1822	1.620576E+00
1823	1.674512E+00
1824	1.715963E+00
1825	1.745303E+00
1826	1.762804E+00
1827	1.768622E+00
1828	-4.292460E-01
1829	-2.585476E-01
1830	-8.641476E-02
1831	8.584638E-02
1832	2.568573E-01
1833	4.251193E-01
1834	5.890102E-01
1835	7.468519E-01
1836	8.970133E-01
1837	1.037982E+00
1838	1.168401E+00
1839	1.287088E+00
1840	1.393071E+00
1841	1.485651E+00
1842	1.564518E+00
1843	1.629834E+00
1844	1.682161E+00
1845	1.722197E+00
1846	1.750499E+00
1847	1.767390E+00
1848	1.773008E+00
1849	-4.305902E-01
1850	-2.584635E-01
1851	-8.489404E-02
1852	8.894963E-02
1853	2.618374E-01
1854	4.322996E-01
1855	5.985621E-01
1856	7.587148E-01
1857	9.109438E-01
1858	1.053657E+00
1859	1.185408E+00
1860	1.304907E+00
1861	1.411046E+00
1862	1.502957E+00
1863	1.580114E+00
1864	1.642886E+00
1865	1.692487E+00
1866	1.730294E+00
1867	1.757138E+00
1868	1.773207E+00
1869	1.778559E+00
1870	-4.320849E-01
1871	-2.583633E-01
1872	-8.318239E-02
1873	9.246354E-02
1874	2.675747E-01
1875	4.411466E-01
1876	6.109552E-01
1877	7.742442E-01
1878	9.292661E-01
1879	1.074367E+00
1880	1.208002E+00
1881	1.328754E+00
1882	1.435346E+00
1883	1.526660E+00
1884	1.601749E+00
1885	1.659856E+00
1886	1.704496E+00
1887	1.739458E+00
1888	1.764564E+00
1889	1.779683E+00
1890	1.784731E+00
1891	-4.335806E-01
1892	-2.582616E-01
1893	-8.146601E-02
1894	9.598762E-02
1895	2.733328E-01
1896	4.500412E-01
1897	6.234303E-01
1898	7.898802E-01
1899	9.477150E-01
1900	1.095219E+00
1901	1.230750E+00
1902	1.352760E+00
1903	1.459803E+00
1904	1.550510E+00
1905	1.623507E+00
1906	1.676900E+00
1907	1.716538E+00
1908	1.748638E+00
1909	1.772000E+00
1910	1.786164E+00
1911	1.790908E+00
1912	-4.349276E-01
1913	-2.581737E-01
1914	-7.993304E-02
1915	9.911706E-02
1916	2.783657E-01
1917	4.573286E-01
1918	6.331564E-01
1919	8.019703E-01
1920	9.619156E-01
1921	1.111198E+00
1922	1.248083E+00
1923	1.370916E+00
1924	1.478109E+00
1925	1.568121E+00
1926	1.639356E+00
1927	1.690113E+00
1928	1.726943E+00
1929	1.756776E+00
1930	1.778661E+00
1931	1.791994E+00
1932	1.796471E+00
1933	-4.359931E-01
1934	-2.581096E-01
1935	-7.873822E-02
1936	1.015363E-01
1937	2.821696E-01
1938	4.626894E-01
1939	6.401634E-01
1940	8.105795E-01
1941	9.719765E-01
1942	1.122473E+00
1943	1.260259E+00
1944	1.383596E+00
1945	1.490809E+00
1946	1.580266E+00
1947	1.650364E+00
1948	1.699542E+00
1949	1.734684E+00
1950	1.763058E+00
1951	1.783884E+00
1952	1.796597E+00
1953	1.800870E+00
1954	-4.366749E-01
1955	-2.580722E-01
1956	-7.798511E-02
1957	1.030505E-01
1958	2.845215E-01
1959	4.659603E-01
1960	6.443926E-01
1961	8.157390E-01
1962	9.779801E-01
1963	1.129180E+00
1964	1.267479E+00
1965	1.391088E+00
1966	1.498286E+00
1967	1.587411E+00
1968	1.656875E+00
1969	1.705199E+00
1970	1.739426E+00
1971	1.766987E+00
1972	1.787197E+00
1973	1.799536E+00
1974	1.803685E+00
1975	-4.369096E-01
1976	-2.580603E-01
1977	-7.772873E-02
1978	1.035645E-01
1979	2.853158E-01
1980	4.670588E-01
1981	6.458064E-01
1982	8.174580E-01
1983	9.799758E-01
1984	1.131406E+00
1985	1.269871E+00
1986	1.393567E+00
1987	1.500756E+00
1988	1.589771E+00
1989	1.659032E+00
1990	1.707084E+00
1991	1.741020E+00
1992	1.768321E+00
1993	1.788331E+00
1994	1.800546E+00
1995	1.804652E+00
1996	-4.366756E-01
1997	-2.580728E-01
1998	-7.798568E-02
1999	1.030499E-01
2000	2.845210E-01
2001	4.659598E-01
2002	6.443922E-01
2003	8.157387E-01
2004	9.779798E-01
2005	1.129180E+00
2006	1.267479E+00
2007	1.391088E+00
2008	1.498286E+00
2009	1.587411E+00
2010	1.656875E+00
2011	1.705199E+00
2012	1.739426E+00
2013	1.766987E+00
2014	1.787197E+00
2015	1.799536E+00
2016	1.803685E+00
2017	-4.359945E-01
2018	-2.581109E-01
2019	-7.873939E-02
2020	1.015351E-01
2021	2.821684E-01
2022	4.626884E-01
2023	6.401626E-01
2024	8.105788E-01
2025	9.719759E-01
2026	1.122472E+00
2027	1.260259E+00
2028	1.383596E+00
2029	1.490809E+00
2030	1.580266E+00
2031	1.650364E+00
2032	1.699542E+00
2033	1.734684E+00
2034	1.763058E+00
2035	1.783884E+00
2036	1.796597E+00
2037	1.800870E+00
2038	-4.349297E-01
2039	-2.581757E-01
2040	-7.993485E-02
2041	9.911525E-02
2042	2.783639E-01
2043	4.573271E-01
2044	6.331551E-01
2045	8.019691E-01
2046	9.619146E-01
2047	1.111197E+00
2048	1.248083E+00
2049	1.370916E+00
2050	1.478109E+00
2051	1.568121E+00
2052	1.639356E+00
2053	1.690113E+00
2054	1.726943E+00
2055	1.756776E+00
2056	1.778661E+00
2057	1.791994E+00
2058	1.796470E+00
2059	-4.335834E-01
2060	-2.582642E-01
2061	-8.146843E-02
2062	9.598523E-02
2063	2.733305E-01
2064	4.500391E-01
2065	6.234285E-01
2066	7.898786E-01
2067	9.477136E-01
2068	1.095218E+00
2069	1.230749E+00
2070	1.352760E+00
2071	1.459803E+00
2072	1.550510E+00
2073	1.623507E+00
2074	1.676900E+00
2075	1.716538E+00
2076	1.748638E+00
2077	1.772000E+00
2078	1.786164E+00
2079	1.790908E+00
2080	-4.320883E-01
2081	-2.583665E-01
2082	-8.318540E-02
2083	9.246060E-02
2084	2.675719E-01
2085	4.411439E-01
2086	6.109528E-01
2087	7.742421E-01
2088	9.292642E-01
2089	1.074365E+00
2090	1.208001E+00
2091	1.328753E+00
2092	1.435346E+00
2093	1.526660E+00
2094	1.601749E+00
2095	1.659856E+00
2096	1.704497E+00
2097	1.739458E+00
2098	1.764565E+00
2099	1.779683E+00
2100	1.784731E+00
2101	-4.305942E-01
2102	-2.584673E-01
2103	-8.489765E-02
2104	8.894616E-02
2105	2.618340E-01
2106	4.322964E-01
2107	5.985592E-01
2108	7.587122E-01
2109	9.109415E-01
2110	1.053655E+00
2111	1.185407E+00
2112	1.304906E+00
2113	1.411046E+00
2114	1.502956E+00
2115	1.580115E+00
2116	1.642886E+00
2117	1.692487E+00
2118	1.730294E+00
2119	1.757138E+00
2120	1.773207E+00
2121	1.778559E+00
2122	-4.292506E-01
2123	-2.585519E-01
2124	-8.641893E-02
2125	8.584241E-02
2126	2.568536E-01
2127	4.251158E-01
2128	5.890069E-01
2129	7.468488E-01
2130	8.970106E-01
2131	1.037980E+00
2132	1.168399E+00
2133	1.287086E+00
2134	1.393070E+00
2135	1.485650E+00
2136	1.564518E+00
2137	1.629834E+00
2138	1.682161E+00
2139	1.722197E+00
2140	1.750500E+00
2141	1.767391E+00
2142	1.773008E+00
2143	-4.281891E-01
2144	-2.586118E-01
2145	-8.759926E-02
2146	8.345436E-02
2147	2.531112E-01
2148	4.198714E-01
2149	5.821822E-01
2150	7.384769E-01
2151	8.872316E-01
2152	1.027021E+00
2153	1.156563E+00
2154	1.274754E+00
2155	1.380711E+00
2156	1.473816E+00
2157	1.553767E+00
2158	1.620577E+00
2159	1.674513E+00
2160	1.715964E+00
2161	1.745304E+00
2162	1.762805E+00
2163	1.768623E+00
2164	-4.275105E-01
2165	-2.586458E-01
2166	-8.834075E-02
2167	8.196485E-02
2168	2.508065E-01
2169	4.166869E-01
2170	5.780857E-01
2171	7.334892E-01
2172	8.814322E-01
2173	1.020543E+00
2174	1.149588E+00
2175	1.267513E+00
2176	1.373478E+00
2177	1.466895E+00
2178	1.547440E+00
2179	1.615046E+00
2180	1.669842E+00
2181	1.712074E+00
2182	1.742012E+00
2183	1.759880E+00
2184	1.765819E+00
2185	-4.272773E-01
2186	-2.586566E-01
2187	-8.859288E-02
2188	8.145995E-02
2189	2.500297E-01
2190	4.156198E-01
2191	5.767199E-01
2192	7.318324E-01
2193	8.795102E-01
2194	1.018400E+00
2195	1.147285E+00
2196	1.265125E+00
2197	1.371097E+00
2198	1.464615E+00
2199	1.545350E+00
2200	1.613206E+00
2201	1.668273E+00
2202	1.710755E+00
2203	1.740887E+00
2204	1.758875E+00
2205	1.764856E+00
2207	-5.929966E-01
2208	-7.543498E-01
2209	-9.098123E-01
2210	-1.057812E+00
2211	-1.196738E+00
2212	-1.324982E+00
2213	-1.441002E+00
2214	-1.543398E+00
2215	-1.630976E+00
2216	-1.702802E+00
2217	-1.758236E+00
2218	-1.796957E+00
2219	-1.818969E+00
2220	-1.824598E+00
2221	-1.814449E+00
2222	-1.789337E+00
2223	-1.750197E+00
2224	-1.697989E+00
2225	-1.633632E+00
2226	-1.557966E+00
2228	-5.934936E-01
2229	-7.551468E-01
2230	-9.109562E-01
2231	-1.059349E+00
2232	-1.198696E+00
2233	-1.327360E+00
2234	-1.443763E+00
2235	-1.546473E+00
2236	-1.634275E+00
2237	-1.706221E+00
2238	-1.761661E+00
2239	-1.800269E+00
2240	-1.822051E+00
2241	-1.827350E+00
2242	-1.816806E+00
2243	-1.791282E+00
2244	-1.751761E+00
2245	-1.699237E+00
2246	-1.634642E+00
2247	-1.558817E+00
2249	-5.949442E-01
2250	-7.574823E-01
2251	-9.143292E-01
2252	-1.063915E+00
2253	-1.204559E+00
2254	-1.334520E+00
2255	-1.452102E+00
2256	-1.555774E+00
2257	-1.644260E+00
2258	-1.716573E+00
2259	-1.772040E+00
2260	-1.810309E+00
2261	-1.831388E+00
2262	-1.835660E+00
2263	-1.823878E+00
2264	-1.797069E+00
2265	-1.756372E+00
2266	-1.702887E+00
2267	-1.637584E+00
2268	-1.561292E+00
2270	-5.972245E-01
2271	-7.611784E-01
2272	-9.197353E-01
2273	-1.071361E+00
2274	-1.214285E+00
2275	-1.346550E+00
2276	-1.466204E+00
2277	-1.571538E+00
2278	-1.661189E+00
2279	-1.734140E+00
2280	-1.789678E+00
2281	-1.827403E+00
2282	-1.847275E+00
2283	-1.849715E+00
2284	-1.835675E+00
2285	-1.806529E+00
2286	-1.763762E+00
2287	-1.708655E+00
2288	-1.642199E+00
2289	-1.565163E+00
2291	-6.001254E-01
2292	-7.659140E-01
2293	-9.267598E-01
2294	-1.081341E+00
2295	-1.227786E+00
2296	-1.363654E+00
2297	-1.486447E+00
2298	-1.594172E+00
2299	-1.685493E+00
2300	-1.759383E+00
2301	-1.815087E+00
2302	-1.852125E+00
2303	-1.870325E+00
2304	-1.869937E+00
2305	-1.852204E+00
2306	-1.819267E+00
2307	-1.773362E+00
2308	-1.716030E+00
2309	-1.648056E+00
2310	-1.570064E+00
2312	-6.033619E-01
2313	-7.712223E-01
2314	-9.347114E-01
2315	-1.092894E+00
2316	-1.244850E+00
2317	-1.386523E+00
2318	-1.513454E+00
2319	-1.624261E+00
2320	-1.717750E+00
2321	-1.792917E+00
2322	-1.848962E+00
2323	-1.885297E+00
2324	-1.901549E+00
2325	-1.897573E+00
2326	-1.873458E+00
2327	-1.834055E+00
2328	-1.784227E+00
2329	-1.724286E+00
2330	-1.654581E+00
2331	-1.575513E+00
2333	-6.066025E-01
2334	-7.765396E-01
2335	-9.426809E-01
2336	-1.104483E+00
2337	-1.261998E+00
2338	-1.409534E+00
2339	-1.540639E+00
2340	-1.654553E+00
2341	-1.750227E+00
2342	-1.826680E+00
2343	-1.883066E+00
2344	-1.918687E+00
2345	-1.932970E+00
2346	-1.925372E+00
2347	-1.894810E+00
2348	-1.848885E+00
2349	-1.795114E+00
2350	-1.732553E+00
2351	-1.661112E+00
2352	-1.580966E+00
2354	-6.095140E-01
2355	-7.812983E-01
2356	-9.497516E-01
2357	-1.114555E+00
2358	-1.275684E+00
2359	-1.426935E+00
2360	-1.561257E+00
2361	-1.677618E+00
2362	-1.774997E+00
2363	-1.852407E+00
2364	-1.908959E+00
2365	-1.943870E+00
2366	-1.956435E+00
2367	-1.945930E+00
2368	-1.911552E+00
2369	-1.861728E+00
2370	-1.804768E+00
2371	-1.739956E+00
2372	-1.666985E+00
2373	-1.585877E+00
2375	-6.118075E-01
2376	-7.850229E-01
2377	-9.552135E-01
2378	-1.122108E+00
2379	-1.285611E+00
2380	-1.439273E+00
2381	-1.575748E+00
2382	-1.693829E+00
2383	-1.792412E+00
2384	-1.870478E+00
2385	-1.927099E+00
2386	-1.961442E+00
2387	-1.972750E+00
2388	-1.960332E+00
2389	-1.923577E+00
2390	-1.871311E+00
2391	-1.812222E+00
2392	-1.745758E+00
2393	-1.671620E+00
2394	-1.589761E+00
2396	-6.132688E-01
2397	-7.873812E-01
2398	-9.586307E-01
2399	-1.126756E+00
2400	-1.291622E+00
2401	-1.446655E+00
2402	-1.584367E+00
2403	-1.703454E+00
2404	-1.802748E+00
2405	-1.881195E+00
2406	-1.937840E+00
2407	-1.971826E+00
2408	-1.982394E+00
2409	-1.968891E+00
2410	-1.930817E+00
2411	-1.877192E+00
2412	-1.816885E+00
2413	-1.749437E+00
2414	-1.674577E+00
2415	-1.592246E+00
2417	-6.137701E-01
2418	-7.881870E-01
2419	-9.597914E-01
2420	-1.128323E+00
2421	-1.293634E+00
2422	-1.449114E+00
2423	-1.587230E+00
2424	-1.706646E+00
2425	-1.806174E+00
2426	-1.884745E+00
2427	-1.941396E+00
2428	-1.975263E+00
2429	-1.985587E+00
2430	-1.971733E+00
2431	-1.933235E+00
2432	-1.879171E+00
2433	-1.818468E+00
2434	-1.750695E+00
2435	-1.675593E+00
2436	-1.593100E+00
2438	-6.132695E-01
2439	-7.873819E-01
2440	-9.586315E-01
2441	-1.126757E+00
2442	-1.291623E+00
2443	-1.446656E+00
2444	-1.584368E+00
2445	-1.703455E+00
2446	-1.802749E+00
2447	-1.881195E+00
2448	-1.937840E+00
2449	-1.971827E+00
2450	-1.982394E+00
2451	-1.968892E+00
2452	-1.930818E+00
2453	-1.877192E+00
2454	-1.816885E+00
2455	-1.749437E+00
2456	-1.674578E+00
2457	-1.592246E+00
2459	-6.118089E-01
2460	-7.850244E-01
2461	-9.552151E-01
2462	-1.122109E+00
2463	-1.285613E+00
2464	-1.439275E+00
2465	-1.575749E+00
2466	-1.693831E+00
2467	-1.792414E+00
2468	-1.870480E+00
2469	-1.927101E+00
2470	-1.961443E+00
2471	-1.972752E+00
2472	-1.960333E+00
2473	-1.923578E+00
2474	-1.871312E+00
2475	-1.812223E+00
2476	-1.745759E+00
2477	-1.671620E+00
2478	-1.589762E+00
2480	-6.095162E-01
2481	-7.813006E-01
2482	-9.497539E-01
2483	-1.114557E+00
2484	-1.275687E+00
2485	-1.426938E+00
2486	-1.561259E+00
2487	-1.677621E+00
2488	-1.775000E+00
2489	-1.852410E+00
2490	-1.908961E+00
2491	-1.943872E+00
2492	-1.956437E+00
2493	-1.945932E+00
2494	-1.911554E+00
2495	-1.861729E+00
2496	-1.804769E+00
2497	-1.739958E+00
2498	-1.666987E+00
2499	-1.585878E+00
2501	-6.066054E-01
2502	-7.765426E-01
2503	-9.426840E-01
2504	-1.104486E+00
2505	-1.262002E+00
2506	-1.409538E+00
2507	-1.540642E+00
2508	-1.654557E+00
2509	-1.750230E+00
2510	-1.826683E+00
2511	-1.883069E+00
2512	-1.918690E+00
2513	-1.932973E+00
2514	-1.925374E+00
2515	-1.894812E+00
2516	-1.848887E+00
2517	-1.795116E+00
2518	-1.732555E+00
2519	-1.661114E+00
2520	-1.580968E+00
2522	-6.033654E-01
2523	-7.712260E-01
2524	-9.347152E-01
2525	-1.092898E+00
2526	-1.244855E+00
2527	-1.386528E+00
2528	-1.513458E+00
2529	-1.624266E+00
2530	-1.717754E+00
2531	-1.792921E+00
2532	-1.848966E+00
2533	-1.885300E+00
2534	-1.901552E+00
2535	-1.897576E+00
2536	-1.873461E+00
2537	-1.834058E+00
2538	-1.784230E+00
2539	-1.724288E+00
2540	-1.654583E+00
2541	-1.575515E+00
2543	-6.001295E-01
2544	-7.659183E-01
2545	-9.267642E-01
2546	-1.081345E+00
2547	-1.227791E+00
2548	-1.363659E+00
2549	-1.486451E+00
2550	-1.594177E+00
2551	-1.685498E+00
2552	-1.759388E+00
2553	-1.815091E+00
2554	-1.852129E+00
2555	-1.870329E+00
2556	-1.869941E+00
2557	-1.852207E+00
2558	-1.819270E+00
2559	-1.773365E+00
2560	-1.716033E+00
2561	-1.648059E+00
2562	-1.570067E+00
2564	-5.972292E-01
2565	-7.611832E-01
2566	-9.197403E-01
2567	-1.071366E+00
2568	-1.214291E+00
2569	-1.346555E+00
2570	-1.466209E+00
2571	-1.571543E+00
2572	-1.661195E+00
2573	-1.734145E+00
2574	-1.789682E+00
2575	-1.827408E+00
2576	-1.847279E+00
2577	-1.849719E+00
2578	-1.835679E+00
2579	-1.806533E+00
2580	-1.763765E+00
2581	-1.708658E+00
2582	-1.642202E+00
2583	-1.565167E+00
2585	-5.949494E-01
2586	-7.574876E-01
2587	-9.143347E-01
2588	-1.063920E+00
2589	-1.204564E+00
2590	-1.334526E+00
2591	-1.452108E+00
2592	-1.555780E+00
2593	-1.644265E+00
2594	-1.716578E+00
2595	-1.772045E+00
2596	-1.810314E+00
2597	-1.831392E+00
2598	-1.835664E+00
2599	-1.823882E+00
2600	-1.797073E+00
2601	-1.756376E+00
2602	-1.702891E+00
2603	-1.637587E+00
2604	-1.561295E+00
2606	-5.934991E-01
2607	-7.551525E-01
2608	-9.109619E-01
2609	-1.059354E+00
2610	-1.198702E+00
2611	-1.327366E+00
2612	-1.443769E+00
2613	-1.546479E+00
2614	-1.634281E+00
2615	-1.706227E+00
2616	-1.761667E+00
2617	-1.800274E+00
2618	-1.822056E+00
2619	-1.827354E+00
2620	-1.816810E+00
2621	-1.791286E+00
2622	-1.751765E+00
2623	-1.699240E+00
2624	-1.634646E+00
2625	-1.558820E+00
2627	-5.930022E-01
2628	-7.543556E-01
2629	-9.098182E-01
2630	-1.057818E+00
2631	-1.196744E+00
2632	-1.324988E+00
2633	-1.441008E+00
2634	-1.543404E+00
2635	-1.630982E+00
2636	-1.702807E+00
2637	-1.758241E+00
2638	-1.796962E+00
2639	-1.818974E+00
2640	-1.824602E+00
2641	-1.814453E+00
2642	-1.789341E+00
2643	-1.750201E+00
2644	-1.697993E+00
2645	-1.633636E+00
2646	-1.557970E+00
2647	1.181674E+00
2648	1.305657E+00
2649	1.420483E+00
2650	1.524924E+00
2651	1.617678E+00
2652	1.697400E+00
2653	1.762763E+00
2654	1.812547E+00
2655	1.845732E+00
2656	1.861571E+00
2657	1.859642E+00
2658	1.839866E+00
2659	1.802519E+00
2660	1.748218E+00
2661	1.677900E+00
2662	1.592771E+00
2663	1.494244E+00
2664	1.383844E+00
2665	1.263144E+00
2666	1.133708E+00
2668	1.182318E+00
2669	1.306522E+00
2670	1.421636E+00
2671	1.526435E+00
2672	1.619610E+00
2673	1.699784E+00
2674	1.765588E+00
2675	1.815754E+00
2676	1.849225E+00
2677	1.865234E+00
2678	1.863349E+00
2679	1.843491E+00
2680	1.805938E+00
2681	1.751316E+00
2682	1.680581E+00
2683	1.594975E+00
2684	1.495949E+00
2685	1.385070E+00
2686	1.263927E+00
2687	1.134088E+00
2689	1.184191E+00
2690	1.309044E+00
2691	1.425011E+00
2692	1.530892E+00
2693	1.625355E+00
2694	1.706933E+00
2695	1.774110E+00
2696	1.825459E+00
2697	1.859807E+00
2698	1.876328E+00
2699	1.874575E+00
2700	1.854471E+00
2701	1.816295E+00
2702	1.760692E+00
2703	1.688674E+00
2704	1.601589E+00
2705	1.501032E+00
2706	1.388692E+00
2707	1.266228E+00
2708	1.135200E+00
2710	1.187122E+00
2711	1.313003E+00
2712	1.430346E+00
2713	1.538034E+00
2714	1.634739E+00
2715	1.718836E+00
2716	1.788490E+00
2717	1.841937E+00
2718	1.877794E+00
2719	1.895172E+00
2720	1.893637E+00
2721	1.873120E+00
2722	1.833901E+00
2723	1.776617E+00
2724	1.702345E+00
2725	1.612627E+00
2726	1.509364E+00
2727	1.394525E+00
2728	1.269884E+00
2729	1.136956E+00
2731	1.190831E+00
2732	1.318030E+00
2733	1.437172E+00
2734	1.547314E+00
2735	1.647354E+00
2736	1.735458E+00
2737	1.809091E+00
2738	1.865752E+00
2739	1.903744E+00
2740	1.922295E+00
2741	1.921048E+00
2742	1.899961E+00
2743	1.859299E+00
2744	1.799640E+00
2745	1.721954E+00
2746	1.628085E+00
2747	1.520616E+00
2748	1.402142E+00
2749	1.274588E+00
2750	1.139200E+00
2752	1.194956E+00
2753	1.323632E+00
2754	1.444817E+00
2755	1.557819E+00
2756	1.661986E+00
2757	1.756701E+00
2758	1.837024E+00
2759	1.897837E+00
2760	1.938453E+00
2761	1.958413E+00
2762	1.957493E+00
2763	1.935698E+00
2764	1.893263E+00
2765	1.830653E+00
2766	1.748559E+00
2767	1.647893E+00
2768	1.533704E+00
2769	1.410790E+00
2770	1.279875E+00
2771	1.141711E+00
2773	1.199084E+00
2774	1.329240E+00
2775	1.452472E+00
2776	1.568344E+00
2777	1.676661E+00
2778	1.778044E+00
2779	1.865124E+00
2780	1.930129E+00
2781	1.973393E+00
2782	1.994775E+00
2783	1.994186E+00
2784	1.971676E+00
2785	1.927452E+00
2786	1.861867E+00
2787	1.775325E+00
2788	1.667797E+00
2789	1.546833E+00
2790	1.419459E+00
2791	1.285171E+00
2792	1.144226E+00
2794	1.202801E+00
2795	1.334282E+00
2796	1.459327E+00
2797	1.577679E+00
2798	1.689385E+00
2799	1.794885E+00
2800	1.886073E+00
2801	1.954377E+00
2802	1.999830E+00
2803	2.022416E+00
2804	2.022122E+00
2805	1.999029E+00
2806	1.953329E+00
2807	1.885311E+00
2808	1.795269E+00
2809	1.683465E+00
2810	1.558188E+00
2811	1.427127E+00
2812	1.289900E+00
2813	1.146480E+00
2815	1.205741E+00
2816	1.338258E+00
2817	1.464696E+00
2818	1.584888E+00
2819	1.698895E+00
2820	1.807023E+00
2821	1.900812E+00
2822	1.971302E+00
2823	2.018322E+00
2824	2.041797E+00
2825	2.041730E+00
2826	2.018211E+00
2827	1.971432E+00
2828	1.901671E+00
2829	1.809287E+00
2830	1.694728E+00
2831	1.566640E+00
2832	1.433022E+00
2833	1.293588E+00
2834	1.148249E+00
2836	1.207621E+00
2837	1.340795E+00
2838	1.468099E+00
2839	1.589396E+00
2840	1.704736E+00
2841	1.814346E+00
2842	1.909592E+00
2843	1.981328E+00
2844	2.029267E+00
2845	2.053279E+00
2846	2.053351E+00
2847	2.029575E+00
2848	1.982146E+00
2849	1.911360E+00
2850	1.817629E+00
2851	1.701508E+00
2852	1.571815E+00
2853	1.436693E+00
2854	1.295913E+00
2855	1.149371E+00
2857	1.208268E+00
2858	1.341665E+00
2859	1.469262E+00
2860	1.590927E+00
2861	1.706704E+00
2862	1.816793E+00
2863	1.912510E+00
2864	1.984651E+00
2865	2.032892E+00
2866	2.057082E+00
2867	2.057201E+00
2868	2.033339E+00
2869	1.985694E+00
2870	1.914571E+00
2871	1.820400E+00
2872	1.703772E+00
2873	1.573555E+00
2874	1.437937E+00
2875	1.296705E+00
2876	1.149754E+00
2878	1.207622E+00
2879	1.340795E+00
2880	1.468099E+00
2881	1.589397E+00
2882	1.704737E+00
2883	1.814346E+00
2884	1.909592E+00
2885	1.981328E+00
2886	2.029268E+00
2887	2.053279E+00
2888	2.053351E+00
2889	2.029576E+00
2890	1.982146E+00
2891	1.911360E+00
2892	1.817629E+00
2893	1.701508E+00
2894	1.571815E+00
2895	1.436693E+00
2896	1.295913E+00
2897	1.149371E+00
2899	1.205741E+00
2900	1.338259E+00
2901	1.464697E+00
2902	1.584888E+00
2903	1.698895E+00
2904	1.807023E+00
2905	1.900812E+00
2906	1.971302E+00
2907	2.018323E+00
2908	2.041798E+00
2909	2.041730E+00
2910	2.018212E+00
2911	1.971432E+00
2912	1.901672E+00
2913	1.809287E+00
2914	1.694728E+00
2915	1.566640E+00
2916	1.433022E+00
2917	1.293587E+00
2918	1.148249E+00
2920	1.202801E+00
2921	1.334282E+00
2922	1.459328E+00
2923	1.577680E+00
2924	1.689385E+00
2925	1.794886E+00
2926	1.886074E+00
2927	1.954378E+00
2928	1.999831E+00
2929	2.022416E+00
2930	2.022123E+00
2931	1.999029E+00
2932	1.953330E+00
2933	1.885311E+00
2934	1.795270E+00
2935	1.683465E+00
2936	1.558188E+00
2937	1.427126E+00
2938	1.289900E+00
2939	1.146480E+00
2941	1.199084E+00
2942	1.329241E+00
2943	1.452473E+00
2944	1.568345E+00
2945	1.676662E+00
2946	1.778045E+00
2947	1.865125E+00
2948	1.930129E+00
2949	1.973393E+00
2950	1.994776E+00
2951	1.994187E+00
2952	1.971676E+00
2953	1.927453E+00
2954	1.861867E+00
2955	1.775325E+00
2956	1.667797E+00
2957	1.546833E+00
2958	1.419458E+00
2959	1.285171E+00
2960	1.144226E+00
2962	1.194957E+00
2963	1.323633E+00
2964	1.444817E+00
2965	1.557819E+00
2966	1.661987E+00
2967	1.756702E+00
2968	1.837024E+00
2969	1.897838E+00
2970	1.938454E+00
2971	1.958414E+00
2972	1.957494E+00
2973	1.935698E+00
2974	1.893263E+00
2975	1.830654E+00
2976	1.748559E+00
2977	1.647894E+00
2978	1.533704E+00
2979	1.410790E+00
2980	1.279875E+00
2981	1.141711E+00
2983	1.190832E+00
2984	1.318030E+00
2985	1.437172E+00
2986	1.547315E+00
2987	1.647355E+00
2988	1.735458E+00
2989	1.809091E+00
2990	1.865753E+00
2991	1.903745E+00
2992	1.922296E+00
2993	1.921048E+00
2994	1.899962E+00
2995	1.859300E+00
2996	1.799641E+00
2997	1.721955E+00
2998	1.628086E+00
2999	1.520616E+00
3000	1.402142E+00
3001	1.274588E+00
3002	1.139200E+00
3004	1.187122E+00
3005	1.313003E+00
3006	1.430346E+00
3007	1.538035E+00
3008	1.634739E+00
3009	1.718836E+00
3010	1.788490E+00
3011	1.841937E+00
3012	1.877794E+00
3013	1.895173E+00
3014	1.893637E+00
3015	1.873121E+00
3016	1.833901E+00
3017	1.776618E+00
3018	1.702345E+00
3019	1.612627E+00
3020	1.509365E+00
3021	1.394526E+00
3022	1.269884E+00
3023	1.136956E+00
3025	1.184192E+00
3026	1.309045E+00
3027	1.425011E+00
3028	1.530892E+00
3029	1.625355E+00
3030	1.706934E+00
3031	1.774110E+00
3032	1.825460E+00
3033	1.859807E+00
3034	1.876329E+00
3035	1.874576E+00
3036	1.854471E+00
3037	1.816295E+00
3038	1.760692E+00
3039	1.688674E+00
3040	1.601590E+00
3041	1.501032E+00
3042	1.388692E+00
3043	1.266228E+00
3044	1.135200E+00
3046	1.182318E+00
3047	1.306523E+00
3048	1.421636E+00
3049	1.526436E+00
3050	1.619610E+00
3051	1.699785E+00
3052	1.765588E+00
3053	1.815755E+00
3054	1.849226E+00
3055	1.865234E+00
3056	1.863349E+00
3057	1.843491E+00
3058	1.805938E+00
3059	1.751316E+00
3060	1.680581E+00
3061	1.594975E+00
3062	1.495950E+00
3063	1.385070E+00
3064	1.263927E+00
3065	1.134088E+00
3067	1.181674E+00
3068	1.305658E+00
3069	1.420484E+00
3070	1.524924E+00
3071	1.617679E+00
3072	1.697401E+00
3073	1.762764E+00
3074	1.812548E+00
3075	1.845733E+00
3076	1.861572E+00
3077	1.859642E+00
3078	1.839866E+00
3079	1.802519E+00
3080	1.748218E+00
3081	1.677900E+00
3082	1.592772E+00
3083	1.494244E+00
3084	1.383845E+00
3085	1.263144E+00
3086	1.133708E+00
3089	1.049684E+00
3090	9.107778E-01
3091	7.660006E-01
3092	6.163804E-01
3093	4.629475E-01
3094	3.067605E-01
3095	1.489215E-01
3096	-9.415356E-03
3097	-1.670539E-01
3098	-3.227805E-01
3099	-4.753995E-01
3100	-6.237762E-01
3101	-7.668746E-01
3102	-9.037866E-01
3103	-1.033738E+00
3104	-1.156074E+00
3105	-1.270218E+00
3106	-1.375625E+00
3107	-1.471741E+00
3110	1.050162E+00
3111	9.111289E-01
3112	7.662525E-01
3113	6.165448E-01
3114	4.630213E-01
3115	3.067270E-01
3116	1.487569E-01
3117	-9.733560E-03
3118	-1.675386E-01
3119	-3.234287E-01
3120	-4.761896E-01
3121	-6.246689E-01
3122	-7.678178E-01
3123	-9.047257E-01
3124	-1.034630E+00
3125	-1.156899E+00
3126	-1.270983E+00
3127	-1.376364E+00
3128	-1.472505E+00
3131	1.051550E+00
3132	9.121532E-01
3133	7.669943E-01
3134	6.170411E-01
3135	4.632607E-01
3136	3.066537E-01
3137	1.482897E-01
3138	-1.067155E-02
3139	-1.689920E-01
3140	-3.253910E-01
3141	-4.785964E-01
3142	-6.273975E-01
3143	-7.707015E-01
3144	-9.075854E-01
3145	-1.037323E+00
3146	-1.159359E+00
3147	-1.273240E+00
3148	-1.378526E+00
3149	-1.474728E+00
3152	1.053720E+00
3153	9.137625E-01
3154	7.681821E-01
3155	6.178779E-01
3156	4.637273E-01
3157	3.066340E-01
3158	1.476100E-01
3159	-1.217388E-02
3160	-1.714102E-01
3161	-3.287211E-01
3162	-4.827310E-01
3163	-6.321239E-01
3164	-7.757071E-01
3165	-9.125113E-01
3166	-1.041870E+00
3167	-1.163402E+00
3168	-1.276856E+00
3169	-1.381932E+00
3170	-1.478210E+00
3173	1.056466E+00
3174	9.158085E-01
3175	7.697241E-01
3176	6.190630E-01
3177	4.645486E-01
3178	3.068722E-01
3179	1.469071E-01
3180	-1.413514E-02
3181	-1.747826E-01
3182	-3.335062E-01
3183	-4.887825E-01
3184	-6.391400E-01
3185	-7.832116E-01
3186	-9.198263E-01
3187	-1.048386E+00
3188	-1.168896E+00
3189	-1.281552E+00
3190	-1.386278E+00
3191	-1.482622E+00
3194	1.059519E+00
3195	9.180897E-01
3196	7.714678E-01
3197	6.204835E-01
3198	4.659909E-01
3199	3.078588E-01
3200	1.464949E-01
3201	-1.639633E-02
3202	-1.790903E-01
3203	-3.398631E-01
3204	-4.970112E-01
3205	-6.488711E-01
3206	-7.938384E-01
3207	-9.303879E-01
3208	-1.057093E+00
3209	-1.175312E+00
3210	-1.286866E+00
3211	-1.391135E+00
3212	-1.487532E+00
3215	1.062574E+00
3216	9.203714E-01
3217	7.732114E-01
3218	6.219033E-01
3219	4.674326E-01
3220	3.088423E-01
3221	1.460720E-01
3222	-1.867833E-02
3223	-1.834300E-01
3224	-3.462632E-01
3225	-5.052928E-01
3226	-6.586614E-01
3227	-8.045259E-01
3228	-9.410040E-01
3229	-1.065835E+00
3230	-1.181742E+00
3231	-1.292187E+00
3232	-1.395996E+00
3233	-1.492445E+00
3236	1.065324E+00
3237	9.224189E-01
3238	7.747533E-01
3239	6.230866E-01
3240	4.682499E-01
3241	3.090692E-01
3242	1.453426E-01
3243	-2.068639E-02
3244	-1.868721E-01
3245	-3.511403E-01
3246	-5.114548E-01
3247	-6.657997E-01
3248	-8.121536E-01
3249	-9.484277E-01
3250	-1.072422E+00
3251	-1.187271E+00
3252	-1.296903E+00
3253	-1.400353E+00
3254	-1.496865E+00
3257	1.067499E+00
3258	9.240300E-01
3259	7.759407E-01
3260	6.239208E-01
3261	4.687101E-01
3262	3.090343E-01
3263	1.446320E-01
3264	-2.223983E-02
3265	-1.893641E-01
3266	-3.545660E-01
3267	-5.157030E-01
3268	-6.706504E-01
3269	-8.172832E-01
3270	-9.534623E-01
3271	-1.077044E+00
3272	-1.191355E+00
3273	-1.300541E+00
3274	-1.403773E+00
3275	-1.500358E+00
3278	1.068891E+00
3279	9.250558E-01
3280	7.766822E-01
3281	6.244148E-01
3282	4.689439E-01
3283	3.089485E-01
3284	1.441412E-01
3285	-2.321588E-02
3286	-1.908713E-01
3287	-3.565975E-01
3288	-5.181912E-01
3289	-6.734674E-01
3290	-8.202545E-01
3291	-9.563989E-01
3292	-1.079790E+00
3293	-1.193846E+00
3294	-1.302815E+00
3295	-1.405945E+00
3296	-1.502590E+00
3299	1.069369E+00
3300	9.254075E-01
3301	7.769341E-01
3302	6.245785E-01
3303	4.690155E-01
3304	3.089102E-01
3305	1.439678E-01
3306	-2.354803E-02
3307	-1.913755E-01
3308	-3.572706E-01
3309	-5.190106E-01
3310	-6.743917E-01
3311	-8.212290E-01
3312	-9.573655E-01
3313	-1.080702E+00
3314	-1.194683E+00
3315	-1.303587E+00
3316	-1.406689E+00
3317	-1.503357E+00
3320	1.068891E+00
3321	9.250559E-01
3322	7.766824E-01
3323	6.244150E-01
3324	4.689441E-01
3325	3.089486E-01
3326	1.441412E-01
3327	-2.321585E-02
3328	-1.908713E-01
3329	-3.565976E-01
3330	-5.181912E-01
3331	-6.734675E-01
3332	-8.202547E-01
3333	-9.563991E-01
3334	-1.079791E+00
3335	-1.193846E+00
3336	-1.302815E+00
3337	-1.405945E+00
3338	-1.502590E+00
3341	1.067499E+00
3342	9.240303E-01
3343	7.759410E-01
3344	6.239210E-01
3345	4.687103E-01
3346	3.090344E-01
3347	1.446322E-01
3348	-2.223972E-02
3349	-1.893641E-01
3350	-3.545662E-01
3351	-5.157033E-01
3352	-6.706506E-01
3353	-8.172835E-01
3354	-9.534627E-01
3355	-1.077045E+00
3356	-1.191356E+00
3357	-1.300541E+00
3358	-1.403773E+00
3359	-1.500358E+00
3362	1.065324E+00
3363	9.224194E-01
3364	7.747537E-01
3365	6.230869E-01
3366	4.682502E-01
3367	3.090695E-01
3368	1.453428E-01
3369	-2.068622E-02
3370	-1.868722E-01
3371	-3.511405E-01
3372	-5.114551E-01
3373	-6.658000E-01
3374	-8.121541E-01
3375	-9.484283E-01
3376	-1.072422E+00
3377	-1.187272E+00
3378	-1.296903E+00
3379	-1.400354E+00
3380	-1.496866E+00
3383	1.062574E+00
3384	9.203720E-01
3385	7.732119E-01
3386	6.219036E-01
3387	4.674329E-01
3388	3.088425E-01
3389	1.460722E-01
3390	-1.867814E-02
3391	-1.834301E-01
3392	-3.462635E-01
3393	-5.052932E-01
3394	-6.586619E-01
3395	-8.045265E-01
3396	-9.410049E-01
3397	-1.065836E+00
3398	-1.181743E+00
3399	-1.292189E+00
3400	-1.395997E+00
3401	-1.492446E+00
3404	1.059520E+00
3405	9.180902E-01
3406	7.714682E-01
3407	6.204838E-01
3408	4.659912E-01
3409	3.078590E-01
3410	1.464951E-01
3411	-1.639621E-02
3412	-1.790904E-01
3413	-3.398634E-01
3414	-4.970117E-01
3415	-6.488717E-01
3416	-7.938393E-01
3417	-9.303890E-01
3418	-1.057095E+00
3419	-1.175313E+00
3420	-1.286868E+00
3421	-1.391137E+00
3422	-1.487534E+00
3425	1.056467E+00
3426	9.158089E-01
3427	7.697244E-01
3428	6.190632E-01
3429	4.645487E-01
3430	3.068723E-01
3431	1.469072E-01
3432	-1.413508E-02
3433	-1.747828E-01
3434	-3.335066E-01
3435	-4.887830E-01
3436	-6.391407E-01
3437	-7.832126E-01
3438	-9.198277E-01
3439	-1.048387E+00
3440	-1.168898E+00
3441	-1.281554E+00
3442	-1.386280E+00
3443	-1.482625E+00
3446	1.053720E+00
3447	9.137628E-01
3448	7.681823E-01
3449	6.178781E-01
3450	4.637273E-01
3451	3.066339E-01
3452	1.476101E-01
3453	-1.217392E-02
3454	-1.714104E-01
3455	-3.287214E-01
3456	-4.827315E-01
3457	-6.321247E-01
3458	-7.757083E-01
3459	-9.125129E-01
3460	-1.041872E+00
3461	-1.163404E+00
3462	-1.276858E+00
3463	-1.381935E+00
3464	-1.478213E+00
3467	1.051550E+00
3468	9.121534E-01
3469	7.669945E-01
3470	6.170412E-01
3471	4.632608E-01
3472	3.066536E-01
3473	1.482897E-01
3474	-1.067169E-02
3475	-1.689921E-01
3476	-3.253913E-01
3477	-4.785968E-01
3478	-6.273983E-01
3479	-7.707028E-01
3480	-9.075871E-01
3481	-1.037325E+00
3482	-1.159361E+00
3483	-1.273243E+00
3484	-1.378529E+00
3485	-1.474732E+00
3488	1.050162E+00
3489	9.111290E-01
3490	7.662526E-01
3491	6.165448E-01
3492	4.630213E-01
3493	3.067268E-01
3494	1.487568E-01
3495	-9.733752E-03
3496	-1.675388E-01
3497	-3.234289E-01
3498	-4.761901E-01
3499	-6.246696E-01
3500	-7.678190E-01
3501	-9.047275E-01
3502	-1.034633E+00
3503	-1.156902E+00
3504	-1.270986E+00
3505	-1.376368E+00
3506	-1.472508E+00
3509	1.049685E+00
3510	9.107779E-01
3511	7.660007E-01
3512	6.163803E-01
3513	4.629476E-01
3514	3.067603E-01
3515	1.489213E-01
3516	-9.415549E-03
3517	-1.670542E-01
3518	-3.227807E-01
3519	-4.753999E-01
3520	-6.237769E-01
3521	-7.668759E-01
3522	-9.037884E-01
3523	-1.033741E+00
3524	-1.156077E+00
3525	-1.270221E+00
3526	-1.375628E+00
3527	-1.471745E+00
