temperature
2
3528
1	-2.223695E+00
2	-1.582672E+00
3	-9.309547E-01
4	-2.746856E-01
5	3.799353E-01
6	1.026618E+00
7	1.659008E+00
8	2.270776E+00
9	2.855759E+00
10	3.408129E+00
11	3.922577E+00
12	4.394488E+00
13	4.820113E+00
14	5.196698E+00
15	5.522542E+00
16	5.796937E+00
17	6.019977E+00
18	6.192264E+00
19	6.314586E+00
20	6.387658E+00
21	6.411960E+00
22	-2.225037E+00
23	-1.582990E+00
24	-9.302872E-01
25	-2.730113E-01
26	3.826775E-01
27	1.030496E+00
28	1.664065E+00
29	2.276999E+00
30	2.863066E+00
31	3.416365E+00
32	3.931512E+00
33	4.403823E+00
34	4.829487E+00
35	5.205719E+00
36	5.530848E+00
37	5.804272E+00
38	6.026248E+00
39	6.197550E+00
40	6.319100E+00
41	6.391692E+00
42	6.415832E+00
43	-2.228944E+00
44	-1.583904E+00
45	-9.283180E-01
46	-2.680713E-01
47	3.908053E-01
48	1.042056E+00
49	1.679211E+00
50	2.295708E+00
51	2.885096E+00
52	3.441249E+00
53	3.958564E+00
54	4.432139E+00
55	4.857959E+00
56	5.233114E+00
57	5.555994E+00
58	5.826328E+00
59	6.044922E+00
60	6.213133E+00
61	6.332309E+00
62	6.403443E+00
63	6.427097E+00
64	-2.235056E+00
65	-1.585309E+00
66	-9.251677E-01
67	-2.601508E-01
68	4.039793E-01
69	1.061035E+00
70	1.704362E+00
71	2.327030E+00
72	2.922179E+00
73	3.483306E+00
74	4.004461E+00
75	4.480375E+00
76	4.906643E+00
77	5.279989E+00
78	5.598759E+00
79	5.863267E+00
80	6.075513E+00
81	6.238109E+00
82	6.353159E+00
83	6.421865E+00
84	6.444720E+00
85	-2.242793E+00
86	-1.587054E+00
87	-9.210861E-01
88	-2.498550E-01
89	4.214550E-01
90	1.086878E+00
91	1.739358E+00
92	2.371211E+00
93	2.974866E+00
94	3.543394E+00
95	4.070400E+00
96	4.550110E+00
97	4.977522E+00
98	5.348628E+00
99	5.660881E+00
100	5.915403E+00
101	6.116840E+00
102	6.270566E+00
103	6.379804E+00
104	6.445231E+00
105	6.467030E+00
106	-2.251397E+00
107	-1.588969E+00
108	-9.164745E-01
109	-2.381928E-01
110	4.415492E-01
111	1.118383E+00
112	1.784233E+00
113	2.428653E+00
114	3.043916E+00
115	3.622662E+00
116	4.157982E+00
117	4.643502E+00
118	5.073465E+00
119	5.442809E+00
120	5.747237E+00
121	5.983300E+00
122	6.164933E+00
123	6.307308E+00
124	6.409617E+00
125	6.471252E+00
126	6.491838E+00
127	-2.260007E+00
128	-1.590879E+00
129	-9.118437E-01
130	-2.264884E-01
131	4.617301E-01
132	1.150087E+00
133	1.829450E+00
134	2.486545E+00
135	3.113508E+00
136	3.702545E+00
137	4.246233E+00
138	4.737592E+00
139	5.170105E+00
140	5.537643E+00
141	5.834142E+00
142	6.051527E+00
143	6.213167E+00
144	6.344120E+00
145	6.439468E+00
146	6.497295E+00
147	6.516667E+00
148	-2.267761E+00
149	-1.592611E+00
150	-9.077121E-01
151	-2.160834E-01
152	4.794270E-01
153	1.176377E+00
154	1.865177E+00
155	2.531689E+00
156	3.167351E+00
157	3.763945E+00
158	4.313595E+00
159	4.808804E+00
160	5.242444E+00
161	5.607635E+00
162	5.897388E+00
163	6.104383E+00
164	6.254851E+00
165	6.376760E+00
166	6.466212E+00
167	6.520724E+00
168	6.539026E+00
169	-2.273895E+00
170	-1.593999E+00
171	-9.045008E-01
172	-2.080307E-01
173	4.928603E-01
174	1.195846E+00
175	1.891099E+00
176	2.564021E+00
177	3.205645E+00
178	3.807373E+00
179	4.360974E+00
180	4.858572E+00
181	5.292635E+00
182	5.655895E+00
183	5.941300E+00
184	6.142088E+00
185	6.285855E+00
186	6.401957E+00
187	6.487185E+00
188	6.539221E+00
189	6.556712E+00
190	-2.277819E+00
191	-1.594901E+00
192	-9.024828E-01
193	-2.029863E-01
194	5.011882E-01
195	1.207770E+00
196	1.906807E+00
197	2.583463E+00
198	3.228552E+00
199	3.833249E+00
200	4.389095E+00
201	4.887991E+00
202	5.322187E+00
203	5.684281E+00
204	5.967267E+00
205	6.164703E+00
206	6.304844E+00
207	6.417714E+00
208	6.500490E+00
209	6.551033E+00
210	6.568028E+00
211	-2.279168E+00
212	-1.595213E+00
213	-9.017967E-01
214	-2.012726E-01
215	5.040049E-01
216	1.211782E+00
217	1.912067E+00
218	2.589952E+00
219	3.236177E+00
220	3.841844E+00
221	4.398417E+00
222	4.897724E+00
223	5.331950E+00
224	5.693658E+00
225	5.975868E+00
226	6.172242E+00
227	6.311231E+00
228	6.423064E+00
229	6.505042E+00
230	6.555090E+00
231	6.571918E+00
232	-2.277819E+00
233	-1.594900E+00
234	-9.024826E-01
235	-2.029861E-01
236	5.011884E-01
237	1.207771E+00
238	1.906807E+00
239	2.583464E+00
240	3.228553E+00
241	3.833249E+00
242	4.389095E+00
243	4.887991E+00
244	5.322187E+00
245	5.684281E+00
246	5.967267E+00
247	6.164703E+00
248	6.304844E+00
249	6.417714E+00
250	6.500490E+00
251	6.551033E+00
252	6.568027E+00
253	-2.273894E+00
254	-1.593999E+00
255	-9.045004E-01
256	-2.080304E-01
257	4.928607E-01
258	1.195847E+00
259	1.891100E+00
260	2.564022E+00
261	3.205645E+00
262	3.807374E+00
263	4.360974E+00
264	4.858573E+00
265	5.292635E+00
266	5.655895E+00
267	5.941300E+00
268	6.142088E+00
269	6.285854E+00
270	6.401957E+00
271	6.487184E+00
272	6.539220E+00
273	6.556711E+00
274	-2.267761E+00
275	-1.592610E+00
276	-9.077115E-01
277	-2.160828E-01
278	4.794276E-01
279	1.176378E+00
280	1.865178E+00
281	2.531690E+00
282	3.167352E+00
283	3.763946E+00
284	4.313596E+00
285	4.808805E+00
286	5.242445E+00
287	5.607636E+00
288	5.897388E+00
289	6.104383E+00
290	6.254850E+00
291	6.376760E+00
292	6.466211E+00
293	6.520723E+00
294	6.539025E+00
295	-2.260006E+00
296	-1.590878E+00
297	-9.118428E-01
298	-2.264876E-01
299	4.617309E-01
300	1.150088E+00
301	1.829451E+00
302	2.486546E+00
303	3.113509E+00
304	3.702546E+00
305	4.246235E+00
306	4.737594E+00
307	5.170106E+00
308	5.537644E+00
309	5.834143E+00
310	6.051527E+00
311	6.213167E+00
312	6.344120E+00
313	6.439467E+00
314	6.497294E+00
315	6.516665E+00
316	-2.251395E+00
317	-1.588968E+00
318	-9.164734E-01
319	-2.381919E-01
320	4.415502E-01
321	1.118384E+00
322	1.784234E+00
323	2.428655E+00
324	3.043918E+00
325	3.622663E+00
326	4.157983E+00
327	4.643503E+00
328	5.073466E+00
329	5.442810E+00
330	5.747238E+00
331	5.983300E+00
332	6.164933E+00
333	6.307307E+00
334	6.409616E+00
335	6.471250E+00
336	6.491837E+00
337	-2.242792E+00
338	-1.587053E+00
339	-9.210849E-01
340	-2.498540E-01
341	4.214561E-01
342	1.086879E+00
343	1.739359E+00
344	2.371213E+00
345	2.974867E+00
346	3.543396E+00
347	4.070401E+00
348	4.550111E+00
349	4.977523E+00
350	5.348628E+00
351	5.660882E+00
352	5.915403E+00
353	6.116840E+00
354	6.270565E+00
355	6.379803E+00
356	6.445230E+00
357	6.467028E+00
358	-2.235055E+00
359	-1.585307E+00
360	-9.251665E-01
361	-2.601496E-01
362	4.039805E-01
363	1.061036E+00
364	1.704364E+00
365	2.327032E+00
366	2.922180E+00
367	3.483307E+00
368	4.004462E+00
369	4.480376E+00
370	4.906644E+00
371	5.279990E+00
372	5.598760E+00
373	5.863268E+00
374	6.075513E+00
375	6.238109E+00
376	6.353158E+00
377	6.421863E+00
378	6.444719E+00
379	-2.228943E+00
380	-1.583902E+00
381	-9.283167E-01
382	-2.680702E-01
383	3.908065E-01
384	1.042057E+00
385	1.679212E+00
386	2.295709E+00
387	2.885097E+00
388	3.441250E+00
389	3.958565E+00
390	4.432140E+00
391	4.857960E+00
392	5.233115E+00
393	5.555995E+00
394	5.826328E+00
395	6.044922E+00
396	6.213132E+00
397	6.332308E+00
398	6.403442E+00
399	6.427095E+00
400	-2.225036E+00
401	-1.582988E+00
402	-9.302859E-01
403	-2.730102E-01
404	3.826785E-01
405	1.030497E+00
406	1.664066E+00
407	2.277000E+00
408	2.863067E+00
409	3.416366E+00
410	3.931513E+00
411	4.403824E+00
412	4.829488E+00
413	5.205720E+00
414	5.530848E+00
415	5.804272E+00
416	6.026248E+00
417	6.197549E+00
418	6.319100E+00
419	6.391690E+00
420	6.415830E+00
421	-2.223693E+00
422	-1.582671E+00
423	-9.309534E-01
424	-2.746845E-01
425	3.799364E-01
426	1.026619E+00
427	1.659009E+00
428	2.270777E+00
429	2.855760E+00
430	3.408130E+00
431	3.922578E+00
432	4.394489E+00
433	4.820114E+00
434	5.196699E+00
435	5.522542E+00
436	5.796937E+00
437	6.019977E+00
438	6.192264E+00
439	6.314585E+00
440	6.387657E+00
441	6.411959E+00
443	-2.847862E+00
444	-3.448896E+00
445	-4.020322E+00
446	-4.555443E+00
447	-5.047422E+00
448	-5.489490E+00
449	-5.875251E+00
450	-6.199032E+00
451	-6.456185E+00
452	-6.643310E+00
453	-6.758397E+00
454	-6.800894E+00
455	-6.771730E+00
456	-6.673246E+00
457	-6.509010E+00
458	-6.283506E+00
459	-6.001743E+00
460	-5.668871E+00
461	-5.289906E+00
462	-4.869589E+00
464	-2.850342E+00
465	-3.452694E+00
466	-4.025662E+00
467	-4.562534E+00
468	-5.056389E+00
469	-5.500308E+00
470	-5.887730E+00
471	-6.212840E+00
472	-6.470895E+00
473	-6.658444E+00
474	-6.773445E+00
475	-6.815336E+00
476	-6.785067E+00
477	-6.685060E+00
478	-6.519035E+00
479	-6.291679E+00
480	-6.008189E+00
481	-5.673848E+00
482	-5.293719E+00
483	-4.872529E+00
485	-2.857579E+00
486	-3.463825E+00
487	-4.041410E+00
488	-4.583614E+00
489	-5.083246E+00
490	-5.532896E+00
491	-5.925441E+00
492	-6.254618E+00
493	-6.515419E+00
494	-6.704258E+00
495	-6.819020E+00
496	-6.859088E+00
497	-6.825439E+00
498	-6.720711E+00
499	-6.549109E+00
500	-6.315990E+00
501	-6.027199E+00
502	-5.688422E+00
503	-5.304837E+00
504	-4.881084E+00
506	-2.868951E+00
507	-3.481437E+00
508	-4.066655E+00
509	-4.618007E+00
510	-5.127847E+00
511	-5.587710E+00
512	-5.989276E+00
513	-6.325469E+00
514	-6.590933E+00
515	-6.781991E+00
516	-6.896427E+00
517	-6.933493E+00
518	-6.894039E+00
519	-6.780922E+00
520	-6.599213E+00
521	-6.355719E+00
522	-6.057669E+00
523	-5.711458E+00
524	-5.322283E+00
525	-4.894468E+00
527	-2.883413E+00
528	-3.503999E+00
529	-4.099462E+00
530	-4.664147E+00
531	-5.189852E+00
532	-5.665793E+00
533	-6.081065E+00
534	-6.427318E+00
535	-6.699390E+00
536	-6.893665E+00
537	-7.007840E+00
538	-7.040916E+00
539	-6.993322E+00
540	-6.867317E+00
541	-6.669273E+00
542	-6.409167E+00
543	-6.097267E+00
544	-5.740933E+00
545	-5.344439E+00
546	-4.911411E+00
548	-2.899545E+00
549	-3.529289E+00
550	-4.136609E+00
551	-4.717599E+00
552	-5.268451E+00
553	-5.770566E+00
554	-6.203833E+00
555	-6.562916E+00
556	-6.843435E+00
557	-7.041994E+00
558	-7.156212E+00
559	-7.184753E+00
560	-7.127346E+00
561	-6.984798E+00
562	-6.759022E+00
563	-6.471198E+00
564	-6.142097E+00
565	-5.773944E+00
566	-5.369131E+00
567	-4.930252E+00
569	-2.915700E+00
570	-3.554625E+00
571	-4.173847E+00
572	-4.771235E+00
573	-5.347477E+00
574	-5.876061E+00
575	-6.327501E+00
576	-6.699537E+00
577	-6.988580E+00
578	-7.191458E+00
579	-7.305710E+00
580	-7.329661E+00
581	-7.262333E+00
582	-7.103066E+00
583	-6.849239E+00
584	-6.533429E+00
585	-6.187028E+00
586	-5.807007E+00
587	-5.393850E+00
588	-4.949108E+00
590	-2.930218E+00
591	-3.577306E+00
592	-4.206891E+00
593	-4.817844E+00
594	-5.410429E+00
595	-5.955655E+00
596	-6.421192E+00
597	-6.803555E+00
598	-7.099373E+00
599	-7.305541E+00
600	-7.419510E+00
601	-7.439347E+00
602	-7.363637E+00
603	-7.191092E+00
604	-6.920330E+00
605	-6.587387E+00
606	-6.226884E+00
607	-5.836617E+00
608	-5.416077E+00
609	-4.966089E+00
611	-2.941658E+00
612	-3.595064E+00
613	-4.232420E+00
614	-4.852781E+00
615	-5.456050E+00
616	-6.012034E+00
617	-6.486997E+00
618	-6.876661E+00
619	-7.177321E+00
620	-7.385782E+00
621	-7.499399E+00
622	-7.516098E+00
623	-7.434322E+00
624	-7.252983E+00
625	-6.971538E+00
626	-6.627708E+00
627	-6.257666E+00
628	-5.859816E+00
629	-5.433610E+00
630	-4.979520E+00
632	-2.948950E+00
633	-3.606311E+00
634	-4.248393E+00
635	-4.874280E+00
636	-5.483660E+00
637	-6.045753E+00
638	-6.526128E+00
639	-6.920066E+00
640	-7.223601E+00
641	-7.433408E+00
642	-7.546765E+00
643	-7.561539E+00
644	-7.476194E+00
645	-7.289845E+00
646	-7.002424E+00
647	-6.652473E+00
648	-6.276922E+00
649	-5.874522E+00
650	-5.444797E+00
651	-4.988114E+00
653	-2.951451E+00
654	-3.610154E+00
655	-4.253818E+00
656	-4.881527E+00
657	-5.492900E+00
658	-6.056979E+00
659	-6.539120E+00
660	-6.934461E+00
661	-7.238946E+00
662	-7.449196E+00
663	-7.562459E+00
664	-7.576589E+00
665	-7.490070E+00
666	-7.302094E+00
667	-7.012744E+00
668	-6.660813E+00
669	-6.283461E+00
670	-5.879548E+00
671	-5.448637E+00
672	-4.991068E+00
674	-2.948950E+00
675	-3.606311E+00
676	-4.248393E+00
677	-4.874280E+00
678	-5.483660E+00
679	-6.045752E+00
680	-6.526128E+00
681	-6.920066E+00
682	-7.223600E+00
683	-7.433408E+00
684	-7.546765E+00
685	-7.561538E+00
686	-7.476193E+00
687	-7.289844E+00
688	-7.002423E+00
689	-6.652472E+00
690	-6.276921E+00
691	-5.874521E+00
692	-5.444797E+00
693	-4.988113E+00
695	-2.941658E+00
696	-3.595064E+00
697	-4.232419E+00
698	-4.852781E+00
699	-5.456049E+00
700	-6.012034E+00
701	-6.486996E+00
702	-6.876660E+00
703	-7.177320E+00
704	-7.385781E+00
705	-7.499398E+00
706	-7.516096E+00
707	-7.434321E+00
708	-7.252982E+00
709	-6.971537E+00
710	-6.627706E+00
711	-6.257665E+00
712	-5.859815E+00
713	-5.433609E+00
714	-4.979519E+00
716	-2.930217E+00
717	-3.577305E+00
718	-4.206890E+00
719	-4.817843E+00
720	-5.410428E+00
721	-5.955654E+00
722	-6.421191E+00
723	-6.803554E+00
724	-7.099372E+00
725	-7.305540E+00
726	-7.419508E+00
727	-7.439345E+00
728	-7.363635E+00
729	-7.191090E+00
730	-6.920328E+00
731	-6.587385E+00
732	-6.226882E+00
733	-5.836615E+00
734	-5.416075E+00
735	-4.966087E+00
737	-2.915698E+00
738	-3.554624E+00
739	-4.173845E+00
740	-4.771234E+00
741	-5.347476E+00
742	-5.876059E+00
743	-6.327500E+00
744	-6.699535E+00
745	-6.988579E+00
746	-7.191456E+00
747	-7.305708E+00
748	-7.329659E+00
749	-7.262331E+00
750	-7.103064E+00
751	-6.849236E+00
752	-6.533427E+00
753	-6.187025E+00
754	-5.807005E+00
755	-5.393848E+00
756	-4.949106E+00
758	-2.899544E+00
759	-3.529288E+00
760	-4.136607E+00
761	-4.717598E+00
762	-5.268449E+00
763	-5.770564E+00
764	-6.203831E+00
765	-6.562914E+00
766	-6.843433E+00
767	-7.041992E+00
768	-7.156210E+00
769	-7.184751E+00
770	-7.127343E+00
771	-6.984795E+00
772	-6.759019E+00
773	-6.471195E+00
774	-6.142094E+00
775	-5.773942E+00
776	-5.369129E+00
777	-4.930250E+00
779	-2.883411E+00
780	-3.503998E+00
781	-4.099461E+00
782	-4.664145E+00
783	-5.189850E+00
784	-5.665792E+00
785	-6.081063E+00
786	-6.427316E+00
787	-6.699388E+00
788	-6.893663E+00
789	-7.007837E+00
790	-7.040913E+00
791	-6.993319E+00
792	-6.867314E+00
793	-6.669270E+00
794	-6.409164E+00
795	-6.097264E+00
796	-5.740930E+00
797	-5.344437E+00
798	-4.911409E+00
800	-2.868949E+00
801	-3.481436E+00
802	-4.066653E+00
803	-4.618005E+00
804	-5.127846E+00
805	-5.587708E+00
806	-5.989274E+00
807	-6.325467E+00
808	-6.590931E+00
809	-6.781988E+00
810	-6.896425E+00
811	-6.933490E+00
812	-6.894036E+00
813	-6.780919E+00
814	-6.599209E+00
815	-6.355715E+00
816	-6.057665E+00
817	-5.711455E+00
818	-5.322281E+00
819	-4.894466E+00
821	-2.857577E+00
822	-3.463823E+00
823	-4.041409E+00
824	-4.583612E+00
825	-5.083244E+00
826	-5.532894E+00
827	-5.925439E+00
828	-6.254616E+00
829	-6.515416E+00
830	-6.704256E+00
831	-6.819017E+00
832	-6.859085E+00
833	-6.825436E+00
834	-6.720708E+00
835	-6.549105E+00
836	-6.315986E+00
837	-6.027195E+00
838	-5.688419E+00
839	-5.304834E+00
840	-4.881082E+00
842	-2.850341E+00
843	-3.452693E+00
844	-4.025660E+00
845	-4.562532E+00
846	-5.056387E+00
847	-5.500306E+00
848	-5.887728E+00
849	-6.212837E+00
850	-6.470893E+00
851	-6.658441E+00
852	-6.773442E+00
853	-6.815333E+00
854	-6.785064E+00
855	-6.685056E+00
856	-6.519032E+00
857	-6.291675E+00
858	-6.008186E+00
859	-5.673845E+00
860	-5.293717E+00
861	-4.872527E+00
863	-2.847860E+00
864	-3.448894E+00
865	-4.020320E+00
866	-4.555441E+00
867	-5.047420E+00
868	-5.489488E+00
869	-5.875248E+00
870	-6.199029E+00
871	-6.456182E+00
872	-6.643308E+00
873	-6.758394E+00
874	-6.800891E+00
875	-6.771727E+00
876	-6.673242E+00
877	-6.509006E+00
878	-6.283503E+00
879	-6.001739E+00
880	-5.668867E+00
881	-5.289903E+00
882	-4.869587E+00
883	5.601309E+00
884	5.908349E+00
885	6.169561E+00
886	6.381254E+00
887	6.539459E+00
888	6.640083E+00
889	6.679201E+00
890	6.653433E+00
891	6.560331E+00
892	6.398671E+00
893	6.168611E+00
894	5.871721E+00
895	5.510937E+00
896	5.090448E+00
897	4.615549E+00
898	4.092413E+00
899	3.527824E+00
900	2.928876E+00
901	2.302728E+00
902	1.656446E+00
903	9.980267E-01
904	5.604690E+00
905	5.912431E+00
906	6.174660E+00
907	6.387687E+00
908	6.547483E+00
909	6.649817E+00
910	6.690567E+00
911	6.666153E+00
912	6.573982E+00
913	6.412758E+00
914	6.182632E+00
915	5.885203E+00
916	5.523446E+00
917	5.101613E+00
918	4.625090E+00
919	4.100175E+00
920	3.533789E+00
921	2.933143E+00
922	2.305449E+00
923	1.657765E+00
924	9.980267E-01
925	5.614526E+00
926	5.924332E+00
927	6.189590E+00
928	6.406658E+00
929	6.571360E+00
930	6.679033E+00
931	6.724893E+00
932	6.704689E+00
933	6.615363E+00
934	6.455439E+00
935	6.225084E+00
936	5.925998E+00
937	5.561275E+00
938	5.135332E+00
939	4.653814E+00
940	4.123418E+00
941	3.551528E+00
942	2.945736E+00
943	2.313432E+00
944	1.661620E+00
945	9.980267E-01
946	5.629915E+00
947	5.943001E+00
948	6.213179E+00
949	6.437065E+00
950	6.610403E+00
951	6.727769E+00
952	6.782959E+00
953	6.770272E+00
954	6.685823E+00
955	6.527983E+00
956	6.297123E+00
957	5.995158E+00
958	5.625366E+00
959	5.192330E+00
960	4.702065E+00
961	4.161989E+00
962	3.580479E+00
963	2.965954E+00
964	2.326098E+00
965	1.667701E+00
966	9.980267E-01
967	5.649396E+00
968	5.966702E+00
969	6.243353E+00
970	6.476581E+00
971	6.662983E+00
972	6.796068E+00
973	6.866515E+00
974	6.865443E+00
975	6.787743E+00
976	6.632507E+00
977	6.400640E+00
978	6.094423E+00
979	5.717348E+00
980	5.274083E+00
981	4.770616E+00
982	4.215520E+00
983	3.619323E+00
984	2.992273E+00
985	2.342365E+00
986	1.675465E+00
987	9.980267E-01
988	5.671059E+00
989	5.993109E+00
990	6.277138E+00
991	6.521318E+00
992	6.724047E+00
993	6.883906E+00
994	6.980723E+00
995	6.994397E+00
996	6.924550E+00
997	6.771891E+00
998	6.538170E+00
999	6.226144E+00
1000	5.839541E+00
1001	5.383014E+00
1002	4.862088E+00
1003	4.283114E+00
1004	3.664326E+00
1005	3.022104E+00
1006	2.360631E+00
1007	1.684148E+00
1008	9.980267E-01
1009	5.692739E+00
1010	6.019544E+00
1011	6.310974E+00
1012	6.566152E+00
1013	6.785304E+00
1014	6.972195E+00
1015	7.095687E+00
1016	7.124270E+00
1017	7.062370E+00
1018	6.912330E+00
1019	6.676751E+00
1020	6.358873E+00
1021	5.962662E+00
1022	5.492754E+00
1023	4.954201E+00
1024	4.351083E+00
1025	3.709492E+00
1026	3.052015E+00
1027	2.378935E+00
1028	1.692848E+00
1029	9.980267E-01
1030	5.712264E+00
1031	6.043316E+00
1032	6.341278E+00
1033	6.605918E+00
1034	6.838374E+00
1035	7.041484E+00
1036	7.180805E+00
1037	7.221364E+00
1038	7.166427E+00
1039	7.019087E+00
1040	6.782500E+00
1041	6.460281E+00
1042	6.056614E+00
1043	5.576215E+00
1044	5.024096E+00
1045	4.405454E+00
1046	3.748750E+00
1047	3.078541E+00
1048	2.395304E+00
1049	1.700653E+00
1050	9.980267E-01
1051	5.727707E+00
1052	6.062074E+00
1053	6.365028E+00
1054	6.636626E+00
1055	6.877986E+00
1056	7.091280E+00
1057	7.240477E+00
1058	7.288928E+00
1059	7.239099E+00
1060	7.093953E+00
1061	6.856863E+00
1062	6.531674E+00
1063	6.122753E+00
1064	5.634987E+00
1065	5.073745E+00
1066	4.444931E+00
1067	3.778184E+00
1068	3.099010E+00
1069	2.408093E+00
1070	1.706785E+00
1071	9.980267E-01
1072	5.737588E+00
1073	6.074046E+00
1074	6.380085E+00
1075	6.655834E+00
1076	6.902299E+00
1077	7.121273E+00
1078	7.275958E+00
1079	7.328886E+00
1080	7.282071E+00
1081	7.138307E+00
1082	6.900994E+00
1083	6.574081E+00
1084	6.162062E+00
1085	5.669985E+00
1086	5.103480E+00
1087	4.468843E+00
1088	3.796294E+00
1089	3.111801E+00
1090	2.416176E+00
1091	1.710682E+00
1092	9.980267E-01
1093	5.740985E+00
1094	6.078156E+00
1095	6.385234E+00
1096	6.662356E+00
1097	6.910484E+00
1098	7.131290E+00
1099	7.287740E+00
1100	7.342119E+00
1101	7.296296E+00
1102	7.152998E+00
1103	6.915621E+00
1104	6.588145E+00
1105	6.175106E+00
1106	5.681612E+00
1107	5.113386E+00
1108	4.476849E+00
1109	3.802397E+00
1110	3.116142E+00
1111	2.418934E+00
1112	1.712016E+00
1113	9.980267E-01
1114	5.737588E+00
1115	6.074046E+00
1116	6.380086E+00
1117	6.655834E+00
1118	6.902299E+00
1119	7.121274E+00
1120	7.275958E+00
1121	7.328886E+00
1122	7.282071E+00
1123	7.138307E+00
1124	6.900994E+00
1125	6.574081E+00
1126	6.162063E+00
1127	5.669985E+00
1128	5.103480E+00
1129	4.468844E+00
1130	3.796294E+00
1131	3.111801E+00
1132	2.416176E+00
1133	1.710682E+00
1134	9.980267E-01
1135	5.727708E+00
1136	6.062075E+00
1137	6.365028E+00
1138	6.636627E+00
1139	6.877986E+00
1140	7.091280E+00
1141	7.240477E+00
1142	7.288928E+00
1143	7.239099E+00
1144	7.093953E+00
1145	6.856864E+00
1146	6.531674E+00
1147	6.122754E+00
1148	5.634987E+00
1149	5.073745E+00
1150	4.444932E+00
1151	3.778184E+00
1152	3.099010E+00
1153	2.408093E+00
1154	1.706785E+00
1155	9.980267E-01
1156	5.712264E+00
1157	6.043317E+00
1158	6.341279E+00
1159	6.605919E+00
1160	6.838375E+00
1161	7.041485E+00
1162	7.180806E+00
1163	7.221364E+00
1164	7.166427E+00
1165	7.019088E+00
1166	6.782501E+00
1167	6.460281E+00
1168	6.056614E+00
1169	5.576215E+00
1170	5.024097E+00
1171	4.405455E+00
1172	3.748750E+00
1173	3.078541E+00
1174	2.395304E+00
1175	1.700653E+00
1176	9.980267E-01
1177	5.692740E+00
1178	6.019545E+00
1179	6.310975E+00
1180	6.566153E+00
1181	6.785305E+00
1182	6.972196E+00
1183	7.095688E+00
1184	7.124271E+00
1185	7.062370E+00
1186	6.912331E+00
1187	6.676752E+00
1188	6.358873E+00
1189	5.962663E+00
1190	5.492754E+00
1191	4.954201E+00
1192	4.351084E+00
1193	3.709492E+00
1194	3.052015E+00
1195	2.378935E+00
1196	1.692848E+00
1197	9.980267E-01
1198	5.671060E+00
1199	5.993110E+00
1200	6.277139E+00
1201	6.521319E+00
1202	6.724048E+00
1203	6.883908E+00
1204	6.980724E+00
1205	6.994398E+00
1206	6.924551E+00
1207	6.771892E+00
1208	6.538171E+00
1209	6.226145E+00
1210	5.839542E+00
1211	5.383015E+00
1212	4.862088E+00
1213	4.283114E+00
1214	3.664326E+00
1215	3.022104E+00
1216	2.360631E+00
1217	1.684148E+00
1218	9.980267E-01
1219	5.649397E+00
1220	5.966703E+00
1221	6.243354E+00
1222	6.476582E+00
1223	6.662984E+00
1224	6.796070E+00
1225	6.866516E+00
1226	6.865444E+00
1227	6.787744E+00
1228	6.632507E+00
1229	6.400641E+00
1230	6.094424E+00
1231	5.717349E+00
1232	5.274084E+00
1233	4.770616E+00
1234	4.215520E+00
1235	3.619323E+00
1236	2.992273E+00
1237	2.342365E+00
1238	1.675465E+00
1239	9.980267E-01
1240	5.629916E+00
1241	5.943002E+00
1242	6.213180E+00
1243	6.437066E+00
1244	6.610404E+00
1245	6.727771E+00
1246	6.782961E+00
1247	6.770273E+00
1248	6.685824E+00
1249	6.527984E+00
1250	6.297124E+00
1251	5.995159E+00
1252	5.625366E+00
1253	5.192331E+00
1254	4.702065E+00
1255	4.161989E+00
1256	3.580478E+00
1257	2.965954E+00
1258	2.326098E+00
1259	1.667701E+00
1260	9.980267E-01
1261	5.614527E+00
1262	5.924333E+00
1263	6.189591E+00
1264	6.406659E+00
1265	6.571361E+00
1266	6.679035E+00
1267	6.724895E+00
1268	6.704690E+00
1269	6.615364E+00
1270	6.455440E+00
1271	6.225085E+00
1272	5.925998E+00
1273	5.561276E+00
1274	5.135332E+00
1275	4.653814E+00
1276	4.123417E+00
1277	3.551527E+00
1278	2.945736E+00
1279	2.313432E+00
1280	1.661620E+00
1281	9.980267E-01
1282	5.604691E+00
1283	5.912432E+00
1284	6.174661E+00
1285	6.387688E+00
1286	6.547484E+00
1287	6.649818E+00
1288	6.690568E+00
1289	6.666155E+00
1290	6.573983E+00
1291	6.412759E+00
1292	6.182633E+00
1293	5.885203E+00
1294	5.523446E+00
1295	5.101614E+00
1296	4.625089E+00
1297	4.100174E+00
1298	3.533789E+00
1299	2.933142E+00
1300	2.305448E+00
1301	1.657765E+00
1302	9.980267E-01
1303	5.601310E+00
1304	5.908350E+00
1305	6.169562E+00
1306	6.381255E+00
1307	6.539460E+00
1308	6.640085E+00
1309	6.679202E+00
1310	6.653434E+00
1311	6.560332E+00
1312	6.398672E+00
1313	6.168611E+00
1314	5.871722E+00
1315	5.510937E+00
1316	5.090448E+00
1317	4.615548E+00
1318	4.092412E+00
1319	3.527823E+00
1320	2.928876E+00
1321	2.302728E+00
1322	1.656446E+00
1323	9.980267E-01
1325	5.251814E+00
1326	4.862944E+00
1327	4.437554E+00
1328	3.978364E+00
1329	3.488090E+00
1330	2.969614E+00
1331	2.426154E+00
1332	1.861399E+00
1333	1.279552E+00
1334	6.852790E-01
1335	8.357505E-02
1336	-5.204142E-01
1337	-1.121576E+00
1338	-1.714986E+00
1339	-2.296003E+00
1340	-2.860285E+00
1341	-3.403737E+00
1342	-3.922405E+00
1343	-4.412359E+00
1346	5.254775E+00
1347	4.865728E+00
1348	4.440350E+00
1349	3.981289E+00
1350	3.491165E+00
1351	2.972751E+00
1352	2.429182E+00
1353	1.864109E+00
1354	1.281753E+00
1355	6.868400E-01
1356	8.444330E-02
1357	-5.202100E-01
1358	-1.121941E+00
1359	-1.715789E+00
1360	-2.297119E+00
1361	-2.861637E+00
1362	-3.405318E+00
1363	-3.924284E+00
1364	-4.414672E+00
1367	5.263398E+00
1368	4.873866E+00
1369	4.448594E+00
1370	3.990023E+00
1371	3.500464E+00
1372	2.982333E+00
1373	2.438475E+00
1374	1.872425E+00
1375	1.288480E+00
1376	6.915656E-01
1377	8.700965E-02
1378	-5.197043E-01
1379	-1.123180E+00
1380	-1.718333E+00
1381	-2.300547E+00
1382	-2.865690E+00
1383	-3.409978E+00
1384	-3.929772E+00
1385	-4.421404E+00
1388	5.276899E+00
1389	4.886690E+00
1390	4.461805E+00
1391	4.004403E+00
1392	3.516236E+00
1393	2.998942E+00
1394	2.454733E+00
1395	1.886950E+00
1396	1.300113E+00
1397	6.995836E-01
1398	9.115057E-02
1399	-5.192459E-01
1400	-1.125778E+00
1401	-1.723078E+00
1402	-2.306551E+00
1403	-2.872426E+00
1404	-3.417445E+00
1405	-3.938407E+00
1406	-4.431938E+00
1409	5.294006E+00
1410	4.903048E+00
1411	4.478972E+00
1412	4.023997E+00
1413	3.538985E+00
1414	3.023870E+00
1415	2.479414E+00
1416	1.908772E+00
1417	1.317301E+00
1418	7.111027E-01
1419	9.664209E-02
1420	-5.194819E-01
1421	-1.130751E+00
1422	-1.731041E+00
1423	-2.315680E+00
1424	-2.881750E+00
1425	-3.427146E+00
1426	-3.949402E+00
1427	-4.445274E+00
1430	5.313041E+00
1431	4.921329E+00
1432	4.498401E+00
1433	4.046926E+00
1434	3.569729E+00
1435	3.060480E+00
1436	2.514931E+00
1437	1.939487E+00
1438	1.340945E+00
1439	7.264029E-01
1440	1.031607E-01
1441	-5.213737E-01
1442	-1.139781E+00
1443	-1.744726E+00
1444	-2.329060E+00
1445	-2.892769E+00
1446	-3.438123E+00
1447	-3.961674E+00
1448	-4.460104E+00
1451	5.332090E+00
1452	4.939626E+00
1453	4.517857E+00
1454	4.069907E+00
1455	3.600599E+00
1456	3.097293E+00
1457	2.550667E+00
1458	1.970404E+00
1459	1.364755E+00
1460	7.418200E-01
1461	1.097434E-01
1462	-5.232516E-01
1463	-1.148837E+00
1464	-1.758459E+00
1465	-2.342474E+00
1466	-2.903800E+00
1467	-3.449107E+00
1468	-3.973952E+00
1469	-4.474943E+00
1472	5.349233E+00
1473	4.956027E+00
1474	4.535094E+00
1475	4.089633E+00
1476	3.623616E+00
1477	3.122620E+00
1478	2.575788E+00
1479	1.992639E+00
1480	1.382286E+00
1481	7.535877E-01
1482	1.153782E-01
1483	-5.234438E-01
1484	-1.153844E+00
1485	-1.766497E+00
1486	-2.351666E+00
1487	-2.913155E+00
1488	-3.458827E+00
1489	-3.984964E+00
1490	-4.488301E+00
1493	5.362778E+00
1494	4.968904E+00
1495	4.548390E+00
1496	4.104165E+00
1497	3.639664E+00
1498	3.139625E+00
1499	2.592483E+00
1500	2.007580E+00
1501	1.394270E+00
1502	7.618643E-01
1503	1.196748E-01
1504	-5.229272E-01
1505	-1.156461E+00
1506	-1.771304E+00
1507	-2.357728E+00
1508	-2.919926E+00
1509	-3.466316E+00
1510	-3.993619E+00
1511	-4.498863E+00
1514	5.371436E+00
1515	4.977084E+00
1516	4.556700E+00
1517	4.113014E+00
1518	3.649162E+00
1519	3.149485E+00
1520	2.602082E+00
1521	2.016190E+00
1522	1.401247E+00
1523	7.667768E-01
1524	1.223568E-01
1525	-5.223735E-01
1526	-1.157705E+00
1527	-1.773884E+00
1528	-2.361193E+00
1529	-2.924004E+00
1530	-3.470994E+00
1531	-3.999124E+00
1532	-4.505617E+00
1535	5.374412E+00
1536	4.979884E+00
1537	4.559521E+00
1538	4.115982E+00
1539	3.652309E+00
1540	3.152721E+00
1541	2.605219E+00
1542	2.019005E+00
1543	1.403538E+00
1544	7.684050E-01
1545	1.232672E-01
1546	-5.221510E-01
1547	-1.158071E+00
1548	-1.774698E+00
1549	-2.362321E+00
1550	-2.925364E+00
1551	-3.472582E+00
1552	-4.001009E+00
1553	-4.507939E+00
1556	5.371437E+00
1557	4.977084E+00
1558	4.556700E+00
1559	4.113014E+00
1560	3.649162E+00
1561	3.149485E+00
1562	2.602082E+00
1563	2.016190E+00
1564	1.401247E+00
1565	7.667764E-01
1566	1.223565E-01
1567	-5.223736E-01
1568	-1.157706E+00
1569	-1.773884E+00
1570	-2.361192E+00
1571	-2.924003E+00
1572	-3.470993E+00
1573	-3.999123E+00
1574	-4.505617E+00
1577	5.362779E+00
1578	4.968905E+00
1579	4.548390E+00
1580	4.104165E+00
1581	3.639664E+00
1582	3.139625E+00
1583	2.592483E+00
1584	2.007580E+00
1585	1.394270E+00
1586	7.618637E-01
1587	1.196743E-01
1588	-5.229275E-01
1589	-1.156461E+00
1590	-1.771304E+00
1591	-2.357727E+00
1592	-2.919926E+00
1593	-3.466316E+00
1594	-3.993618E+00
1595	-4.498862E+00
1598	5.349233E+00
1599	4.956028E+00
1600	4.535094E+00
1601	4.089633E+00
1602	3.623616E+00
1603	3.122620E+00
1604	2.575788E+00
1605	1.992639E+00
1606	1.382286E+00
1607	7.535870E-01
1608	1.153776E-01
1609	-5.234441E-01
1610	-1.153844E+00
1611	-1.766497E+00
1612	-2.351665E+00
1613	-2.913155E+00
1614	-3.458826E+00
1615	-3.984962E+00
1616	-4.488300E+00
1619	5.332090E+00
1620	4.939626E+00
1621	4.517858E+00
1622	4.069907E+00
1623	3.600599E+00
1624	3.097293E+00
1625	2.550667E+00
1626	1.970404E+00
1627	1.364754E+00
1628	7.418194E-01
1629	1.097428E-01
1630	-5.232519E-01
1631	-1.148837E+00
1632	-1.758459E+00
1633	-2.342473E+00
1634	-2.903799E+00
1635	-3.449106E+00
1636	-3.973950E+00
1637	-4.474941E+00
1640	5.313042E+00
1641	4.921329E+00
1642	4.498401E+00
1643	4.046926E+00
1644	3.569729E+00
1645	3.060480E+00
1646	2.514931E+00
1647	1.939487E+00
1648	1.340945E+00
1649	7.264024E-01
1650	1.031602E-01
1651	-5.213740E-01
1652	-1.139781E+00
1653	-1.744726E+00
1654	-2.329059E+00
1655	-2.892768E+00
1656	-3.438121E+00
1657	-3.961672E+00
1658	-4.460102E+00
1661	5.294007E+00
1662	4.903049E+00
1663	4.478972E+00
1664	4.023998E+00
1665	3.538986E+00
1666	3.023870E+00
1667	2.479414E+00
1668	1.908771E+00
1669	1.317300E+00
1670	7.111023E-01
1671	9.664172E-02
1672	-5.194820E-01
1673	-1.130751E+00
1674	-1.731040E+00
1675	-2.315679E+00
1676	-2.881749E+00
1677	-3.427145E+00
1678	-3.949400E+00
1679	-4.445272E+00
1682	5.276900E+00
1683	4.886690E+00
1684	4.461806E+00
1685	4.004404E+00
1686	3.516236E+00
1687	2.998943E+00
1688	2.454733E+00
1689	1.886949E+00
1690	1.300113E+00
1691	6.995832E-01
1692	9.115037E-02
1693	-5.192460E-01
1694	-1.125778E+00
1695	-1.723078E+00
1696	-2.306550E+00
1697	-2.872426E+00
1698	-3.417444E+00
1699	-3.938406E+00
1700	-4.431936E+00
1703	5.263399E+00
1704	4.873866E+00
1705	4.448595E+00
1706	3.990024E+00
1707	3.500464E+00
1708	2.982333E+00
1709	2.438474E+00
1710	1.872425E+00
1711	1.288480E+00
1712	6.915653E-01
1713	8.700941E-02
1714	-5.197044E-01
1715	-1.123180E+00
1716	-1.718332E+00
1717	-2.300546E+00
1718	-2.865689E+00
1719	-3.409978E+00
1720	-3.929771E+00
1721	-4.421403E+00
1724	5.254776E+00
1725	4.865729E+00
1726	4.440351E+00
1727	3.981290E+00
1728	3.491165E+00
1729	2.972751E+00
1730	2.429182E+00
1731	1.864108E+00
1732	1.281753E+00
1733	6.868397E-01
1734	8.444315E-02
1735	-5.202101E-01
1736	-1.121941E+00
1737	-1.715789E+00
1738	-2.297119E+00
1739	-2.861637E+00
1740	-3.405318E+00
1741	-3.924283E+00
1742	-4.414671E+00
1745	5.251815E+00
1746	4.862945E+00
1747	4.437555E+00
1748	3.978364E+00
1749	3.488090E+00
1750	2.969614E+00
1751	2.426154E+00
1752	1.861399E+00
1753	1.279551E+00
1754	6.852786E-01
1755	8.357489E-02
1756	-5.204142E-01
1757	-1.121576E+00
1758	-1.714986E+00
1759	-2.296003E+00
1760	-2.860285E+00
1761	-3.403737E+00
1762	-3.922404E+00
1763	-4.412358E+00
1765	-2.223692E+00
1766	-1.582669E+00
1767	-9.309516E-01
1768	-2.746825E-01
1769	3.799384E-01
1770	1.026621E+00
1771	1.659011E+00
1772	2.270779E+00
1773	2.855762E+00
1774	3.408132E+00
1775	3.922580E+00
1776	4.394491E+00
1777	4.820116E+00
1778	5.196701E+00
1779	5.522544E+00
1780	5.796938E+00
1781	6.019979E+00
1782	6.192266E+00
1783	6.314587E+00
1784	6.387659E+00
1785	6.411960E+00
1786	-2.225035E+00
1787	-1.582987E+00
1788	-9.302842E-01
1789	-2.730083E-01
1790	3.826805E-01
1791	1.030499E+00
1792	1.664068E+00
1793	2.277002E+00
1794	2.863069E+00
1795	3.416368E+00
1796	3.931515E+00
1797	4.403826E+00
1798	4.829490E+00
1799	5.205721E+00
1800	5.530850E+00
1801	5.804274E+00
1802	6.026249E+00
1803	6.197551E+00
1804	6.319101E+00
1805	6.391692E+00
1806	6.415832E+00
1807	-2.228942E+00
1808	-1.583901E+00
1809	-9.283152E-01
1810	-2.680685E-01
1811	3.908082E-01
1812	1.042059E+00
1813	1.679214E+00
1814	2.295711E+00
1815	2.885099E+00
1816	3.441252E+00
1817	3.958566E+00
1818	4.432141E+00
1819	4.857962E+00
1820	5.233117E+00
1821	5.555996E+00
1822	5.826329E+00
1823	6.044923E+00
1824	6.213134E+00
1825	6.332310E+00
1826	6.403444E+00
1827	6.427097E+00
1828	-2.235054E+00
1829	-1.585306E+00
1830	-9.251651E-01
1831	-2.601481E-01
1832	4.039820E-01
1833	1.061038E+00
1834	1.704365E+00
1835	2.327033E+00
1836	2.922182E+00
1837	3.483309E+00
1838	4.004464E+00
1839	4.480378E+00
1840	4.906646E+00
1841	5.279991E+00
1842	5.598761E+00
1843	5.863269E+00
1844	6.075514E+00
1845	6.238110E+00
1846	6.353160E+00
1847	6.421865E+00
1848	6.444720E+00
1849	-2.242791E+00
1850	-1.587052E+00
1851	-9.210838E-01
1852	-2.498526E-01
1853	4.214574E-01
1854	1.086880E+00
1855	1.739360E+00
1856	2.371214E+00
1857	2.974868E+00
1858	3.543397E+00
1859	4.070402E+00
1860	4.550112E+00
1861	4.977525E+00
1862	5.348630E+00
1863	5.660883E+00
1864	5.915405E+00
1865	6.116841E+00
1866	6.270567E+00
1867	6.379804E+00
1868	6.445232E+00
1869	6.467030E+00
1870	-2.251395E+00
1871	-1.588967E+00
1872	-9.164725E-01
1873	-2.381908E-01
1874	4.415513E-01
1875	1.118385E+00
1876	1.784235E+00
1877	2.428655E+00
1878	3.043918E+00
1879	3.622664E+00
1880	4.157984E+00
1881	4.643504E+00
1882	5.073467E+00
1883	5.442812E+00
1884	5.747239E+00
1885	5.983302E+00
1886	6.164935E+00
1887	6.307309E+00
1888	6.409617E+00
1889	6.471252E+00
1890	6.491838E+00
1891	-2.260006E+00
1892	-1.590877E+00
1893	-9.118421E-01
1894	-2.264867E-01
1895	4.617318E-01
1896	1.150088E+00
1897	1.829452E+00
1898	2.486547E+00
1899	3.113510E+00
1900	3.702547E+00
1901	4.246235E+00
1902	4.737594E+00
1903	5.170106E+00
1904	5.537645E+00
1905	5.834144E+00
1906	6.051529E+00
1907	6.213169E+00
1908	6.344121E+00
1909	6.439469E+00
1910	6.497296E+00
1911	6.516667E+00
1912	-2.267760E+00
1913	-1.592609E+00
1914	-9.077110E-01
1915	-2.160822E-01
1916	4.794283E-01
1917	1.176379E+00
1918	1.865179E+00
1919	2.531690E+00
1920	3.167352E+00
1921	3.763947E+00
1922	4.313596E+00
1923	4.808806E+00
1924	5.242446E+00
1925	5.607637E+00
1926	5.897389E+00
1927	6.104384E+00
1928	6.254852E+00
1929	6.376761E+00
1930	6.466213E+00
1931	6.520724E+00
1932	6.539026E+00
1933	-2.273894E+00
1934	-1.593999E+00
1935	-9.045001E-01
1936	-2.080299E-01
1937	4.928612E-01
1938	1.195848E+00
1939	1.891100E+00
1940	2.564022E+00
1941	3.205646E+00
1942	3.807375E+00
1943	4.360975E+00
1944	4.858574E+00
1945	5.292636E+00
1946	5.655896E+00
1947	5.941301E+00
1948	6.142089E+00
1949	6.285855E+00
1950	6.401958E+00
1951	6.487185E+00
1952	6.539221E+00
1953	6.556712E+00
1954	-2.277819E+00
1955	-1.594900E+00
1956	-9.024825E-01
1957	-2.029858E-01
1958	5.011889E-01
1959	1.207771E+00
1960	1.906807E+00
1961	2.583464E+00
1962	3.228553E+00
1963	3.833250E+00
1964	4.389096E+00
1965	4.887992E+00
1966	5.322188E+00
1967	5.684282E+00
1968	5.967268E+00
1969	6.164704E+00
1970	6.304845E+00
1971	6.417715E+00
1972	6.500491E+00
1973	6.551033E+00
1974	6.568028E+00
1975	-2.279169E+00
1976	-1.595213E+00
1977	-9.017968E-01
1978	-2.012724E-01
1979	5.040052E-01
1980	1.211783E+00
1981	1.912068E+00
1982	2.589952E+00
1983	3.236177E+00
1984	3.841844E+00
1985	4.398418E+00
1986	4.897724E+00
1987	5.331950E+00
1988	5.693658E+00
1989	5.975869E+00
1990	6.172242E+00
1991	6.311232E+00
1992	6.423065E+00
1993	6.505042E+00
1994	6.555090E+00
1995	6.571918E+00
1996	-2.277820E+00
1997	-1.594901E+00
1998	-9.024830E-01
1999	-2.029863E-01
2000	5.011884E-01
2001	1.207771E+00
2002	1.906807E+00
2003	2.583464E+00
2004	3.228553E+00
2005	3.833250E+00
2006	4.389096E+00
2007	4.887992E+00
2008	5.322188E+00
2009	5.684281E+00
2010	5.967267E+00
2011	6.164704E+00
2012	6.304844E+00
2013	6.417714E+00
2014	6.500490E+00
2015	6.551033E+00
2016	6.568027E+00
2017	-2.273896E+00
2018	-1.594000E+00
2019	-9.045012E-01
2020	-2.080309E-01
2021	4.928602E-01
2022	1.195847E+00
2023	1.891099E+00
2024	2.564021E+00
2025	3.205645E+00
2026	3.807374E+00
2027	4.360974E+00
2028	4.858573E+00
2029	5.292635E+00
2030	5.655895E+00
2031	5.941300E+00
2032	6.142088E+00
2033	6.285855E+00
2034	6.401957E+00
2035	6.487184E+00
2036	6.539220E+00
2037	6.556711E+00
2038	-2.267762E+00
2039	-1.592611E+00
2040	-9.077126E-01
2041	-2.160837E-01
2042	4.794269E-01
2043	1.176378E+00
2044	1.865177E+00
2045	2.531689E+00
2046	3.167351E+00
2047	3.763946E+00
2048	4.313595E+00
2049	4.808805E+00
2050	5.242445E+00
2051	5.607635E+00
2052	5.897388E+00
2053	6.104383E+00
2054	6.254850E+00
2055	6.376760E+00
2056	6.466211E+00
2057	6.520723E+00
2058	6.539025E+00
2059	-2.260008E+00
2060	-1.590879E+00
2061	-9.118441E-01
2062	-2.264887E-01
2063	4.617300E-01
2064	1.150087E+00
2065	1.829450E+00
2066	2.486546E+00
2067	3.113508E+00
2068	3.702546E+00
2069	4.246234E+00
2070	4.737593E+00
2071	5.170105E+00
2072	5.537643E+00
2073	5.834142E+00
2074	6.051527E+00
2075	6.213167E+00
2076	6.344119E+00
2077	6.439467E+00
2078	6.497294E+00
2079	6.516665E+00
2080	-2.251398E+00
2081	-1.588970E+00
2082	-9.164750E-01
2083	-2.381932E-01
2084	4.415490E-01
2085	1.118383E+00
2086	1.784233E+00
2087	2.428654E+00
2088	3.043917E+00
2089	3.622663E+00
2090	4.157982E+00
2091	4.643502E+00
2092	5.073465E+00
2093	5.442809E+00
2094	5.747237E+00
2095	5.983300E+00
2096	6.164933E+00
2097	6.307307E+00
2098	6.409615E+00
2099	6.471250E+00
2100	6.491837E+00
2101	-2.242794E+00
2102	-1.587055E+00
2103	-9.210867E-01
2104	-2.498554E-01
2105	4.214548E-01
2106	1.086878E+00
2107	1.739358E+00
2108	2.371212E+00
2109	2.974866E+00
2110	3.543395E+00
2111	4.070400E+00
2112	4.550110E+00
2113	4.977522E+00
2114	5.348627E+00
2115	5.660881E+00
2116	5.915402E+00
2117	6.116839E+00
2118	6.270565E+00
2119	6.379802E+00
2120	6.445230E+00
2121	6.467028E+00
2122	-2.235057E+00
2123	-1.585310E+00
2124	-9.251683E-01
2125	-2.601513E-01
2126	4.039790E-01
2127	1.061035E+00
2128	1.704362E+00
2129	2.327030E+00
2130	2.922179E+00
2131	3.483306E+00
2132	4.004461E+00
2133	4.480375E+00
2134	4.906643E+00
2135	5.279988E+00
2136	5.598759E+00
2137	5.863267E+00
2138	6.075512E+00
2139	6.238108E+00
2140	6.353158E+00
2141	6.421863E+00
2142	6.444719E+00
2143	-2.228945E+00
2144	-1.583904E+00
2145	-9.283186E-01
2146	-2.680719E-01
2147	3.908049E-01
2148	1.042056E+00
2149	1.679210E+00
2150	2.295708E+00
2151	2.885096E+00
2152	3.441249E+00
2153	3.958564E+00
2154	4.432138E+00
2155	4.857959E+00
2156	5.233114E+00
2157	5.555993E+00
2158	5.826326E+00
2159	6.044920E+00
2160	6.213131E+00
2161	6.332307E+00
2162	6.403442E+00
2163	6.427095E+00
2164	-2.225038E+00
2165	-1.582990E+00
2166	-9.302878E-01
2167	-2.730119E-01
2168	3.826770E-01
2169	1.030496E+00
2170	1.664064E+00
2171	2.276998E+00
2172	2.863066E+00
2173	3.416365E+00
2174	3.931512E+00
2175	4.403823E+00
2176	4.829486E+00
2177	5.205718E+00
2178	5.530847E+00
2179	5.804270E+00
2180	6.026246E+00
2181	6.197548E+00
2182	6.319099E+00
2183	6.391690E+00
2184	6.415830E+00
2185	-2.223696E+00
2186	-1.582673E+00
2187	-9.309553E-01
2188	-2.746862E-01
2189	3.799348E-01
2190	1.026617E+00
2191	1.659007E+00
2192	2.270776E+00
2193	2.855759E+00
2194	3.408129E+00
2195	3.922576E+00
2196	4.394488E+00
2197	4.820113E+00
2198	5.196698E+00
2199	5.522541E+00
2200	5.796935E+00
2201	6.019976E+00
2202	6.192263E+00
2203	6.314585E+00
2204	6.387657E+00
2205	6.411959E+00
2207	-2.847859E+00
2208	-3.448893E+00
2209	-4.020319E+00
2210	-4.555440E+00
2211	-5.047420E+00
2212	-5.489488E+00
2213	-5.875248E+00
2214	-6.199029E+00
2215	-6.456182E+00
2216	-6.643308E+00
2217	-6.758394E+00
2218	-6.800891E+00
2219	-6.771727E+00
2220	-6.673242E+00
2221	-6.509006E+00
2222	-6.283502E+00
2223	-6.001739E+00
2224	-5.668867E+00
2225	-5.289902E+00
2226	-4.869585E+00
2228	-2.850340E+00
2229	-3.452692E+00
2230	-4.025659E+00
2231	-4.562532E+00
2232	-5.056386E+00
2233	-5.500306E+00
2234	-5.887728E+00
2235	-6.212838E+00
2236	-6.470893E+00
2237	-6.658441E+00
2238	-6.773442E+00
2239	-6.815333E+00
2240	-6.785064E+00
2241	-6.685056E+00
2242	-6.519032E+00
2243	-6.291675E+00
2244	-6.008185E+00
2245	-5.673844E+00
2246	-5.293716E+00
2247	-4.872526E+00
2249	-2.857576E+00
2250	-3.463823E+00
2251	-4.041408E+00
2252	-4.583612E+00
2253	-5.083244E+00
2254	-5.532894E+00
2255	-5.925439E+00
2256	-6.254616E+00
2257	-6.515417E+00
2258	-6.704256E+00
2259	-6.819017E+00
2260	-6.859085E+00
2261	-6.825436E+00
2262	-6.720708E+00
2263	-6.549105E+00
2264	-6.315986E+00
2265	-6.027195E+00
2266	-5.688418E+00
2267	-5.304833E+00
2268	-4.881081E+00
2270	-2.868948E+00
2271	-3.481435E+00
2272	-4.066652E+00
2273	-4.618005E+00
2274	-5.127846E+00
2275	-5.587708E+00
2276	-5.989274E+00
2277	-6.325467E+00
2278	-6.590931E+00
2279	-6.781988E+00
2280	-6.896425E+00
2281	-6.933490E+00
2282	-6.894036E+00
2283	-6.780919E+00
2284	-6.599209E+00
2285	-6.355715E+00
2286	-6.057665E+00
2287	-5.711454E+00
2288	-5.322280E+00
2289	-4.894465E+00
2291	-2.883411E+00
2292	-3.503997E+00
2293	-4.099461E+00
2294	-4.664145E+00
2295	-5.189850E+00
2296	-5.665792E+00
2297	-6.081064E+00
2298	-6.427316E+00
2299	-6.699388E+00
2300	-6.893663E+00
2301	-7.007837E+00
2302	-7.040913E+00
2303	-6.993319E+00
2304	-6.867314E+00
2305	-6.669270E+00
2306	-6.409164E+00
2307	-6.097264E+00
2308	-5.740930E+00
2309	-5.344436E+00
2310	-4.911408E+00
2312	-2.899544E+00
2313	-3.529288E+00
2314	-4.136607E+00
2315	-4.717598E+00
2316	-5.268450E+00
2317	-5.770564E+00
2318	-6.203831E+00
2319	-6.562914E+00
2320	-6.843434E+00
2321	-7.041993E+00
2322	-7.156210E+00
2323	-7.184751E+00
2324	-7.127343E+00
2325	-6.984796E+00
2326	-6.759019E+00
2327	-6.471195E+00
2328	-6.142094E+00
2329	-5.773941E+00
2330	-5.369128E+00
2331	-4.930250E+00
2333	-2.915698E+00
2334	-3.554624E+00
2335	-4.173846E+00
2336	-4.771234E+00
2337	-5.347476E+00
2338	-5.876060E+00
2339	-6.327501E+00
2340	-6.699536E+00
2341	-6.988579E+00
2342	-7.191457E+00
2343	-7.305709E+00
2344	-7.329659E+00
2345	-7.262331E+00
2346	-7.103064E+00
2347	-6.849236E+00
2348	-6.533427E+00
2349	-6.187025E+00
2350	-5.807005E+00
2351	-5.393847E+00
2352	-4.949106E+00
2354	-2.930217E+00
2355	-3.577306E+00
2356	-4.206890E+00
2357	-4.817843E+00
2358	-5.410429E+00
2359	-5.955655E+00
2360	-6.421192E+00
2361	-6.803555E+00
2362	-7.099373E+00
2363	-7.305540E+00
2364	-7.419508E+00
2365	-7.439345E+00
2366	-7.363635E+00
2367	-7.191090E+00
2368	-6.920328E+00
2369	-6.587385E+00
2370	-6.226882E+00
2371	-5.836615E+00
2372	-5.416075E+00
2373	-4.966087E+00
2375	-2.941658E+00
2376	-3.595064E+00
2377	-4.232420E+00
2378	-4.852782E+00
2379	-5.456050E+00
2380	-6.012035E+00
2381	-6.486997E+00
2382	-6.876661E+00
2383	-7.177320E+00
2384	-7.385782E+00
2385	-7.499399E+00
2386	-7.516097E+00
2387	-7.434321E+00
2388	-7.252982E+00
2389	-6.971537E+00
2390	-6.627706E+00
2391	-6.257665E+00
2392	-5.859815E+00
2393	-5.433609E+00
2394	-4.979519E+00
2396	-2.948950E+00
2397	-3.606312E+00
2398	-4.248394E+00
2399	-4.874281E+00
2400	-5.483661E+00
2401	-6.045753E+00
2402	-6.526129E+00
2403	-6.920067E+00
2404	-7.223601E+00
2405	-7.433408E+00
2406	-7.546765E+00
2407	-7.561538E+00
2408	-7.476193E+00
2409	-7.289844E+00
2410	-7.002423E+00
2411	-6.652472E+00
2412	-6.276921E+00
2413	-5.874520E+00
2414	-5.444796E+00
2415	-4.988112E+00
2417	-2.951452E+00
2418	-3.610155E+00
2419	-4.253819E+00
2420	-4.881528E+00
2421	-5.492902E+00
2422	-6.056980E+00
2423	-6.539121E+00
2424	-6.934462E+00
2425	-7.238946E+00
2426	-7.449196E+00
2427	-7.562459E+00
2428	-7.576589E+00
2429	-7.490070E+00
2430	-7.302094E+00
2431	-7.012744E+00
2432	-6.660813E+00
2433	-6.283460E+00
2434	-5.879548E+00
2435	-5.448636E+00
2436	-4.991067E+00
2438	-2.948951E+00
2439	-3.606312E+00
2440	-4.248394E+00
2441	-4.874282E+00
2442	-5.483661E+00
2443	-6.045754E+00
2444	-6.526130E+00
2445	-6.920067E+00
2446	-7.223602E+00
2447	-7.433409E+00
2448	-7.546766E+00
2449	-7.561539E+00
2450	-7.476194E+00
2451	-7.289844E+00
2452	-7.002423E+00
2453	-6.652472E+00
2454	-6.276921E+00
2455	-5.874520E+00
2456	-5.444796E+00
2457	-4.988113E+00
2459	-2.941659E+00
2460	-3.595065E+00
2461	-4.232421E+00
2462	-4.852783E+00
2463	-5.456052E+00
2464	-6.012036E+00
2465	-6.486999E+00
2466	-6.876662E+00
2467	-7.177322E+00
2468	-7.385783E+00
2469	-7.499400E+00
2470	-7.516098E+00
2471	-7.434323E+00
2472	-7.252983E+00
2473	-6.971538E+00
2474	-6.627707E+00
2475	-6.257665E+00
2476	-5.859815E+00
2477	-5.433609E+00
2478	-4.979519E+00
2480	-2.930219E+00
2481	-3.577308E+00
2482	-4.206892E+00
2483	-4.817845E+00
2484	-5.410431E+00
2485	-5.955657E+00
2486	-6.421194E+00
2487	-6.803557E+00
2488	-7.099375E+00
2489	-7.305543E+00
2490	-7.419511E+00
2491	-7.439348E+00
2492	-7.363638E+00
2493	-7.191092E+00
2494	-6.920329E+00
2495	-6.587386E+00
2496	-6.226883E+00
2497	-5.836615E+00
2498	-5.416075E+00
2499	-4.966087E+00
2501	-2.915701E+00
2502	-3.554627E+00
2503	-4.173848E+00
2504	-4.771237E+00
2505	-5.347479E+00
2506	-5.876063E+00
2507	-6.327503E+00
2508	-6.699538E+00
2509	-6.988582E+00
2510	-7.191459E+00
2511	-7.305711E+00
2512	-7.329662E+00
2513	-7.262334E+00
2514	-7.103066E+00
2515	-6.849238E+00
2516	-6.533428E+00
2517	-6.187026E+00
2518	-5.807006E+00
2519	-5.393848E+00
2520	-4.949106E+00
2522	-2.899546E+00
2523	-3.529291E+00
2524	-4.136610E+00
2525	-4.717601E+00
2526	-5.268453E+00
2527	-5.770568E+00
2528	-6.203835E+00
2529	-6.562918E+00
2530	-6.843437E+00
2531	-7.041996E+00
2532	-7.156214E+00
2533	-7.184754E+00
2534	-7.127346E+00
2535	-6.984798E+00
2536	-6.759022E+00
2537	-6.471197E+00
2538	-6.142096E+00
2539	-5.773943E+00
2540	-5.369129E+00
2541	-4.930251E+00
2543	-2.883414E+00
2544	-3.504001E+00
2545	-4.099464E+00
2546	-4.664149E+00
2547	-5.189854E+00
2548	-5.665796E+00
2549	-6.081068E+00
2550	-6.427320E+00
2551	-6.699392E+00
2552	-6.893667E+00
2553	-7.007841E+00
2554	-7.040917E+00
2555	-6.993323E+00
2556	-6.867317E+00
2557	-6.669273E+00
2558	-6.409166E+00
2559	-6.097266E+00
2560	-5.740931E+00
2561	-5.344438E+00
2562	-4.911410E+00
2564	-2.868952E+00
2565	-3.481439E+00
2566	-4.066656E+00
2567	-4.618009E+00
2568	-5.127850E+00
2569	-5.587712E+00
2570	-5.989278E+00
2571	-6.325471E+00
2572	-6.590936E+00
2573	-6.781993E+00
2574	-6.896429E+00
2575	-6.933494E+00
2576	-6.894040E+00
2577	-6.780922E+00
2578	-6.599213E+00
2579	-6.355718E+00
2580	-6.057668E+00
2581	-5.711457E+00
2582	-5.322282E+00
2583	-4.894467E+00
2585	-2.857580E+00
2586	-3.463826E+00
2587	-4.041412E+00
2588	-4.583616E+00
2589	-5.083249E+00
2590	-5.532898E+00
2591	-5.925444E+00
2592	-6.254621E+00
2593	-6.515421E+00
2594	-6.704261E+00
2595	-6.819022E+00
2596	-6.859089E+00
2597	-6.825440E+00
2598	-6.720712E+00
2599	-6.549109E+00
2600	-6.315990E+00
2601	-6.027198E+00
2602	-5.688421E+00
2603	-5.304835E+00
2604	-4.881083E+00
2606	-2.850343E+00
2607	-3.452696E+00
2608	-4.025663E+00
2609	-4.562536E+00
2610	-5.056391E+00
2611	-5.500310E+00
2612	-5.887733E+00
2613	-6.212842E+00
2614	-6.470898E+00
2615	-6.658446E+00
2616	-6.773447E+00
2617	-6.815337E+00
2618	-6.785068E+00
2619	-6.685060E+00
2620	-6.519035E+00
2621	-6.291678E+00
2622	-6.008189E+00
2623	-5.673847E+00
2624	-5.293718E+00
2625	-4.872528E+00
2627	-2.847863E+00
2628	-3.448897E+00
2629	-4.020323E+00
2630	-4.555445E+00
2631	-5.047425E+00
2632	-5.489492E+00
2633	-5.875253E+00
2634	-6.199034E+00
2635	-6.456187E+00
2636	-6.643313E+00
2637	-6.758399E+00
2638	-6.800896E+00
2639	-6.771731E+00
2640	-6.673247E+00
2641	-6.509010E+00
2642	-6.283506E+00
2643	-6.001742E+00
2644	-5.668870E+00
2645	-5.289905E+00
2646	-4.869588E+00
2647	5.601310E+00
2648	5.908350E+00
2649	6.169562E+00
2650	6.381255E+00
2651	6.539460E+00
2652	6.640085E+00
2653	6.679203E+00
2654	6.653434E+00
2655	6.560332E+00
2656	6.398672E+00
2657	6.168612E+00
2658	5.871722E+00
2659	5.510937E+00
2660	5.090449E+00
2661	4.615549E+00
2662	4.092413E+00
2663	3.527824E+00
2664	2.928876E+00
2665	2.302728E+00
2666	1.656447E+00
2668	5.604690E+00
2669	5.912432E+00
2670	6.174661E+00
2671	6.387688E+00
2672	6.547484E+00
2673	6.649819E+00
2674	6.690569E+00
2675	6.666155E+00
2676	6.573983E+00
2677	6.412759E+00
2678	6.182633E+00
2679	5.885203E+00
2680	5.523446E+00
2681	5.101614E+00
2682	4.625090E+00
2683	4.100175E+00
2684	3.533789E+00
2685	2.933143E+00
2686	2.305449E+00
2687	1.657765E+00
2689	5.614527E+00
2690	5.924333E+00
2691	6.189591E+00
2692	6.406659E+00
2693	6.571361E+00
2694	6.679035E+00
2695	6.724895E+00
2696	6.704691E+00
2697	6.615364E+00
2698	6.455440E+00
2699	6.225085E+00
2700	5.925998E+00
2701	5.561276E+00
2702	5.135333E+00
2703	4.653814E+00
2704	4.123418E+00
2705	3.551528E+00
2706	2.945736E+00
2707	2.313432E+00
2708	1.661620E+00
2710	5.629916E+00
2711	5.943002E+00
2712	6.213180E+00
2713	6.437066E+00
2714	6.610404E+00
2715	6.727771E+00
2716	6.782960E+00
2717	6.770274E+00
2718	6.685824E+00
2719	6.527984E+00
2720	6.297124E+00
2721	5.995159E+00
2722	5.625366E+00
2723	5.192331E+00
2724	4.702065E+00
2725	4.161989E+00
2726	3.580479E+00
2727	2.965954E+00
2728	2.326098E+00
2729	1.667701E+00
2731	5.649396E+00
2732	5.966703E+00
2733	6.243354E+00
2734	6.476582E+00
2735	6.662984E+00
2736	6.796069E+00
2737	6.866516E+00
2738	6.865444E+00
2739	6.787744E+00
2740	6.632507E+00
2741	6.400641E+00
2742	6.094424E+00
2743	5.717349E+00
2744	5.274084E+00
2745	4.770616E+00
2746	4.215521E+00
2747	3.619323E+00
2748	2.992273E+00
2749	2.342365E+00
2750	1.675465E+00
2752	5.671059E+00
2753	5.993110E+00
2754	6.277139E+00
2755	6.521319E+00
2756	6.724048E+00
2757	6.883907E+00
2758	6.980724E+00
2759	6.994398E+00
2760	6.924551E+00
2761	6.771892E+00
2762	6.538171E+00
2763	6.226145E+00
2764	5.839542E+00
2765	5.383015E+00
2766	4.862088E+00
2767	4.283114E+00
2768	3.664326E+00
2769	3.022104E+00
2770	2.360630E+00
2771	1.684148E+00
2773	5.692739E+00
2774	6.019544E+00
2775	6.310974E+00
2776	6.566153E+00
2777	6.785305E+00
2778	6.972195E+00
2779	7.095687E+00
2780	7.124270E+00
2781	7.062370E+00
2782	6.912331E+00
2783	6.676752E+00
2784	6.358873E+00
2785	5.962663E+00
2786	5.492754E+00
2787	4.954201E+00
2788	4.351083E+00
2789	3.709492E+00
2790	3.052015E+00
2791	2.378935E+00
2792	1.692848E+00
2794	5.712264E+00
2795	6.043317E+00
2796	6.341278E+00
2797	6.605919E+00
2798	6.838374E+00
2799	7.041485E+00
2800	7.180805E+00
2801	7.221364E+00
2802	7.166427E+00
2803	7.019088E+00
2804	6.782501E+00
2805	6.460281E+00
2806	6.056614E+00
2807	5.576215E+00
2808	5.024097E+00
2809	4.405455E+00
2810	3.748750E+00
2811	3.078541E+00
2812	2.395304E+00
2813	1.700653E+00
2815	5.727707E+00
2816	6.062074E+00
2817	6.365028E+00
2818	6.636626E+00
2819	6.877986E+00
2820	7.091280E+00
2821	7.240477E+00
2822	7.288928E+00
2823	7.239099E+00
2824	7.093953E+00
2825	6.856864E+00
2826	6.531674E+00
2827	6.122754E+00
2828	5.634987E+00
2829	5.073745E+00
2830	4.444932E+00
2831	3.778184E+00
2832	3.099010E+00
2833	2.408093E+00
2834	1.706785E+00
2836	5.737588E+00
2837	6.074046E+00
2838	6.380085E+00
2839	6.655834E+00
2840	6.902299E+00
2841	7.121274E+00
2842	7.275958E+00
2843	7.328886E+00
2844	7.282071E+00
2845	7.138307E+00
2846	6.900994E+00
2847	6.574081E+00
2848	6.162063E+00
2849	5.669986E+00
2850	5.103480E+00
2851	4.468844E+00
2852	3.796294E+00
2853	3.111801E+00
2854	2.416176E+00
2855	1.710682E+00
2857	5.740985E+00
2858	6.078155E+00
2859	6.385233E+00
2860	6.662356E+00
2861	6.910484E+00
2862	7.131290E+00
2863	7.287740E+00
2864	7.342119E+00
2865	7.296296E+00
2866	7.152998E+00
2867	6.915621E+00
2868	6.588145E+00
2869	6.175106E+00
2870	5.681613E+00
2871	5.113387E+00
2872	4.476849E+00
2873	3.802397E+00
2874	3.116142E+00
2875	2.418935E+00
2876	1.712016E+00
2878	5.737588E+00
2879	6.074046E+00
2880	6.380085E+00
2881	6.655834E+00
2882	6.902299E+00
2883	7.121274E+00
2884	7.275958E+00
2885	7.328886E+00
2886	7.282071E+00
2887	7.138307E+00
2888	6.900994E+00
2889	6.574081E+00
2890	6.162063E+00
2891	5.669986E+00
2892	5.103480E+00
2893	4.468844E+00
2894	3.796294E+00
2895	3.111801E+00
2896	2.416177E+00
2897	1.710682E+00
2899	5.727707E+00
2900	6.062074E+00
2901	6.365028E+00
2902	6.636626E+00
2903	6.877986E+00
2904	7.091280E+00
2905	7.240477E+00
2906	7.288928E+00
2907	7.239099E+00
2908	7.093953E+00
2909	6.856863E+00
2910	6.531674E+00
2911	6.122753E+00
2912	5.634987E+00
2913	5.073745E+00
2914	4.444932E+00
2915	3.778185E+00
2916	3.099010E+00
2917	2.408094E+00
2918	1.706786E+00
2920	5.712264E+00
2921	6.043316E+00
2922	6.341278E+00
2923	6.605918E+00
2924	6.838374E+00
2925	7.041485E+00
2926	7.180805E+00
2927	7.221364E+00
2928	7.166427E+00
2929	7.019088E+00
2930	6.782500E+00
2931	6.460281E+00
2932	6.056614E+00
2933	5.576215E+00
2934	5.024097E+00
2935	4.405455E+00
2936	3.748750E+00
2937	3.078541E+00
2938	2.395304E+00
2939	1.700653E+00
2941	5.692739E+00
2942	6.019544E+00
2943	6.310974E+00
2944	6.566152E+00
2945	6.785304E+00
2946	6.972195E+00
2947	7.095687E+00
2948	7.124270E+00
2949	7.062370E+00
2950	6.912331E+00
2951	6.676751E+00
2952	6.358873E+00
2953	5.962662E+00
2954	5.492754E+00
2955	4.954201E+00
2956	4.351084E+00
2957	3.709492E+00
2958	3.052015E+00
2959	2.378936E+00
2960	1.692848E+00
2962	5.671059E+00
2963	5.993109E+00
2964	6.277138E+00
2965	6.521319E+00
2966	6.724047E+00
2967	6.883907E+00
2968	6.980724E+00
2969	6.994397E+00
2970	6.924550E+00
2971	6.771892E+00
2972	6.538170E+00
2973	6.226144E+00
2974	5.839542E+00
2975	5.383014E+00
2976	4.862088E+00
2977	4.283114E+00
2978	3.664326E+00
2979	3.022104E+00
2980	2.360631E+00
2981	1.684149E+00
2983	5.649396E+00
2984	5.966702E+00
2985	6.243353E+00
2986	6.476581E+00
2987	6.662983E+00
2988	6.796069E+00
2989	6.866516E+00
2990	6.865443E+00
2991	6.787744E+00
2992	6.632507E+00
2993	6.400640E+00
2994	6.094424E+00
2995	5.717348E+00
2996	5.274083E+00
2997	4.770616E+00
2998	4.215520E+00
2999	3.619323E+00
3000	2.992273E+00
3001	2.342365E+00
3002	1.675465E+00
3004	5.629915E+00
3005	5.943001E+00
3006	6.213180E+00
3007	6.437065E+00
3008	6.610403E+00
3009	6.727770E+00
3010	6.782960E+00
3011	6.770273E+00
3012	6.685823E+00
3013	6.527983E+00
3014	6.297123E+00
3015	5.995158E+00
3016	5.625366E+00
3017	5.192330E+00
3018	4.702065E+00
3019	4.161988E+00
3020	3.580478E+00
3021	2.965954E+00
3022	2.326098E+00
3023	1.667701E+00
3025	5.614526E+00
3026	5.924332E+00
3027	6.189590E+00
3028	6.406658E+00
3029	6.571360E+00
3030	6.679033E+00
3031	6.724894E+00
3032	6.704690E+00
3033	6.615363E+00
3034	6.455439E+00
3035	6.225084E+00
3036	5.925998E+00
3037	5.561276E+00
3038	5.135332E+00
3039	4.653814E+00
3040	4.123417E+00
3041	3.551527E+00
3042	2.945736E+00
3043	2.313432E+00
3044	1.661620E+00
3046	5.604690E+00
3047	5.912431E+00
3048	6.174660E+00
3049	6.387687E+00
3050	6.547483E+00
3051	6.649817E+00
3052	6.690567E+00
3053	6.666154E+00
3054	6.573982E+00
3055	6.412758E+00
3056	6.182632E+00
3057	5.885203E+00
3058	5.523446E+00
3059	5.101613E+00
3060	4.625089E+00
3061	4.100174E+00
3062	3.533789E+00
3063	2.933142E+00
3064	2.305448E+00
3065	1.657765E+00
3067	5.601309E+00
3068	5.908349E+00
3069	6.169561E+00
3070	6.381254E+00
3071	6.539459E+00
3072	6.640084E+00
3073	6.679201E+00
3074	6.653433E+00
3075	6.560331E+00
3076	6.398671E+00
3077	6.168611E+00
3078	5.871722E+00
3079	5.510937E+00
3080	5.090448E+00
3081	4.615548E+00
3082	4.092412E+00
3083	3.527823E+00
3084	2.928876E+00
3085	2.302728E+00
3086	1.656446E+00
3089	5.251814E+00
3090	4.862944E+00
3091	4.437554E+00
3092	3.978363E+00
3093	3.488090E+00
3094	2.969614E+00
3095	2.426154E+00
3096	1.861399E+00
3097	1.279552E+00
3098	6.852788E-01
3099	8.357510E-02
3100	-5.204139E-01
3101	-1.121576E+00
3102	-1.714986E+00
3103	-2.296002E+00
3104	-2.860284E+00
3105	-3.403735E+00
3106	-3.922402E+00
3107	-4.412356E+00
3110	5.254776E+00
3111	4.865728E+00
3112	4.440350E+00
3113	3.981289E+00
3114	3.491164E+00
3115	2.972751E+00
3116	2.429181E+00
3117	1.864108E+00
3118	1.281753E+00
3119	6.868398E-01
3120	8.444334E-02
3121	-5.202098E-01
3122	-1.121940E+00
3123	-1.715788E+00
3124	-2.297118E+00
3125	-2.861636E+00
3126	-3.405316E+00
3127	-3.924282E+00
3128	-4.414670E+00
3131	5.263398E+00
3132	4.873866E+00
3133	4.448594E+00
3134	3.990023E+00
3135	3.500463E+00
3136	2.982332E+00
3137	2.438474E+00
3138	1.872425E+00
3139	1.288480E+00
3140	6.915654E-01
3141	8.700964E-02
3142	-5.197040E-01
3143	-1.123179E+00
3144	-1.718332E+00
3145	-2.300545E+00
3146	-2.865688E+00
3147	-3.409976E+00
3148	-3.929770E+00
3149	-4.421402E+00
3152	5.276900E+00
3153	4.886690E+00
3154	4.461805E+00
3155	4.004403E+00
3156	3.516235E+00
3157	2.998942E+00
3158	2.454732E+00
3159	1.886949E+00
3160	1.300113E+00
3161	6.995834E-01
3162	9.115054E-02
3163	-5.192457E-01
3164	-1.125777E+00
3165	-1.723077E+00
3166	-2.306550E+00
3167	-2.872425E+00
3168	-3.417443E+00
3169	-3.938405E+00
3170	-4.431935E+00
3173	5.294007E+00
3174	4.903048E+00
3175	4.478971E+00
3176	4.023997E+00
3177	3.538985E+00
3178	3.023869E+00
3179	2.479414E+00
3180	1.908771E+00
3181	1.317300E+00
3182	7.111025E-01
3183	9.664203E-02
3184	-5.194817E-01
3185	-1.130751E+00
3186	-1.731040E+00
3187	-2.315678E+00
3188	-2.881748E+00
3189	-3.427144E+00
3190	-3.949400E+00
3191	-4.445271E+00
3194	5.313041E+00
3195	4.921328E+00
3196	4.498400E+00
3197	4.046925E+00
3198	3.569729E+00
3199	3.060479E+00
3200	2.514931E+00
3201	1.939486E+00
3202	1.340945E+00
3203	7.264027E-01
3204	1.031607E-01
3205	-5.213736E-01
3206	-1.139780E+00
3207	-1.744725E+00
3208	-2.329058E+00
3209	-2.892767E+00
3210	-3.438121E+00
3211	-3.961671E+00
3212	-4.460102E+00
3215	5.332090E+00
3216	4.939626E+00
3217	4.517857E+00
3218	4.069906E+00
3219	3.600598E+00
3220	3.097292E+00
3221	2.550666E+00
3222	1.970404E+00
3223	1.364754E+00
3224	7.418198E-01
3225	1.097433E-01
3226	-5.232514E-01
3227	-1.148836E+00
3228	-1.758458E+00
3229	-2.342473E+00
3230	-2.903799E+00
3231	-3.449105E+00
3232	-3.973950E+00
3233	-4.474941E+00
3236	5.349233E+00
3237	4.956027E+00
3238	4.535094E+00
3239	4.089632E+00
3240	3.623615E+00
3241	3.122619E+00
3242	2.575787E+00
3243	1.992639E+00
3244	1.382286E+00
3245	7.535873E-01
3246	1.153781E-01
3247	-5.234435E-01
3248	-1.153844E+00
3249	-1.766496E+00
3250	-2.351665E+00
3251	-2.913154E+00
3252	-3.458825E+00
3253	-3.984962E+00
3254	-4.488299E+00
3257	5.362778E+00
3258	4.968904E+00
3259	4.548389E+00
3260	4.104165E+00
3261	3.639664E+00
3262	3.139625E+00
3263	2.592482E+00
3264	2.007580E+00
3265	1.394270E+00
3266	7.618641E-01
3267	1.196748E-01
3268	-5.229269E-01
3269	-1.156461E+00
3270	-1.771303E+00
3271	-2.357727E+00
3272	-2.919925E+00
3273	-3.466315E+00
3274	-3.993617E+00
3275	-4.498861E+00
3278	5.371436E+00
3279	4.977084E+00
3280	4.556699E+00
3281	4.113013E+00
3282	3.649162E+00
3283	3.149484E+00
3284	2.602082E+00
3285	2.016190E+00
3286	1.401247E+00
3287	7.667766E-01
3288	1.223569E-01
3289	-5.223731E-01
3290	-1.157705E+00
3291	-1.773883E+00
3292	-2.361192E+00
3293	-2.924003E+00
3294	-3.470993E+00
3295	-3.999123E+00
3296	-4.505616E+00
3299	5.374411E+00
3300	4.979884E+00
3301	4.559521E+00
3302	4.115981E+00
3303	3.652308E+00
3304	3.152720E+00
3305	2.605219E+00
3306	2.019005E+00
3307	1.403538E+00
3308	7.684050E-01
3309	1.232674E-01
3310	-5.221506E-01
3311	-1.158070E+00
3312	-1.774698E+00
3313	-2.362321E+00
3314	-2.925363E+00
3315	-3.472581E+00
3316	-4.001009E+00
3317	-4.507938E+00
3320	5.371436E+00
3321	4.977084E+00
3322	4.556699E+00
3323	4.113013E+00
3324	3.649162E+00
3325	3.149484E+00
3326	2.602082E+00
3327	2.016190E+00
3328	1.401247E+00
3329	7.667765E-01
3330	1.223568E-01
3331	-5.223732E-01
3332	-1.157705E+00
3333	-1.773883E+00
3334	-2.361192E+00
3335	-2.924003E+00
3336	-3.470993E+00
3337	-3.999123E+00
3338	-4.505616E+00
3341	5.362778E+00
3342	4.968904E+00
3343	4.548389E+00
3344	4.104165E+00
3345	3.639664E+00
3346	3.139625E+00
3347	2.592482E+00
3348	2.007579E+00
3349	1.394270E+00
3350	7.618639E-01
3351	1.196747E-01
3352	-5.229271E-01
3353	-1.156461E+00
3354	-1.771303E+00
3355	-2.357727E+00
3356	-2.919925E+00
3357	-3.466315E+00
3358	-3.993618E+00
3359	-4.498861E+00
3362	5.349233E+00
3363	4.956027E+00
3364	4.535094E+00
3365	4.089632E+00
3366	3.623615E+00
3367	3.122619E+00
3368	2.575787E+00
3369	1.992639E+00
3370	1.382286E+00
3371	7.535871E-01
3372	1.153779E-01
3373	-5.234437E-01
3374	-1.153844E+00
3375	-1.766497E+00
3376	-2.351665E+00
3377	-2.913154E+00
3378	-3.458826E+00
3379	-3.984962E+00
3380	-4.488300E+00
3383	5.332090E+00
3384	4.939626E+00
3385	4.517857E+00
3386	4.069906E+00
3387	3.600598E+00
3388	3.097292E+00
3389	2.550666E+00
3390	1.970403E+00
3391	1.364754E+00
3392	7.418195E-01
3393	1.097431E-01
3394	-5.232516E-01
3395	-1.148836E+00
3396	-1.758458E+00
3397	-2.342473E+00
3398	-2.903799E+00
3399	-3.449106E+00
3400	-3.973950E+00
3401	-4.474941E+00
3404	5.313041E+00
3405	4.921328E+00
3406	4.498401E+00
3407	4.046925E+00
3408	3.569728E+00
3409	3.060479E+00
3410	2.514931E+00
3411	1.939486E+00
3412	1.340944E+00
3413	7.264024E-01
3414	1.031604E-01
3415	-5.213737E-01
3416	-1.139781E+00
3417	-1.744726E+00
3418	-2.329059E+00
3419	-2.892768E+00
3420	-3.438121E+00
3421	-3.961672E+00
3422	-4.460103E+00
3425	5.294006E+00
3426	4.903048E+00
3427	4.478971E+00
3428	4.023997E+00
3429	3.538985E+00
3430	3.023869E+00
3431	2.479414E+00
3432	1.908771E+00
3433	1.317300E+00
3434	7.111023E-01
3435	9.664187E-02
3436	-5.194819E-01
3437	-1.130751E+00
3438	-1.731040E+00
3439	-2.315679E+00
3440	-2.881749E+00
3441	-3.427145E+00
3442	-3.949401E+00
3443	-4.445273E+00
3446	5.276899E+00
3447	4.886689E+00
3448	4.461805E+00
3449	4.004403E+00
3450	3.516235E+00
3451	2.998942E+00
3452	2.454732E+00
3453	1.886949E+00
3454	1.300112E+00
3455	6.995832E-01
3456	9.115039E-02
3457	-5.192460E-01
3458	-1.125778E+00
3459	-1.723078E+00
3460	-2.306550E+00
3461	-2.872426E+00
3462	-3.417444E+00
3463	-3.938406E+00
3464	-4.431937E+00
3467	5.263398E+00
3468	4.873865E+00
3469	4.448594E+00
3470	3.990022E+00
3471	3.500463E+00
3472	2.982332E+00
3473	2.438474E+00
3474	1.872425E+00
3475	1.288480E+00
3476	6.915653E-01
3477	8.700943E-02
3478	-5.197044E-01
3479	-1.123180E+00
3480	-1.718332E+00
3481	-2.300546E+00
3482	-2.865689E+00
3483	-3.409978E+00
3484	-3.929772E+00
3485	-4.421404E+00
3488	5.254775E+00
3489	4.865728E+00
3490	4.440350E+00
3491	3.981289E+00
3492	3.491164E+00
3493	2.972750E+00
3494	2.429181E+00
3495	1.864108E+00
3496	1.281753E+00
3497	6.868396E-01
3498	8.444308E-02
3499	-5.202101E-01
3500	-1.121941E+00
3501	-1.715789E+00
3502	-2.297119E+00
3503	-2.861637E+00
3504	-3.405318E+00
3505	-3.924284E+00
3506	-4.414672E+00
3509	5.251814E+00
3510	4.862944E+00
3511	4.437553E+00
3512	3.978363E+00
3513	3.488089E+00
3514	2.969614E+00
3515	2.426154E+00
3516	1.861399E+00
3517	1.279551E+00
3518	6.852786E-01
3519	8.357484E-02
3520	-5.204142E-01
3521	-1.121576E+00
3522	-1.714986E+00
3523	-2.296003E+00
3524	-2.860285E+00
3525	-3.403737E+00
3526	-3.922404E+00
3527	-4.412358E+00
