flux
2
3200
1.068485E+00	-1.715988E+01	
1.405553E+00	-1.648694E+01	
1.704240E+00	-1.564283E+01	
1.965041E+00	-1.463023E+01	
2.179967E+00	-1.345830E+01	
2.337683E+00	-1.213813E+01	
2.423172E+00	-1.068176E+01	
2.415352E+00	-9.101035E+00	
2.280374E+00	-7.404303E+00	
1.940077E+00	-5.575006E+00	
8.506768E-01	-1.746084E+01	
1.090805E+00	-1.676318E+01	
1.314525E+00	-1.588900E+01	
1.508956E+00	-1.483930E+01	
1.665609E+00	-1.362082E+01	
1.774439E+00	-1.224216E+01	
1.823057E+00	-1.071184E+01	
1.795817E+00	-9.035898E+00	
1.672953E+00	-7.211599E+00	
1.453088E+00	-5.207549E+00	
6.183868E-01	-1.766508E+01	
7.808033E-01	-1.696149E+01	
9.334939E-01	-1.606711E+01	
1.066779E+00	-1.498891E+01	
1.172506E+00	-1.373359E+01	
1.242780E+00	-1.230849E+01	
1.268987E+00	-1.072033E+01	
1.242250E+00	-8.973427E+00	
1.157684E+00	-7.066642E+00	
1.021844E+00	-4.996802E+00	
3.750057E-01	-1.779530E+01	
4.694318E-01	-1.708811E+01	
5.581493E-01	-1.618189E+01	
6.355317E-01	-1.508479E+01	
6.963443E-01	-1.380425E+01	
7.355929E-01	-1.234735E+01	
7.484422E-01	-1.072053E+01	
7.310655E-01	-8.929119E+00	
6.827613E-01	-6.978080E+00	
6.083422E-01	-4.875104E+00	
1.256251E-01	-1.785897E+01	
1.566409E-01	-1.714988E+01	
1.857361E-01	-1.623793E+01	
2.110780E-01	-1.513147E+01	
2.308961E-01	-1.383820E+01	
2.435068E-01	-1.236527E+01	
2.473852E-01	-1.071934E+01	
2.414864E-01	-8.907028E+00	
2.258406E-01	-6.936220E+00	
2.021073E-01	-4.818811E+00	
-1.256375E-01	-1.785897E+01	
-1.566567E-01	-1.714988E+01	
-1.857553E-01	-1.623793E+01	
-2.110979E-01	-1.513147E+01	
-2.309136E-01	-1.383820E+01	
-2.435220E-01	-1.236527E+01	
-2.473987E-01	-1.071934E+01	
-2.414968E-01	-8.907030E+00	
-2.258492E-01	-6.936220E+00	
-2.021193E-01	-4.818808E+00	
-3.750290E-01	-1.779530E+01	
-4.694579E-01	-1.708810E+01	
-5.581785E-01	-1.618189E+01	
-6.355599E-01	-1.508479E+01	
-6.963679E-01	-1.380426E+01	
-7.356134E-01	-1.234735E+01	
-7.484623E-01	-1.072053E+01	
-7.310844E-01	-8.929124E+00	
-6.827774E-01	-6.978081E+00	
-6.083572E-01	-4.875097E+00	
-6.184171E-01	-1.766508E+01	
-7.808374E-01	-1.696148E+01	
-9.335325E-01	-1.606710E+01	
-1.066817E+00	-1.498891E+01	
-1.172538E+00	-1.373360E+01	
-1.242808E+00	-1.230849E+01	
-1.269017E+00	-1.072034E+01	
-1.242279E+00	-8.973435E+00	
-1.157708E+00	-7.066648E+00	
-1.021861E+00	-4.996797E+00	
-8.507083E-01	-1.746083E+01	
-1.090841E+00	-1.676317E+01	
-1.314567E+00	-1.588899E+01	
-1.508999E+00	-1.483931E+01	
-1.665649E+00	-1.362084E+01	
-1.774476E+00	-1.224216E+01	
-1.823094E+00	-1.071184E+01	
-1.795853E+00	-9.035910E+00	
-1.672982E+00	-7.211613E+00	
-1.453109E+00	-5.207551E+00	
-1.068521E+00	-1.715987E+01	
-1.405594E+00	-1.648692E+01	
-1.704282E+00	-1.564282E+01	
-1.965085E+00	-1.463025E+01	
-2.180012E+00	-1.345832E+01	
-2.337727E+00	-1.213813E+01	
-2.423214E+00	-1.068176E+01	
-2.415389E+00	-9.101053E+00	
-2.280404E+00	-7.404327E+00	
-1.940099E+00	-5.575016E+00	
-2.007910E+00	-1.446045E+01	
-2.509752E+00	-1.290175E+01	
-2.873795E+00	-1.123608E+01	
-3.138380E+00	-9.458107E+00	
-3.311910E+00	-7.580996E+00	
-3.393258E+00	-5.621569E+00	
-3.374677E+00	-3.597748E+00	
-3.240574E+00	-1.526722E+00	
-2.960968E+00	5.787282E-01	
-2.457455E+00	2.733866E+00	
-1.554299E+00	-1.493933E+01	
-1.900893E+00	-1.327130E+01	
-2.184110E+00	-1.151379E+01	
-2.391728E+00	-9.652602E+00	
-2.524832E+00	-7.693136E+00	
-2.580962E+00	-5.646906E+00	
-2.553727E+00	-3.526595E+00	
-2.432343E+00	-1.342388E+00	
-2.201149E+00	9.051941E-01	
-1.865006E+00	3.247056E+00	
-1.113201E+00	-1.524562E+01	
-1.341399E+00	-1.353980E+01	
-1.535041E+00	-1.172215E+01	
-1.681268E+00	-9.798088E+00	
-1.774294E+00	-7.773780E+00	
-1.810535E+00	-5.658633E+00	
-1.785552E+00	-3.462651E+00	
-1.694279E+00	-1.193675E+00	
-1.535776E+00	1.146178E+00	
-1.321286E+00	3.556706E+00	
-6.695920E-01	-1.543478E+01	
-8.000551E-01	-1.370931E+01	
-9.121628E-01	-1.185839E+01	
-9.979551E-01	-9.893866E+00	
-1.052540E+00	-7.825612E+00	
-1.072781E+00	-5.663283E+00	
-1.056187E+00	-3.416423E+00	
-1.001343E+00	-1.093786E+00	
-9.100782E-01	1.296056E+00	
-7.899319E-01	3.741464E+00	
-2.234935E-01	-1.552570E+01	
-2.660006E-01	-1.379135E+01	
-3.026730E-01	-1.192513E+01	
-3.308727E-01	-9.941121E+00	
-3.488127E-01	-7.850882E+00	
-3.553165E-01	-5.664758E+00	
-3.495984E-01	-3.392635E+00	
-3.314268E-01	-1.044559E+00	
-3.016890E-01	1.367831E+00	
-2.629349E-01	3.828589E+00	
2.235079E-01	-1.552570E+01	
2.660172E-01	-1.379135E+01	
3.026889E-01	-1.192513E+01	
3.308841E-01	-9.941124E+00	
3.488203E-01	-7.850883E+00	
3.553252E-01	-5.664756E+00	
3.496113E-01	-3.392633E+00	
3.314437E-01	-1.044558E+00	
3.017099E-01	1.367834E+00	
2.629605E-01	3.828592E+00	
6.696010E-01	-1.543478E+01	
8.000620E-01	-1.370931E+01	
9.121688E-01	-1.185839E+01	
9.979608E-01	-9.893872E+00	
1.052546E+00	-7.825614E+00	
1.072790E+00	-5.663276E+00	
1.056201E+00	-3.416416E+00	
1.001360E+00	-1.093783E+00	
9.100961E-01	1.296062E+00	
7.899524E-01	3.741471E+00	
1.113205E+00	-1.524563E+01	
1.341398E+00	-1.353980E+01	
1.535039E+00	-1.172215E+01	
1.681268E+00	-9.798093E+00	
1.774298E+00	-7.773779E+00	
1.810543E+00	-5.658622E+00	
1.785563E+00	-3.462640E+00	
1.694293E+00	-1.193671E+00	
1.535790E+00	1.146184E+00	
1.321301E+00	3.556716E+00	
1.554301E+00	-1.493934E+01	
1.900892E+00	-1.327131E+01	
2.184110E+00	-1.151379E+01	
2.391730E+00	-9.652603E+00	
2.524836E+00	-7.693132E+00	
2.580967E+00	-5.646892E+00	
2.553735E+00	-3.526580E+00	
2.432353E+00	-1.342383E+00	
2.201159E+00	9.051991E-01	
1.865018E+00	3.247070E+00	
2.007908E+00	-1.446045E+01	
2.509755E+00	-1.290175E+01	
2.873798E+00	-1.123608E+01	
3.138384E+00	-9.458106E+00	
3.311915E+00	-7.580992E+00	
3.393263E+00	-5.621554E+00	
3.374683E+00	-3.597731E+00	
3.240581E+00	-1.526715E+00	
2.960978E+00	5.787344E-01	
2.457467E+00	2.733884E+00	
2.472186E+00	8.370137E+00	
3.019591E+00	6.290953E+00	
3.361554E+00	4.193995E+00	
3.565087E+00	2.067187E+00	
3.652746E+00	-7.544872E-02	
3.633547E+00	-2.215305E+00	
3.508377E+00	-4.332900E+00	
3.270151E+00	-6.409768E+00	
2.898958E+00	-8.431849E+00	
2.333441E+00	-1.040971E+01	
1.889528E+00	8.913405E+00	
2.259906E+00	6.665467E+00	
2.534317E+00	4.435855E+00	
2.703895E+00	2.198436E+00	
2.778809E+00	-4.412395E-02	
2.764452E+00	-2.280186E+00	
2.661506E+00	-4.496135E+00	
2.466033E+00	-6.680233E+00	
2.169419E+00	-8.829192E+00	
1.780638E+00	-1.096666E+01	
1.343840E+00	9.248840E+00	
1.583178E+00	6.939748E+00	
1.770853E+00	4.623660E+00	
1.893705E+00	2.303061E+00	
1.949488E+00	-1.805117E-02	
1.939512E+00	-2.330592E+00	
1.864229E+00	-4.623958E+00	
1.723140E+00	-6.888971E+00	
1.518886E+00	-9.121321E+00	
1.264013E+00	-1.131819E+01	
8.051521E-01	9.451776E+00	
9.403352E-01	7.111334E+00	
1.048572E+00	4.747986E+00	
1.121352E+00	2.374368E+00	
1.155153E+00	2.254180E-04	
1.149273E+00	-2.364724E+00	
1.103929E+00	-4.710454E+00	
1.020179E+00	-7.027315E+00	
9.015970E-01	-9.305813E+00	
7.561780E-01	-1.153399E+01	
2.682794E-01	9.548225E+00	
3.120623E-01	7.193850E+00	
3.473770E-01	4.809021E+00	
3.713665E-01	2.410103E+00	
3.826117E-01	9.536113E-03	
3.806622E-01	-2.381864E+00	
3.655853E-01	-4.753735E+00	
3.379261E-01	-7.095443E+00	
2.990883E-01	-9.395104E+00	
2.517468E-01	-1.163746E+01	
-2.682318E-01	9.548227E+00	
-3.120108E-01	7.193853E+00	
-3.473239E-01	4.809020E+00	
-3.713154E-01	2.410102E+00	
-3.825639E-01	9.533746E-03	
-3.806207E-01	-2.381868E+00	
-3.655455E-01	-4.753733E+00	
-3.378834E-01	-7.095443E+00	
-2.990447E-01	-9.395104E+00	
-2.517016E-01	-1.163746E+01	
-8.051078E-01	9.451783E+00	
-9.402868E-01	7.111339E+00	
-1.048523E+00	4.747986E+00	
-1.121306E+00	2.374362E+00	
-1.155113E+00	2.177689E-04	
-1.149234E+00	-2.364730E+00	
-1.103892E+00	-4.710453E+00	
-1.020142E+00	-7.027310E+00	
-9.015515E-01	-9.305807E+00	
-7.561324E-01	-1.153399E+01	
-1.343796E+00	9.248850E+00	
-1.583135E+00	6.939753E+00	
-1.770808E+00	4.623663E+00	
-1.893658E+00	2.303052E+00	
-1.949444E+00	-1.806476E-02	
-1.939474E+00	-2.330599E+00	
-1.864191E+00	-4.623958E+00	
-1.723097E+00	-6.888962E+00	
-1.518852E+00	-9.121319E+00	
-1.263980E+00	-1.131819E+01	
-1.889488E+00	8.913418E+00	
-2.259865E+00	6.665470E+00	
-2.534274E+00	4.435865E+00	
-2.703852E+00	2.198421E+00	
-2.778769E+00	-4.413719E-02	
-2.764413E+00	-2.280201E+00	
-2.661474E+00	-4.496134E+00	
-2.466003E+00	-6.680223E+00	
-2.169381E+00	-8.829191E+00	
-1.780599E+00	-1.096666E+01	
-2.472152E+00	8.370153E+00	
-3.019554E+00	6.290956E+00	
-3.361511E+00	4.194013E+00	
-3.565040E+00	2.067166E+00	
-3.652703E+00	-7.546194E-02	
-3.633507E+00	-2.215325E+00	
-3.508336E+00	-4.332900E+00	
-3.270114E+00	-6.409765E+00	
-2.898926E+00	-8.431838E+00	
-2.333410E+00	-1.040972E+01	
1.212816E-01	1.583612E+01	
2.805178E-02	1.620671E+01	
-1.352203E-01	1.638207E+01	
-3.310651E-01	1.637228E+01	
-5.369759E-01	1.618029E+01	
-7.340705E-01	1.580886E+01	
-9.035780E-01	1.526139E+01	
-1.023867E+00	1.454157E+01	
-1.065156E+00	1.365135E+01	
-9.678484E-01	1.257677E+01	
5.224163E-02	1.588855E+01	
-2.509204E-02	1.632485E+01	
-1.368460E-01	1.653896E+01	
-2.724818E-01	1.654687E+01	
-4.159285E-01	1.635506E+01	
-5.519237E-01	1.596719E+01	
-6.649885E-01	1.538565E+01	
-7.382752E-01	1.461089E+01	
-7.525406E-01	1.363758E+01	
-7.004929E-01	1.244119E+01	
2.128525E-02	1.594283E+01	
-3.725018E-02	1.640644E+01	
-1.131727E-01	1.664504E+01	
-2.022426E-01	1.666550E+01	
-2.958534E-01	1.647349E+01	
-3.836656E-01	1.607256E+01	
-4.549154E-01	1.546458E+01	
-4.989809E-01	1.464930E+01	
-5.081732E-01	1.362262E+01	
-4.828227E-01	1.237875E+01	
7.425410E-03	1.598356E+01	
-2.880933E-02	1.646047E+01	
-7.332177E-02	1.671144E+01	
-1.241323E-01	1.673897E+01	
-1.768959E-01	1.654639E+01	
-2.259379E-01	1.613652E+01	
-2.652150E-01	1.551115E+01	
-2.893786E-01	1.467096E+01	
-2.953565E-01	1.361613E+01	
-2.841080E-01	1.234864E+01	
1.690598E-03	1.600504E+01	
-1.055770E-02	1.648748E+01	
-2.525153E-02	1.674364E+01	
-4.179058E-02	1.677413E+01	
-5.883313E-02	1.658104E+01	
-7.458612E-02	1.616666E+01	
-8.714494E-02	1.553285E+01	
-9.489532E-02	1.468118E+01	
-9.700631E-02	1.361400E+01	
-9.386238E-02	1.233638E+01	
-1.632145E-03	1.600504E+01	
1.061576E-02	1.648748E+01	
2.530873E-02	1.674364E+01	
4.184882E-02	1.677413E+01	
5.889788E-02	1.658104E+01	
7.466006E-02	1.616666E+01	
8.722714E-02	1.553284E+01	
9.498171E-02	1.468118E+01	
9.708879E-02	1.361401E+01	
9.393316E-02	1.233638E+01	
-7.374560E-03	1.598356E+01	
2.886059E-02	1.646047E+01	
7.337429E-02	1.671144E+01	
1.241888E-01	1.673897E+01	
1.769572E-01	1.654638E+01	
2.260051E-01	1.613651E+01	
2.652871E-01	1.551115E+01	
2.894522E-01	1.467096E+01	
2.954274E-01	1.361615E+01	
2.841725E-01	1.234865E+01	
-2.123884E-02	1.594283E+01	
3.729882E-02	1.640644E+01	
1.132252E-01	1.664504E+01	
2.022986E-01	1.666549E+01	
2.959131E-01	1.647348E+01	
3.837274E-01	1.607254E+01	
4.549782E-01	1.546457E+01	
4.990428E-01	1.464930E+01	
5.082334E-01	1.362264E+01	
4.828785E-01	1.237877E+01	
-5.220105E-02	1.588855E+01	
2.513509E-02	1.632484E+01	
1.368905E-01	1.653895E+01	
2.725267E-01	1.654686E+01	
4.159743E-01	1.635504E+01	
5.519708E-01	1.596717E+01	
6.650363E-01	1.538563E+01	
7.383255E-01	1.461089E+01	
7.525911E-01	1.363760E+01	
7.005383E-01	1.244122E+01	
-1.212468E-01	1.583612E+01	
-2.801407E-02	1.620670E+01	
1.352606E-01	1.638206E+01	
3.311088E-01	1.637227E+01	
5.370204E-01	1.618028E+01	
7.341117E-01	1.580885E+01	
9.036172E-01	1.526138E+01	
1.023905E+00	1.454156E+01	
1.065192E+00	1.365137E+01	
9.678828E-01	1.257681E+01	
1.068488E+00	1.715988E+01	
1.405559E+00	1.648694E+01	
1.704246E+00	1.564283E+01	
1.965050E+00	1.463024E+01	
2.179978E+00	1.345831E+01	
2.337695E+00	1.213812E+01	
2.423186E+00	1.068176E+01	
2.415368E+00	9.101029E+00	
2.280391E+00	7.404296E+00	
1.940094E+00	5.574994E+00	
8.506759E-01	1.746085E+01	
1.090809E+00	1.676319E+01	
1.314535E+00	1.588901E+01	
1.508968E+00	1.483931E+01	
1.665623E+00	1.362082E+01	
1.774453E+00	1.224215E+01	
1.823072E+00	1.071183E+01	
1.795833E+00	9.035893E+00	
1.672970E+00	7.211593E+00	
1.453107E+00	5.207537E+00	
6.183893E-01	1.766509E+01	
7.808119E-01	1.696150E+01	
9.335068E-01	1.606712E+01	
1.066792E+00	1.498891E+01	
1.172518E+00	1.373359E+01	
1.242792E+00	1.230849E+01	
1.269001E+00	1.072033E+01	
1.242266E+00	8.973423E+00	
1.157702E+00	7.066636E+00	
1.021862E+00	4.996790E+00	
3.750058E-01	1.779532E+01	
4.694366E-01	1.708812E+01	
5.581556E-01	1.618190E+01	
6.355374E-01	1.508479E+01	
6.963505E-01	1.380425E+01	
7.356017E-01	1.234735E+01	
7.484547E-01	1.072053E+01	
7.310811E-01	8.929118E+00	
6.827781E-01	6.978075E+00	
6.083578E-01	4.875091E+00	
1.256144E-01	1.785899E+01	
1.566343E-01	1.714990E+01	
1.857318E-01	1.623795E+01	
2.110761E-01	1.513148E+01	
2.308980E-01	1.383820E+01	
2.435132E-01	1.236527E+01	
2.473950E-01	1.071934E+01	
2.414978E-01	8.907029E+00	
2.258517E-01	6.936215E+00	
2.021168E-01	4.818796E+00	
-1.256579E-01	1.785900E+01	
-1.566725E-01	1.714990E+01	
-1.857656E-01	1.623795E+01	
-2.111022E-01	1.513148E+01	
-2.309124E-01	1.383821E+01	
-2.435174E-01	1.236527E+01	
-2.473932E-01	1.071935E+01	
-2.414919E-01	8.907030E+00	
-2.258451E-01	6.936214E+00	
-2.021151E-01	4.818792E+00	
-3.750526E-01	1.779533E+01	
-4.694764E-01	1.708813E+01	
-5.581898E-01	1.618191E+01	
-6.355642E-01	1.508481E+01	
-6.963674E-01	1.380427E+01	
-7.356110E-01	1.234736E+01	
-7.484601E-01	1.072053E+01	
-7.310830E-01	8.929123E+00	
-6.827760E-01	6.978075E+00	
-6.083541E-01	4.875083E+00	
-6.184411E-01	1.766511E+01	
-7.808561E-01	1.696151E+01	
-9.335448E-01	1.606713E+01	
-1.066823E+00	1.498894E+01	
-1.172540E+00	1.373362E+01	
-1.242808E+00	1.230850E+01	
-1.269015E+00	1.072034E+01	
-1.242275E+00	8.973434E+00	
-1.157704E+00	7.066642E+00	
-1.021857E+00	4.996785E+00	
-8.507320E-01	1.746087E+01	
-1.090859E+00	1.676321E+01	
-1.314580E+00	1.588902E+01	
-1.509009E+00	1.483934E+01	
-1.665655E+00	1.362086E+01	
-1.774476E+00	1.224217E+01	
-1.823089E+00	1.071185E+01	
-1.795845E+00	9.035910E+00	
-1.672975E+00	7.211608E+00	
-1.453103E+00	5.207538E+00	
-1.068542E+00	1.715992E+01	
-1.405610E+00	1.648697E+01	
-1.704294E+00	1.564286E+01	
-1.965093E+00	1.463028E+01	
-2.180016E+00	1.345835E+01	
-2.337726E+00	1.213815E+01	
-2.423208E+00	1.068177E+01	
-2.415381E+00	9.101053E+00	
-2.280397E+00	7.404319E+00	
-1.940094E+00	5.575001E+00	
-2.007949E+00	1.446044E+01	
-2.509791E+00	1.290175E+01	
-2.873833E+00	1.123609E+01	
-3.138422E+00	9.458115E+00	
-3.311955E+00	7.581009E+00	
-3.393303E+00	5.621588E+00	
-3.374722E+00	3.597770E+00	
-3.240618E+00	1.526748E+00	
-2.961011E+00	-5.787020E-01	
-2.457497E+00	-2.733845E+00	
-1.554341E+00	1.493932E+01	
-1.900936E+00	1.327130E+01	
-2.184152E+00	1.151380E+01	
-2.391769E+00	9.652613E+00	
-2.524876E+00	7.693151E+00	
-2.581009E+00	5.646925E+00	
-2.553775E+00	3.526617E+00	
-2.432389E+00	1.342412E+00	
-2.201193E+00	-9.051692E-01	
-1.865050E+00	-3.247035E+00	
-1.113245E+00	1.524562E+01	
-1.341444E+00	1.353980E+01	
-1.535085E+00	1.172215E+01	
-1.681312E+00	9.798101E+00	
-1.774339E+00	7.773799E+00	
-1.810583E+00	5.658654E+00	
-1.785600E+00	3.462672E+00	
-1.694325E+00	1.193696E+00	
-1.535820E+00	-1.146155E+00	
-1.321329E+00	-3.556684E+00	
-6.696379E-01	1.543477E+01	
-8.001024E-01	1.370931E+01	
-9.122120E-01	1.185839E+01	
-9.980047E-01	9.893878E+00	
-1.052588E+00	7.825633E+00	
-1.072828E+00	5.663305E+00	
-1.056233E+00	3.416443E+00	
-1.001388E+00	1.093804E+00	
-9.101210E-01	-1.296035E+00	
-7.899749E-01	-3.741441E+00	
-2.235446E-01	1.552570E+01	
-2.660536E-01	1.379135E+01	
-3.027286E-01	1.192513E+01	
-3.309282E-01	9.941131E+00	
-3.488638E-01	7.850898E+00	
-3.553626E-01	5.664779E+00	
-3.496425E-01	3.392654E+00	
-3.314712E-01	1.044576E+00	
-3.017335E-01	-1.367811E+00	
-2.629786E-01	-3.828566E+00	
2.234529E-01	1.552570E+01	
2.659615E-01	1.379136E+01	
3.026332E-01	1.192513E+01	
3.308302E-01	9.941131E+00	
3.487706E-01	7.850893E+00	
3.552801E-01	5.664773E+00	
3.495678E-01	3.392652E+00	
3.313987E-01	1.044576E+00	
3.016644E-01	-1.367814E+00	
2.629175E-01	-3.828571E+00	
6.695475E-01	1.543477E+01	
8.000101E-01	1.370931E+01	
9.121200E-01	1.185840E+01	
9.979140E-01	9.893878E+00	
1.052500E+00	7.825621E+00	
1.072745E+00	5.663291E+00	
1.056157E+00	3.416436E+00	
1.001317E+00	1.093801E+00	
9.100555E-01	-1.296044E+00	
7.899149E-01	-3.741453E+00	
1.113159E+00	1.524562E+01	
1.341354E+00	1.353980E+01	
1.534997E+00	1.172215E+01	
1.681226E+00	9.798098E+00	
1.774254E+00	7.773786E+00	
1.810500E+00	5.658635E+00	
1.785524E+00	3.462656E+00	
1.694258E+00	1.193686E+00	
1.535759E+00	-1.146168E+00	
1.321271E+00	-3.556701E+00	
1.554263E+00	1.493934E+01	
1.900855E+00	1.327130E+01	
2.184071E+00	1.151379E+01	
2.391690E+00	9.652610E+00	
2.524797E+00	7.693139E+00	
2.580931E+00	5.646902E+00	
2.553704E+00	3.526592E+00	
2.432326E+00	1.342394E+00	
2.201134E+00	-9.051845E-01	
1.864992E+00	-3.247055E+00	
2.007876E+00	1.446045E+01	
2.509721E+00	1.290175E+01	
2.873764E+00	1.123609E+01	
3.138351E+00	9.458112E+00	
3.311885E+00	7.580996E+00	
3.393237E+00	5.621560E+00	
3.374659E+00	3.597739E+00	
3.240558E+00	1.526726E+00	
2.960954E+00	-5.787196E-01	
2.457444E+00	-2.733868E+00	
2.472171E+00	-8.370100E+00	
3.019578E+00	-6.290926E+00	
3.361547E+00	-4.193977E+00	
3.565083E+00	-2.067158E+00	
3.652746E+00	7.547156E-02	
3.633550E+00	2.215309E+00	
3.508377E+00	4.332892E+00	
3.270153E+00	6.409753E+00	
2.898966E+00	8.431829E+00	
2.333444E+00	1.040968E+01	
1.889514E+00	-8.913368E+00	
2.259894E+00	-6.665445E+00	
2.534305E+00	-4.435838E+00	
2.703883E+00	-2.198411E+00	
2.778806E+00	4.413921E-02	
2.764453E+00	2.280189E+00	
2.661510E+00	4.496128E+00	
2.466033E+00	6.680218E+00	
2.169414E+00	8.829171E+00	
1.780637E+00	1.096664E+01	
1.343822E+00	-9.248805E+00	
1.583165E+00	-6.939731E+00	
1.770844E+00	-4.623642E+00	
1.893704E+00	-2.303045E+00	
1.949494E+00	1.806074E-02	
1.939522E+00	2.330592E+00	
1.864235E+00	4.623954E+00	
1.723143E+00	6.888960E+00	
1.518891E+00	9.121301E+00	
1.264011E+00	1.131817E+01	
8.051355E-01	-9.451742E+00	
9.403182E-01	-7.111319E+00	
1.048557E+00	-4.747971E+00	
1.121341E+00	-2.374360E+00	
1.155148E+00	-2.212264E-04	
1.149270E+00	2.364725E+00	
1.103925E+00	4.710453E+00	
1.020173E+00	7.027306E+00	
9.015834E-01	9.305796E+00	
7.561635E-01	1.153397E+01	
2.682597E-01	-9.548190E+00	
3.120445E-01	-7.193838E+00	
3.473640E-01	-4.809010E+00	
3.713600E-01	-2.410101E+00	
3.826087E-01	-9.536565E-03	
3.806616E-01	2.381866E+00	
3.655833E-01	4.753735E+00	
3.379216E-01	7.095439E+00	
2.990823E-01	9.395092E+00	
2.517322E-01	1.163744E+01	
-2.682485E-01	-9.548195E+00	
-3.120295E-01	-7.193838E+00	
-3.473466E-01	-4.809013E+00	
-3.713386E-01	-2.410102E+00	
-3.825858E-01	-9.536817E-03	
-3.806408E-01	2.381868E+00	
-3.655653E-01	4.753735E+00	
-3.379040E-01	7.095439E+00	
-2.990691E-01	9.395096E+00	
-2.517257E-01	1.163745E+01	
-8.051178E-01	-9.451752E+00	
-9.402976E-01	-7.111319E+00	
-1.048536E+00	-4.747976E+00	
-1.121321E+00	-2.374363E+00	
-1.155125E+00	-2.250040E-04	
-1.149244E+00	2.364730E+00	
-1.103903E+00	4.710457E+00	
-1.020155E+00	7.027308E+00	
-9.015674E-01	9.305805E+00	
-7.561542E-01	1.153398E+01	
-1.343809E+00	-9.248815E+00	
-1.583155E+00	-6.939730E+00	
-1.770833E+00	-4.623648E+00	
-1.893691E+00	-2.303048E+00	
-1.949480E+00	1.805323E-02	
-1.939512E+00	2.330603E+00	
-1.864231E+00	4.623962E+00	
-1.723133E+00	6.888957E+00	
-1.518879E+00	9.121314E+00	
-1.264004E+00	1.131818E+01	
-1.889498E+00	-8.913377E+00	
-2.259877E+00	-6.665444E+00	
-2.534287E+00	-4.435847E+00	
-2.703869E+00	-2.198410E+00	
-2.778790E+00	4.412600E-02	
-2.764432E+00	2.280204E+00	
-2.661493E+00	4.496141E+00	
-2.466027E+00	6.680215E+00	
-2.169407E+00	8.829183E+00	
-1.780623E+00	1.096666E+01	
-2.472169E+00	-8.370106E+00	
-3.019579E+00	-6.290925E+00	
-3.361544E+00	-4.193990E+00	
-3.565080E+00	-2.067149E+00	
-3.652749E+00	7.545614E-02	
-3.633555E+00	2.215322E+00	
-3.508379E+00	4.332907E+00	
-3.270153E+00	6.409755E+00	
-2.898962E+00	8.431831E+00	
-2.333441E+00	1.040970E+01	
1.212550E-01	-1.583612E+01	
2.802642E-02	-1.620671E+01	
-1.352444E-01	-1.638207E+01	
-3.310873E-01	-1.637228E+01	
-5.369953E-01	-1.618030E+01	
-7.340871E-01	-1.580889E+01	
-9.035952E-01	-1.526142E+01	
-1.023888E+00	-1.454159E+01	
-1.065179E+00	-1.365138E+01	
-9.678729E-01	-1.257681E+01	
5.221492E-02	-1.588855E+01	
-2.512178E-02	-1.632485E+01	
-1.368729E-01	-1.653896E+01	
-2.725083E-01	-1.654687E+01	
-4.159576E-01	-1.635507E+01	
-5.519509E-01	-1.596721E+01	
-6.650120E-01	-1.538567E+01	
-7.383015E-01	-1.461092E+01	
-7.525730E-01	-1.363761E+01	
-7.005268E-01	-1.244123E+01	
2.125973E-02	-1.594283E+01	
-3.727551E-02	-1.640644E+01	
-1.131987E-01	-1.664504E+01	
-2.022708E-01	-1.666550E+01	
-2.958865E-01	-1.647350E+01	
-3.837004E-01	-1.607258E+01	
-4.549472E-01	-1.546461E+01	
-4.990121E-01	-1.464934E+01	
-5.082082E-01	-1.362266E+01	
-4.828589E-01	-1.237878E+01	
7.402569E-03	-1.598357E+01	
-2.883392E-02	-1.646048E+01	
-7.334684E-02	-1.671145E+01	
-1.241613E-01	-1.673898E+01	
-1.769318E-01	-1.654641E+01	
-2.259787E-01	-1.613653E+01	
-2.652554E-01	-1.551118E+01	
-2.894171E-01	-1.467100E+01	
-2.953947E-01	-1.361617E+01	
-2.841454E-01	-1.234867E+01	
1.667250E-03	-1.600504E+01	
-1.058246E-02	-1.648749E+01	
-2.527728E-02	-1.674364E+01	
-4.181938E-02	-1.677414E+01	
-5.886739E-02	-1.658107E+01	
-7.462523E-02	-1.616668E+01	
-8.718760E-02	-1.553287E+01	
-9.494040E-02	-1.468122E+01	
-9.705242E-02	-1.361404E+01	
-9.390570E-02	-1.233640E+01	
-1.655872E-03	-1.600504E+01	
1.058989E-02	-1.648749E+01	
2.528153E-02	-1.674364E+01	
4.181897E-02	-1.677415E+01	
5.886186E-02	-1.658107E+01	
7.461716E-02	-1.616668E+01	
8.717838E-02	-1.553287E+01	
9.492928E-02	-1.468122E+01	
9.703669E-02	-1.361404E+01	
9.388507E-02	-1.233641E+01	
-7.393345E-03	-1.598357E+01	
2.884359E-02	-1.646048E+01	
7.335553E-02	-1.671145E+01	
1.241662E-01	-1.673899E+01	
1.769286E-01	-1.654642E+01	
2.259681E-01	-1.613654E+01	
2.652425E-01	-1.551118E+01	
2.894029E-01	-1.467100E+01	
2.953773E-01	-1.361618E+01	
2.841250E-01	-1.234867E+01	
-2.125447E-02	-1.594283E+01	
3.728291E-02	-1.640645E+01	
1.132060E-01	-1.664505E+01	
2.022736E-01	-1.666552E+01	
2.958822E-01	-1.647352E+01	
3.836902E-01	-1.607258E+01	
4.549348E-01	-1.546461E+01	
4.989963E-01	-1.464935E+01	
5.081873E-01	-1.362267E+01	
4.828348E-01	-1.237879E+01	
-5.221422E-02	-1.588855E+01	
2.512129E-02	-1.632485E+01	
1.368742E-01	-1.653897E+01	
2.725069E-01	-1.654689E+01	
4.159517E-01	-1.635509E+01	
5.519447E-01	-1.596721E+01	
6.650038E-01	-1.538568E+01	
7.382867E-01	-1.461094E+01	
7.525500E-01	-1.363763E+01	
7.004989E-01	-1.244124E+01	
-1.212600E-01	-1.583612E+01	
-2.803149E-02	-1.620671E+01	
1.352384E-01	-1.638208E+01	
3.310820E-01	-1.637231E+01	
5.369907E-01	-1.618032E+01	
7.340811E-01	-1.580890E+01	
9.035865E-01	-1.526143E+01	
1.023872E+00	-1.454161E+01	
1.065156E+00	-1.365140E+01	
9.678438E-01	-1.257682E+01	
-1.112972E-02	-1.687427E+01	
1.313869E-02	-1.701843E+01	
3.784568E-02	-1.701792E+01	
6.408205E-02	-1.687056E+01	
9.219077E-02	-1.657349E+01	
1.216359E-01	-1.612491E+01	
1.511253E-01	-1.552577E+01	
1.789370E-01	-1.478101E+01	
2.032540E-01	-1.389999E+01	
2.223403E-01	-1.289646E+01	
2.345644E-01	-1.178823E+01	
2.384658E-01	-1.059679E+01	
2.330774E-01	-9.346706E+00	
2.185156E-01	-8.063976E+00	
1.965183E-01	-6.773040E+00	
1.704293E-01	-5.493159E+00	
1.444062E-01	-4.235672E+00	
1.222317E-01	-3.003484E+00	
1.064709E-01	-1.792813E+00	
9.838258E-02	-5.960211E-01	
-3.225211E-02	-1.692210E+01	
3.875415E-02	-1.706588E+01	
1.115318E-01	-1.706796E+01	
1.896869E-01	-1.692491E+01	
2.744383E-01	-1.663200E+01	
3.640360E-01	-1.618545E+01	
4.541906E-01	-1.558488E+01	
5.393366E-01	-1.483485E+01	
6.138714E-01	-1.394499E+01	
6.726415E-01	-1.292932E+01	
7.107909E-01	-1.180575E+01	
7.236712E-01	-1.059605E+01	
7.076857E-01	-9.326070E+00	
6.623915E-01	-8.024756E+00	
5.928598E-01	-6.720731E+00	
5.100791E-01	-5.436598E+00	
4.280368E-01	-4.184167E+00	
3.590921E-01	-2.963869E+00	
3.108759E-01	-1.768450E+00	
2.864537E-01	-5.878733E-01	
-5.011726E-02	-1.701380E+01	
6.197425E-02	-1.715728E+01	
1.783824E-01	-1.716574E+01	
3.064880E-01	-1.703338E+01	
4.493068E-01	-1.675110E+01	
6.034195E-01	-1.631006E+01	
7.597997E-01	-1.570680E+01	
9.075141E-01	-1.494580E+01	
1.036838E+00	-1.403791E+01	
1.139693E+00	-1.299802E+01	
1.208370E+00	-1.184387E+01	
1.234520E+00	-1.059696E+01	
1.209613E+00	-9.284265E+00	
1.129213E+00	-7.940866E+00	
1.000399E+00	-6.606275E+00	
8.452783E-01	-5.313152E+00	
6.940694E-01	-4.074362E+00	
5.714479E-01	-2.882109E+00	
4.890832E-01	-1.719630E+00	
4.485668E-01	-5.717553E-01	
-6.299564E-02	-1.714128E+01	
8.024512E-02	-1.728513E+01	
2.311998E-01	-1.730525E+01	
4.041597E-01	-1.719494E+01	
6.080065E-01	-1.693621E+01	
8.366014E-01	-1.650766E+01	
1.070736E+00	-1.589972E+01	
1.289666E+00	-1.511952E+01	
1.480282E+00	-1.418412E+01	
1.634123E+00	-1.310851E+01	
1.741313E+00	-1.190925E+01	
1.789721E+00	-1.060614E+01	
1.764061E+00	-9.224520E+00	
1.645115E+00	-7.801266E+00	
1.432417E+00	-6.404364E+00	
1.168878E+00	-5.096404E+00	
9.211588E-01	-3.892183E+00	
7.367960E-01	-2.757304E+00	
6.227452E-01	-1.648019E+00	
5.683780E-01	-5.484820E-01	
-6.971228E-02	-1.729243E+01	
9.059842E-02	-1.743753E+01	
2.612797E-01	-1.747449E+01	
4.625613E-01	-1.739995E+01	
7.292144E-01	-1.720170E+01	
1.062002E+00	-1.680355E+01	
1.396123E+00	-1.617209E+01	
1.692581E+00	-1.536255E+01	
1.951585E+00	-1.439072E+01	
2.165158E+00	-1.326932E+01	
2.322044E+00	-1.201251E+01	
2.407347E+00	-1.063659E+01	
2.400156E+00	-9.161216E+00	
2.266894E+00	-7.612361E+00	
1.930231E+00	-6.043908E+00	
1.448993E+00	-4.712083E+00	
1.058674E+00	-3.638465E+00	
8.295272E-01	-2.597512E+00	
6.951476E-01	-1.559381E+00	
6.324376E-01	-5.200436E-01	
-6.968971E-02	-1.745204E+01	
9.091075E-02	-1.759884E+01	
2.620267E-01	-1.765498E+01	
4.641095E-01	-1.762282E+01	
7.326342E-01	-1.751401E+01	
1.454254E+00	-4.213922E+00	
1.061036E+00	-3.353089E+00	
8.307476E-01	-2.423453E+00	
6.958346E-01	-1.464147E+00	
6.329109E-01	-4.896435E-01	
-6.293500E-02	-1.760365E+01	
8.105838E-02	-1.775182E+01	
2.331295E-01	-1.782518E+01	
4.081187E-01	-1.782968E+01	
6.160161E-01	-1.778356E+01	
1.180929E+00	-3.823397E+00	
9.271861E-01	-3.096654E+00	
7.399466E-01	-2.262360E+00	
6.245348E-01	-1.374915E+00	
5.696169E-01	-4.610335E-01	
-5.003952E-02	-1.773187E+01	
6.297034E-02	-1.788060E+01	
1.807203E-01	-1.796622E+01	
3.111668E-01	-1.799408E+01	
4.582361E-01	-1.797413E+01	
8.584692E-01	-3.598611E+00	
7.011462E-01	-2.910374E+00	
5.752611E-01	-2.135515E+00	
4.912769E-01	-1.302364E+00	
4.500980E-01	-4.374880E-01	
-3.218771E-02	-1.782431E+01	
3.955193E-02	-1.797292E+01	
1.133849E-01	-1.806549E+01	
1.933210E-01	-1.810520E+01	
2.811503E-01	-1.809791E+01	
5.198762E-01	-3.468468E+00	
4.335017E-01	-2.796819E+00	
3.621110E-01	-2.051794E+00	
3.126357E-01	-1.252626E+00	
2.876907E-01	-4.211027E-01	
-1.110235E-02	-1.787259E+01	
1.344249E-02	-1.802092E+01	
3.854558E-02	-1.811642E+01	
6.543931E-02	-1.816109E+01	
9.465976E-02	-1.815907E+01	
1.740065E-01	-3.408194E+00	
1.464336E-01	-2.743146E+00	
1.233652E-01	-2.011008E+00	
1.071363E-01	-1.227707E+00	
9.885437E-02	-4.127942E-01	
1.110912E-02	-1.787258E+01	
-1.344015E-02	-1.802092E+01	
-3.854661E-02	-1.811642E+01	
-6.544497E-02	-1.816109E+01	
-9.466944E-02	-1.815906E+01	
-1.740246E-01	-3.408191E+00	
-1.464531E-01	-2.743147E+00	
-1.233794E-01	-2.011012E+00	
-1.071439E-01	-1.227710E+00	
-9.885783E-02	-4.127956E-01	
3.219594E-02	-1.782430E+01	
-3.954793E-02	-1.797291E+01	
-1.133891E-01	-1.806548E+01	
-1.933343E-01	-1.810519E+01	
-2.811703E-01	-1.809791E+01	
-5.198915E-01	-3.468462E+00	
-4.335153E-01	-2.796824E+00	
-3.621208E-01	-2.051803E+00	
-3.126429E-01	-1.252632E+00	
-2.876965E-01	-4.211060E-01	
5.004201E-02	-1.773186E+01	
-6.297146E-02	-1.788059E+01	
-1.807309E-01	-1.796620E+01	
-3.111881E-01	-1.799406E+01	
-4.582639E-01	-1.797412E+01	
-8.584821E-01	-3.598607E+00	
-7.011552E-01	-2.910382E+00	
-5.752677E-01	-2.135527E+00	
-4.912830E-01	-1.302371E+00	
-4.501042E-01	-4.374924E-01	
6.292512E-02	-1.760364E+01	
-8.107176E-02	-1.775180E+01	
-2.331478E-01	-1.782516E+01	
-4.081429E-01	-1.782966E+01	
-6.160454E-01	-1.778355E+01	
-1.180943E+00	-3.823398E+00	
-9.271959E-01	-3.096665E+00	
-7.399528E-01	-2.262375E+00	
-6.245374E-01	-1.374923E+00	
-5.696167E-01	-4.610396E-01	
6.967076E-02	-1.745202E+01	
-9.093476E-02	-1.759881E+01	
-2.620516E-01	-1.765495E+01	
-4.641346E-01	-1.762279E+01	
-7.326625E-01	-1.751399E+01	
-1.454270E+00	-4.213928E+00	
-1.061047E+00	-3.353105E+00	
-8.307515E-01	-2.423474E+00	
-6.958299E-01	-1.464161E+00	
-6.328993E-01	-4.896535E-01	
6.969208E-02	-1.729241E+01	
-9.062567E-02	-1.743751E+01	
-2.613085E-01	-1.747446E+01	
-4.625883E-01	-1.739992E+01	
-7.292426E-01	-1.720168E+01	
-1.062037E+00	-1.680353E+01	
-1.396165E+00	-1.617206E+01	
-1.692623E+00	-1.536253E+01	
-1.951629E+00	-1.439072E+01	
-2.165207E+00	-1.326934E+01	
-2.322093E+00	-1.201251E+01	
-2.407390E+00	-1.063660E+01	
-2.400191E+00	-9.161240E+00	
-2.266924E+00	-7.612392E+00	
-1.930254E+00	-6.043926E+00	
-1.449007E+00	-4.712095E+00	
-1.058679E+00	-3.638488E+00	
-8.295241E-01	-2.597542E+00	
-6.951355E-01	-1.559403E+00	
-6.324183E-01	-5.200588E-01	
6.297804E-02	-1.714125E+01	
-8.026809E-02	-1.728510E+01	
-2.312268E-01	-1.730522E+01	
-4.041862E-01	-1.719491E+01	
-6.080331E-01	-1.693618E+01	
-8.366308E-01	-1.650763E+01	
-1.070770E+00	-1.589969E+01	
-1.289705E+00	-1.511951E+01	
-1.480325E+00	-1.418412E+01	
-1.634170E+00	-1.310852E+01	
-1.741357E+00	-1.190926E+01	
-1.789760E+00	-1.060616E+01	
-1.764094E+00	-9.224550E+00	
-1.645141E+00	-7.801302E+00	
-1.432435E+00	-6.404392E+00	
-1.168885E+00	-5.096426E+00	
-9.211550E-01	-3.892214E+00	
-7.367852E-01	-2.757340E+00	
-6.227308E-01	-1.648048E+00	
-5.683609E-01	-5.485014E-01	
5.010319E-02	-1.701377E+01	
-6.198917E-02	-1.715724E+01	
-1.784006E-01	-1.716571E+01	
-3.065097E-01	-1.703336E+01	
-4.493302E-01	-1.675107E+01	
-6.034438E-01	-1.631003E+01	
-7.598256E-01	-1.570677E+01	
-9.075435E-01	-1.494577E+01	
-1.036872E+00	-1.403791E+01	
-1.139730E+00	-1.299804E+01	
-1.208405E+00	-1.184388E+01	
-1.234551E+00	-1.059698E+01	
-1.209638E+00	-9.284301E+00	
-1.129233E+00	-7.940909E+00	
-1.000413E+00	-6.606311E+00	
-8.452819E-01	-5.313187E+00	
-6.940612E-01	-4.074403E+00	
-5.714346E-01	-2.882148E+00	
-4.890724E-01	-1.719657E+00	
-4.485587E-01	-5.717759E-01	
3.224291E-02	-1.692207E+01	
-3.876114E-02	-1.706584E+01	
-1.115399E-01	-1.706792E+01	
-1.896992E-01	-1.692488E+01	
-2.744545E-01	-1.663197E+01	
-3.640526E-01	-1.618542E+01	
-4.542059E-01	-1.558485E+01	
-5.393531E-01	-1.483483E+01	
-6.138914E-01	-1.394498E+01	
-6.726640E-01	-1.292933E+01	
-7.108125E-01	-1.180577E+01	
-7.236897E-01	-1.059608E+01	
-7.077006E-01	-9.326110E+00	
-6.624033E-01	-8.024802E+00	
-5.928684E-01	-6.720774E+00	
-5.100824E-01	-5.436643E+00	
-4.280328E-01	-4.184218E+00	
-3.590842E-01	-2.963908E+00	
-3.108715E-01	-1.768471E+00	
-2.864516E-01	-5.878950E-01	
1.112511E-02	-1.687425E+01	
-1.314187E-02	-1.701840E+01	
-3.784868E-02	-1.701788E+01	
-6.408712E-02	-1.687052E+01	
-9.219754E-02	-1.657346E+01	
-1.216425E-01	-1.612489E+01	
-1.511310E-01	-1.552574E+01	
-1.789430E-01	-1.478098E+01	
-2.032616E-01	-1.389998E+01	
-2.223489E-01	-1.289647E+01	
-2.345721E-01	-1.178825E+01	
-2.384723E-01	-1.059682E+01	
-2.330831E-01	-9.346748E+00	
-2.185201E-01	-8.064024E+00	
-1.965209E-01	-6.773085E+00	
-1.704303E-01	-5.493208E+00	
-1.444056E-01	-4.235727E+00	
-1.222299E-01	-3.003523E+00	
-1.064691E-01	-1.792830E+00	
-9.838300E-02	-5.960423E-01	
-3.651677E-02	-1.658568E+01	
-6.469931E-02	-1.615036E+01	
-9.703453E-02	-1.556363E+01	
-1.340064E-01	-1.481963E+01	
-1.747173E-01	-1.391369E+01	
-2.167955E-01	-1.284540E+01	
-2.569346E-01	-1.162119E+01	
-2.917954E-01	-1.025531E+01	
-3.187205E-01	-8.768997E+00	
-3.359171E-01	-7.188574E+00	
-3.422236E-01	-5.543725E+00	
-3.368845E-01	-3.866381E+00	
-3.197197E-01	-2.189713E+00	
-2.916889E-01	-5.463512E-01	
-2.554132E-01	1.034708E+00	
-2.150691E-01	2.531787E+00	
-1.754366E-01	3.933086E+00	
-1.405567E-01	5.236626E+00	
-1.128306E-01	6.447566E+00	
-9.299350E-02	7.574551E+00	
-1.064682E-01	-1.663745E+01	
-1.892974E-01	-1.620959E+01	
-2.854149E-01	-1.563285E+01	
-3.969499E-01	-1.489892E+01	
-5.214288E-01	-1.399959E+01	
-6.511111E-01	-1.293126E+01	
-7.749300E-01	-1.169928E+01	
-8.820046E-01	-1.031915E+01	
-9.642789E-01	-8.814357E+00	
-1.016812E+00	-7.212944E+00	
-1.036489E+00	-5.545339E+00	
-1.020913E+00	-3.843852E+00	
-9.688347E-01	-2.142999E+00	
-8.823090E-01	-4.785093E-01	
-7.691256E-01	1.116326E+00	
-6.429652E-01	2.616675E+00	
-5.198853E-01	4.010911E+00	
-4.130926E-01	5.300474E+00	
-3.296385E-01	6.494899E+00	
-2.708367E-01	7.605857E+00	
-1.671036E-01	-1.673696E+01	
-2.988117E-01	-1.632463E+01	
-4.550969E-01	-1.577022E+01	
-6.425743E-01	-1.506057E+01	
-8.586098E-01	-1.417846E+01	
-1.087832E+00	-1.311129E+01	
-1.306581E+00	-1.186182E+01	
-1.493223E+00	-1.045033E+01	
-1.634607E+00	-8.906834E+00	
-1.724801E+00	-7.263195E+00	
-1.760224E+00	-5.550189E+00	
-1.736567E+00	-3.799769E+00	
-1.649035E+00	-2.047472E+00	
-1.497110E+00	-3.355854E-01	
-1.292580E+00	1.291115E+00	
-1.062841E+00	2.797785E+00	
-8.424741E-01	4.173248E+00	
-6.578182E-01	5.429586E+00	
-5.190883E-01	6.587971E+00	
-4.242991E-01	7.666376E+00	
-2.122384E-01	-1.687571E+01	
-3.818066E-01	-1.648715E+01	
-5.879859E-01	-1.597015E+01	
-8.502138E-01	-1.531033E+01	
-1.174007E+00	-1.446852E+01	
-1.530205E+00	-1.340665E+01	
-1.867325E+00	-1.212233E+01	
-2.143848E+00	-1.065299E+01	
-2.346889E+00	-9.048603E+00	
-2.477292E+00	-7.342024E+00	
-2.532578E+00	-5.562068E+00	
-2.506491E+00	-3.738146E+00	
-2.388530E+00	-1.903602E+00	
-2.163574E+00	-1.025737E-01	
-1.837509E+00	1.588698E+00	
-1.463286E+00	3.104164E+00	
-1.116862E+00	4.433660E+00	
-8.487458E-01	5.621946E+00	
-6.615995E-01	6.721487E+00	
-5.378739E-01	7.751374E+00	
-2.365420E-01	-1.704063E+01	
-4.272206E-01	-1.668248E+01	
-6.629715E-01	-1.621676E+01	
-9.752076E-01	-1.563819E+01	
-1.430854E+00	-1.492010E+01	
-1.996660E+00	-1.387707E+01	
-2.493790E+00	-1.248615E+01	
-2.854767E+00	-1.092666E+01	
-3.117255E+00	-9.240458E+00	
-3.289526E+00	-7.452843E+00	
-3.370446E+00	-5.587455E+00	
-3.352331E+00	-3.668558E+00	
-3.219724E+00	-1.722621E+00	
-2.942914E+00	2.182116E-01	
-2.444469E+00	2.092424E+00	
-1.802092E+00	3.617038E+00	
-1.282657E+00	4.786646E+00	
-9.560466E-01	5.863686E+00	
-7.390186E-01	6.883922E+00	
-5.986836E-01	7.853000E+00	
-2.367971E-01	-1.721496E+01	
-4.278664E-01	-1.688990E+01	
-6.643096E-01	-1.648154E+01	
-9.779003E-01	-1.599924E+01	
-1.436822E+00	-1.547362E+01	
-1.809007E+00	4.266420E+00	
-1.285769E+00	5.179937E+00	
-9.576304E-01	6.125143E+00	
-7.398609E-01	7.057262E+00	
-5.991719E-01	7.960684E+00	
-2.129023E-01	-1.738042E+01	
-3.834873E-01	-1.708609E+01	
-5.914427E-01	-1.672975E+01	
-8.570962E-01	-1.633028E+01	
-1.187857E+00	-1.593227E+01	
-1.479216E+00	4.787467E+00	
-1.124805E+00	5.536538E+00	
-8.528360E-01	6.368650E+00	
-6.637910E-01	7.220570E+00	
-5.391500E-01	8.062706E+00	
-1.679158E-01	-1.752005E+01	
-3.008666E-01	-1.725000E+01	
-4.592852E-01	-1.693221E+01	
-6.506892E-01	-1.658487E+01	
-8.739386E-01	-1.623168E+01	
-1.080358E+00	5.104535E+00	
-8.518186E-01	5.802421E+00	
-6.627691E-01	6.563786E+00	
-5.217701E-01	7.355478E+00	
-4.258705E-01	8.148339E+00	
-1.071169E-01	-1.762042E+01	
-1.909381E-01	-1.736640E+01	
-2.887313E-01	-1.707202E+01	
-4.032402E-01	-1.675098E+01	
-5.328974E-01	-1.641848E+01	
-6.560159E-01	5.294620E+00	
-5.271100E-01	5.969782E+00	
-4.170102E-01	6.695575E+00	
-3.317823E-01	7.449916E+00	
-2.720977E-01	8.209485E+00	
-3.675789E-02	-1.767272E+01	
-6.531460E-02	-1.742647E+01	
-9.827946E-02	-1.714270E+01	
-1.363479E-01	-1.683287E+01	
-1.789220E-01	-1.650882E+01	
-2.198405E-01	5.384505E+00	
-1.781186E-01	6.050524E+00	
-1.420237E-01	6.761027E+00	
-1.136339E-01	7.498082E+00	
-9.346245E-02	8.241176E+00	
3.677114E-02	-1.767272E+01	
6.533243E-02	-1.742647E+01	
9.829709E-02	-1.714270E+01	
1.363632E-01	-1.683287E+01	
1.789356E-01	-1.650882E+01	
2.198685E-01	5.384505E+00	
1.781464E-01	6.050524E+00	
1.420538E-01	6.761029E+00	
1.136694E-01	7.498085E+00	
9.350170E-02	8.241176E+00	
1.071264E-01	-1.762041E+01	
1.909489E-01	-1.736640E+01	
2.887442E-01	-1.707202E+01	
4.032537E-01	-1.675098E+01	
5.329092E-01	-1.641849E+01	
6.560402E-01	5.294622E+00	
5.271373E-01	5.969782E+00	
4.170399E-01	6.695581E+00	
3.318148E-01	7.449924E+00	
2.721343E-01	8.209489E+00	
1.679171E-01	-1.752004E+01	
3.008677E-01	-1.725000E+01	
4.592897E-01	-1.693220E+01	
6.506972E-01	-1.658488E+01	
8.739467E-01	-1.623169E+01	
1.080378E+00	5.104542E+00	
8.518435E-01	5.802425E+00	
6.627947E-01	6.563793E+00	
5.217953E-01	7.355487E+00	
4.258994E-01	8.148349E+00	
2.128947E-01	-1.738042E+01	
3.834817E-01	-1.708608E+01	
5.914396E-01	-1.672974E+01	
8.570952E-01	-1.633028E+01	
1.187859E+00	-1.593227E+01	
1.479234E+00	4.787480E+00	
1.124826E+00	5.536543E+00	
8.528547E-01	6.368654E+00	
6.638076E-01	7.220579E+00	
5.391681E-01	8.062722E+00	
2.367854E-01	-1.721495E+01	
4.278587E-01	-1.688989E+01	
6.643020E-01	-1.648153E+01	
9.778921E-01	-1.599924E+01	
1.436815E+00	-1.547362E+01	
1.809020E+00	4.266435E+00	
1.285782E+00	5.179942E+00	
9.576425E-01	6.125145E+00	
7.398711E-01	7.057270E+00	
5.991803E-01	7.960701E+00	
2.365297E-01	-1.704061E+01	
4.272121E-01	-1.668247E+01	
6.629616E-01	-1.621676E+01	
9.751954E-01	-1.563819E+01	
1.430844E+00	-1.492010E+01	
1.996654E+00	-1.387707E+01	
2.493791E+00	-1.248615E+01	
2.854770E+00	-1.092666E+01	
3.117255E+00	-9.240456E+00	
3.289530E+00	-7.452836E+00	
3.370454E+00	-5.587439E+00	
3.352340E+00	-3.668541E+00	
3.219734E+00	-1.722612E+00	
2.942927E+00	2.182205E-01	
2.444478E+00	2.092439E+00	
1.802098E+00	3.617052E+00	
1.282661E+00	4.786650E+00	
9.560518E-01	5.863688E+00	
7.390247E-01	6.883928E+00	
5.986868E-01	7.853014E+00	
2.122248E-01	-1.687568E+01	
3.817947E-01	-1.648714E+01	
5.879748E-01	-1.597015E+01	
8.502037E-01	-1.531033E+01	
1.173998E+00	-1.446852E+01	
1.530198E+00	-1.340665E+01	
1.867321E+00	-1.212232E+01	
2.143846E+00	-1.065299E+01	
2.346889E+00	-9.048600E+00	
2.477296E+00	-7.342010E+00	
2.532588E+00	-5.562048E+00	
2.506506E+00	-3.738128E+00	
2.388546E+00	-1.903591E+00	
2.163588E+00	-1.025663E-01	
1.837517E+00	1.588706E+00	
1.463286E+00	3.104173E+00	
1.116859E+00	4.433665E+00	
8.487454E-01	5.621951E+00	
6.616004E-01	6.721494E+00	
5.378750E-01	7.751385E+00	
1.670882E-01	-1.673693E+01	
2.987966E-01	-1.632462E+01	
4.550865E-01	-1.577021E+01	
6.425687E-01	-1.506056E+01	
8.586037E-01	-1.417846E+01	
1.087822E+00	-1.311129E+01	
1.306570E+00	-1.186181E+01	
1.493218E+00	-1.045033E+01	
1.634609E+00	-8.906827E+00	
1.724809E+00	-7.263176E+00	
1.760235E+00	-5.550163E+00	
1.736582E+00	-3.799749E+00	
1.649052E+00	-2.047461E+00	
1.497124E+00	-3.355817E-01	
1.292589E+00	1.291115E+00	
1.062842E+00	2.797787E+00	
8.424716E-01	4.173254E+00	
6.578149E-01	5.429592E+00	
5.190861E-01	6.587979E+00	
4.242995E-01	7.666388E+00	
1.064549E-01	-1.663743E+01	
1.892834E-01	-1.620958E+01	
2.854069E-01	-1.563283E+01	
3.969478E-01	-1.489892E+01	
5.214243E-01	-1.399959E+01	
6.510993E-01	-1.293126E+01	
7.749176E-01	-1.169927E+01	
8.819999E-01	-1.031914E+01	
9.642833E-01	-8.814342E+00	
1.016821E+00	-7.212923E+00	
1.036498E+00	-5.545313E+00	
1.020920E+00	-3.843831E+00	
9.688416E-01	-2.142988E+00	
8.823173E-01	-4.785064E-01	
7.691339E-01	1.116321E+00	
6.429701E-01	2.616670E+00	
5.198846E-01	4.010914E+00	
4.130899E-01	5.300480E+00	
3.296363E-01	6.494908E+00	
2.708371E-01	7.605873E+00	
3.651103E-02	-1.658566E+01	
6.469357E-02	-1.615034E+01	
9.703154E-02	-1.556361E+01	
1.340052E-01	-1.481962E+01	
1.747142E-01	-1.391370E+01	
2.167900E-01	-1.284540E+01	
2.569298E-01	-1.162117E+01	
2.917947E-01	-1.025529E+01	
3.187248E-01	-8.768977E+00	
3.359235E-01	-7.188552E+00	
3.422272E-01	-5.543702E+00	
3.368855E-01	-3.866361E+00	
3.197221E-01	-2.189700E+00	
2.916936E-01	-5.463473E-01	
2.554175E-01	1.034703E+00	
2.150709E-01	2.531778E+00	
1.754355E-01	3.933085E+00	
1.405550E-01	5.236634E+00	
1.128312E-01	6.447577E+00	
9.299500E-02	7.574569E+00	
7.544296E-02	1.240944E+01	
1.008837E-01	1.149701E+01	
1.331992E-01	1.046207E+01	
1.721436E-01	9.296474E+00	
2.157773E-01	7.994845E+00	
2.604451E-01	6.558397E+00	
3.015919E-01	4.997571E+00	
3.350070E-01	3.332839E+00	
3.577947E-01	1.592405E+00	
3.684887E-01	-1.907326E-01	
3.666001E-01	-1.981644E+00	
3.521948E-01	-3.744999E+00	
3.258272E-01	-5.446180E+00	
2.889327E-01	-7.052695E+00	
2.442078E-01	-8.536689E+00	
1.954263E-01	-9.877648E+00	
1.465288E-01	-1.106397E+01	
1.004132E-01	-1.209220E+01	
5.815234E-02	-1.296376E+01	
1.899580E-02	-1.358719E+01	
2.197775E-01	1.245293E+01	
2.948589E-01	1.155405E+01	
3.915830E-01	1.053408E+01	
5.100734E-01	9.381901E+00	
6.447187E-01	8.087697E+00	
7.835636E-01	6.649057E+00	
9.113270E-01	5.075820E+00	
1.014303E+00	3.390981E+00	
1.083771E+00	1.626519E+00	
1.116049E+00	-1.818749E-01	
1.110336E+00	-1.998103E+00	
1.066834E+00	-3.786447E+00	
9.866532E-01	-5.511281E+00	
8.734627E-01	-7.137679E+00	
7.353925E-01	-8.634499E+00	
5.848672E-01	-9.979144E+00	
4.352506E-01	-1.116099E+01	
2.961661E-01	-1.218038E+01	
1.706303E-01	-1.304338E+01	
5.558820E-02	-1.366177E+01	
3.444593E-01	1.253674E+01	
4.646638E-01	1.166552E+01	
6.238652E-01	1.067853E+01	
8.263269E-01	9.558401E+00	
1.064336E+00	8.283851E+00	
1.314127E+00	6.841539E+00	
1.542882E+00	5.239858E+00	
1.723237E+00	3.510275E+00	
1.841565E+00	1.695021E+00	
1.895293E+00	-1.643708E-01	
1.885561E+00	-2.031052E+00	
1.812784E+00	-3.869777E+00	
1.676580E+00	-5.644336E+00	
1.479835E+00	-7.314560E+00	
1.235428E+00	-8.840095E+00	
9.684789E-01	-1.019102E+01	
7.082572E-01	-1.135895E+01	
4.744609E-01	-1.235530E+01	
2.705998E-01	-1.319785E+01	
8.778906E-02	-1.380515E+01	
4.368404E-01	1.265400E+01	
5.926800E-01	1.182430E+01	
8.053381E-01	1.089160E+01	
1.094803E+00	9.837250E+00	
1.461878E+00	8.610088E+00	
1.861159E+00	7.164374E+00	
2.220862E+00	5.505479E+00	
2.488301E+00	3.692447E+00	
2.653673E+00	1.796547E+00	
2.726698E+00	-1.391446E-01	
2.712578E+00	-2.080129E+00	
2.611982E+00	-3.994072E+00	
2.421075E+00	-5.847151E+00	
2.131613E+00	-7.597953E+00	
1.753379E+00	-9.179344E+00	
1.335476E+00	-1.053663E+01	
9.433745E-01	-1.166567E+01	
6.159955E-01	-1.260976E+01	
3.473821E-01	-1.341587E+01	
1.121920E-01	-1.400513E+01	
4.863766E-01	1.279376E+01	
6.623791E-01	1.201638E+01	
9.074679E-01	1.115727E+01	
1.256830E+00	1.021041E+01	
1.793801E+00	9.140973E+00	
2.458836E+00	7.697805E+00	
3.000901E+00	5.873816E+00	
3.339710E+00	3.930359E+00	
3.541351E+00	1.925648E+00	
3.628176E+00	-1.083949E-01	
3.609096E+00	-2.144079E+00	
3.484977E+00	-4.154838E+00	
3.248821E+00	-6.113449E+00	
2.880892E+00	-7.989046E+00	
2.320638E+00	-9.726739E+00	
1.644811E+00	-1.108296E+01	
1.086820E+00	-1.206943E+01	
6.967399E-01	-1.292346E+01	
3.898830E-01	-1.367764E+01	
1.255556E-01	-1.424288E+01	
4.867971E-01	1.294166E+01	
6.632086E-01	1.222090E+01	
9.090828E-01	1.144372E+01	
1.260030E+00	1.062427E+01	
1.800904E+00	9.804957E+00	
1.651590E+00	-1.175767E+01	
1.089853E+00	-1.251444E+01	
6.982285E-01	-1.326014E+01	
3.905599E-01	-1.395548E+01	
1.257467E-01	-1.449418E+01	
4.379543E-01	1.308192E+01	
5.948310E-01	1.241393E+01	
8.094976E-01	1.171123E+01	
1.102965E+00	1.100118E+01	
1.478270E+00	1.034423E+01	
1.351153E+00	-1.231205E+01	
9.511383E-01	-1.292181E+01	
6.198519E-01	-1.357569E+01	
3.491680E-01	-1.421829E+01	
1.127118E-01	-1.473264E+01	
3.458249E-01	1.319997E+01	
4.673005E-01	1.257423E+01	
6.289173E-01	1.192721E+01	
8.359501E-01	1.128569E+01	
1.082412E+00	1.068148E+01	
9.857808E-01	-1.266824E+01	
7.173960E-01	-1.323402E+01	
4.791216E-01	-1.383304E+01	
2.727817E-01	-1.443796E+01	
8.842820E-02	-1.493378E+01	
2.208898E-01	1.328457E+01	
2.969796E-01	1.268719E+01	
3.955868E-01	1.207447E+01	
5.175258E-01	1.146741E+01	
6.582104E-01	1.088691E+01	
5.977884E-01	-1.288906E+01	
4.423378E-01	-1.343703E+01	
2.998733E-01	-1.401076E+01	
1.723842E-01	-1.459407E+01	
5.610267E-02	-1.507831E+01	
7.588920E-02	1.332855E+01	
1.017101E-01	1.274513E+01	
1.347322E-01	1.214816E+01	
1.749427E-01	1.155587E+01	
2.207440E-01	1.098494E+01	
2.001754E-01	-1.299556E+01	
1.491801E-01	-1.353699E+01	
1.018212E-01	-1.410063E+01	
5.882409E-02	-1.467468E+01	
1.919309E-02	-1.515360E+01	
-7.582882E-02	1.332854E+01	
-1.016545E-01	1.274513E+01	
-1.346820E-01	1.214816E+01	
-1.748947E-01	1.155587E+01	
-2.206959E-01	1.098494E+01	
-2.001280E-01	-1.299555E+01	
-1.491366E-01	-1.353699E+01	
-1.017879E-01	-1.410064E+01	
-5.879895E-02	-1.467468E+01	
-1.918182E-02	-1.515362E+01	
-2.208348E-01	1.328456E+01	
-2.969307E-01	1.268719E+01	
-3.955435E-01	1.207446E+01	
-5.174859E-01	1.146741E+01	
-6.581715E-01	1.088691E+01	
-5.977420E-01	-1.288906E+01	
-4.422906E-01	-1.343705E+01	
-2.998390E-01	-1.401078E+01	
-1.723655E-01	-1.459408E+01	
-5.609742E-02	-1.507834E+01	
-3.457799E-01	1.319996E+01	
-4.672590E-01	1.257422E+01	
-6.288740E-01	1.192720E+01	
-8.359060E-01	1.128569E+01	
-1.082368E+00	1.068148E+01	
-9.857370E-01	-1.266823E+01	
-7.173626E-01	-1.323405E+01	
-4.791032E-01	-1.383307E+01	
-2.727663E-01	-1.443798E+01	
-8.842085E-02	-1.493382E+01	
-4.379121E-01	1.308190E+01	
-5.947890E-01	1.241392E+01	
-8.094597E-01	1.171122E+01	
-1.102927E+00	1.100118E+01	
-1.478231E+00	1.034423E+01	
-1.351133E+00	-1.231204E+01	
-9.511180E-01	-1.292185E+01	
-6.198320E-01	-1.357573E+01	
-3.491669E-01	-1.421832E+01	
-1.127150E-01	-1.473268E+01	
-4.867758E-01	1.294165E+01	
-6.631849E-01	1.222089E+01	
-9.090563E-01	1.144371E+01	
-1.260003E+00	1.062428E+01	
-1.800875E+00	9.804956E+00	
-1.651569E+00	-1.175768E+01	
-1.089847E+00	-1.251448E+01	
-6.982306E-01	-1.326020E+01	
-3.905623E-01	-1.395552E+01	
-1.257472E-01	-1.449422E+01	
-4.863525E-01	1.279375E+01	
-6.623541E-01	1.201637E+01	
-9.074433E-01	1.115726E+01	
-1.256813E+00	1.021041E+01	
-1.793786E+00	9.140979E+00	
-2.458818E+00	7.697820E+00	
-3.000876E+00	5.873828E+00	
-3.339684E+00	3.930376E+00	
-3.541331E+00	1.925627E+00	
-3.628155E+00	-1.084083E-01	
-3.609070E+00	-2.144099E+00	
-3.484953E+00	-4.154837E+00	
-3.248797E+00	-6.113450E+00	
-2.880874E+00	-7.989043E+00	
-2.320629E+00	-9.726751E+00	
-1.644806E+00	-1.108298E+01	
-1.086827E+00	-1.206947E+01	
-6.967514E-01	-1.292351E+01	
-3.898874E-01	-1.367767E+01	
-1.255558E-01	-1.424292E+01	
-4.368381E-01	1.265399E+01	
-5.926711E-01	1.182430E+01	
-8.053221E-01	1.089159E+01	
-1.094781E+00	9.837244E+00	
-1.461851E+00	8.610101E+00	
-1.861128E+00	7.164389E+00	
-2.220830E+00	5.505498E+00	
-2.488270E+00	3.692458E+00	
-2.653637E+00	1.796530E+00	
-2.726662E+00	-1.391603E-01	
-2.712544E+00	-2.080144E+00	
-2.611941E+00	-3.994072E+00	
-2.421039E+00	-5.847158E+00	
-2.131582E+00	-7.597956E+00	
-1.753357E+00	-9.179368E+00	
-1.335479E+00	-1.053666E+01	
-9.433831E-01	-1.166572E+01	
-6.160015E-01	-1.260981E+01	
-3.473939E-01	-1.341590E+01	
-1.121996E-01	-1.400516E+01	
-3.444431E-01	1.253674E+01	
-4.646509E-01	1.166551E+01	
-6.238547E-01	1.067852E+01	
-8.263108E-01	9.558399E+00	
-1.064318E+00	8.283869E+00	
-1.314110E+00	6.841553E+00	
-1.542865E+00	5.239877E+00	
-1.723223E+00	3.510281E+00	
-1.841554E+00	1.695010E+00	
-1.895280E+00	-1.643915E-01	
-1.885546E+00	-2.031060E+00	
-1.812776E+00	-3.869782E+00	
-1.676575E+00	-5.644344E+00	
-1.479831E+00	-7.314568E+00	
-1.235434E+00	-8.840133E+00	
-9.684860E-01	-1.019107E+01	
-7.082710E-01	-1.135900E+01	
-4.744785E-01	-1.235535E+01	
-2.706131E-01	-1.319789E+01	
-8.779544E-02	-1.380517E+01	
-2.197822E-01	1.245293E+01	
-2.948585E-01	1.155404E+01	
-3.915742E-01	1.053408E+01	
-5.100620E-01	9.381899E+00	
-6.447021E-01	8.087721E+00	
-7.835457E-01	6.649066E+00	
-9.113067E-01	5.075848E+00	
-1.014278E+00	3.390981E+00	
-1.083747E+00	1.626509E+00	
-1.116025E+00	-1.818938E-01	
-1.110312E+00	-1.998113E+00	
-1.066813E+00	-3.786461E+00	
-9.866359E-01	-5.511286E+00	
-8.734514E-01	-7.137698E+00	
-7.353847E-01	-8.634540E+00	
-5.848665E-01	-9.979197E+00	
-4.352586E-01	-1.116105E+01	
-2.961737E-01	-1.218043E+01	
-1.706374E-01	-1.304341E+01	
-5.559262E-02	-1.366178E+01	
-7.543979E-02	1.240944E+01	
-1.008802E-01	1.149701E+01	
-1.331993E-01	1.046207E+01	
-1.721434E-01	9.296476E+00	
-2.157813E-01	7.994866E+00	
-2.604513E-01	6.558407E+00	
-3.015902E-01	4.997607E+00	
-3.350094E-01	3.332833E+00	
-3.577970E-01	1.592401E+00	
-3.684835E-01	-1.907493E-01	
-3.666035E-01	-1.981665E+00	
-3.522029E-01	-3.745009E+00	
-3.258294E-01	-5.446187E+00	
-2.889323E-01	-7.052715E+00	
-2.442110E-01	-8.536735E+00	
-1.954297E-01	-9.877703E+00	
-1.465270E-01	-1.106403E+01	
-1.004157E-01	-1.209225E+01	
-5.815658E-02	-1.296380E+01	
-1.899653E-02	-1.358719E+01	
5.604629E-02	1.320731E+01	
4.140892E-02	1.389700E+01	
3.014783E-02	1.448270E+01	
2.082043E-02	1.496643E+01	
1.191776E-02	1.534783E+01	
2.018968E-03	1.562407E+01	
-9.897992E-03	1.579044E+01	
-2.413548E-02	1.584134E+01	
-4.014205E-02	1.577216E+01	
-5.663903E-02	1.558080E+01	
-7.191220E-02	1.526898E+01	
-8.413855E-02	1.484277E+01	
-9.178862E-02	1.431234E+01	
-9.410890E-02	1.369097E+01	
-9.154727E-02	1.299281E+01	
-8.583257E-02	1.223019E+01	
-7.951970E-02	1.141137E+01	
-7.524709E-02	1.053942E+01	
-7.514425E-02	9.612842E+00	
-8.070249E-02	8.626854E+00	
1.630726E-01	1.323992E+01	
1.206173E-01	1.392148E+01	
8.831220E-02	1.450179E+01	
6.191624E-02	1.498307E+01	
3.680235E-02	1.536520E+01	
8.322566E-03	1.564507E+01	
-2.701015E-02	1.581668E+01	
-7.024941E-02	1.587257E+01	
-1.195617E-01	1.580626E+01	
-1.707836E-01	1.561443E+01	
-2.184547E-01	1.529829E+01	
-2.567667E-01	1.486399E+01	
-2.806160E-01	1.432262E+01	
-2.871706E-01	1.368957E+01	
-2.775951E-01	1.298207E+01	
-2.576056E-01	1.221522E+01	
-2.358335E-01	1.139826E+01	
-2.208929E-01	1.053332E+01	
-2.192199E-01	9.617164E+00	
-2.349029E-01	8.643773E+00	
2.550716E-01	1.330221E+01	
1.890032E-01	1.396772E+01	
1.398651E-01	1.453699E+01	
1.012447E-01	1.501289E+01	
6.518799E-02	1.539656E+01	
2.236223E-02	1.568502E+01	
-3.495217E-02	1.586938E+01	
-1.090838E-01	1.593725E+01	
-1.960130E-01	1.587782E+01	
-2.874047E-01	1.568548E+01	
-3.732263E-01	1.536074E+01	
-4.430440E-01	1.490967E+01	
-4.865943E-01	1.434433E+01	
-4.965691E-01	1.368438E+01	
-4.736748E-01	1.295479E+01	
-4.295429E-01	1.217839E+01	
-3.829353E-01	1.136672E+01	
-3.510897E-01	1.051807E+01	
-3.444000E-01	9.624046E+00	
-3.676561E-01	8.675831E+00	
3.228067E-01	1.338836E+01	
2.396367E-01	1.403080E+01	
1.794217E-01	1.458326E+01	
1.363795E-01	1.504828E+01	
1.003471E-01	1.543326E+01	
5.300812E-02	1.573848E+01	
-2.320752E-02	1.594945E+01	
-1.331891E-01	1.604129E+01	
-2.666680E-01	1.599418E+01	
-4.078638E-01	1.580171E+01	
-5.418151E-01	1.546428E+01	
-6.533647E-01	1.498749E+01	
-7.260184E-01	1.438271E+01	
-7.409634E-01	1.367092E+01	
-6.914959E-01	1.289589E+01	
-6.004260E-01	1.210208E+01	
-5.094884E-01	1.130547E+01	
-4.520980E-01	1.049008E+01	
-4.378790E-01	9.631130E+00	
-4.656130E-01	8.719737E+00	
3.589020E-01	1.349011E+01	
2.667219E-01	1.410441E+01	
2.012648E-01	1.463533E+01	
1.582330E-01	1.508228E+01	
1.431681E-01	1.545035E+01	
1.214754E-01	1.579042E+01	
2.874559E-02	1.606645E+01	
-1.336467E-01	1.619666E+01	
-3.284210E-01	1.616707E+01	
-5.332110E-01	1.597481E+01	
-7.292714E-01	1.562120E+01	
-8.979825E-01	1.511084E+01	
-1.017887E+00	1.445192E+01	
-1.059410E+00	1.365818E+01	
-9.634544E-01	1.276321E+01	
-7.561777E-01	1.193642E+01	
-5.864844E-01	1.121051E+01	
-5.085248E-01	1.044970E+01	
-4.882938E-01	9.637065E+00	
-5.179061E-01	8.771149E+00	
3.591124E-01	1.359737E+01	
2.668196E-01	1.418162E+01	
2.012890E-01	1.468911E+01	
1.581974E-01	1.511463E+01	
1.431021E-01	1.544816E+01	
-7.585457E-01	1.170627E+01	
-5.875396E-01	1.109995E+01	
-5.090928E-01	1.040384E+01	
-4.886663E-01	9.642261E+00	
-5.182578E-01	8.825156E+00	
3.233739E-01	1.369938E+01	
2.398981E-01	1.425538E+01	
1.794846E-01	1.474129E+01	
1.362766E-01	1.514875E+01	
1.000534E-01	1.546537E+01	
-6.057640E-01	1.153782E+01	
-5.121758E-01	1.100381E+01	
-4.535680E-01	1.036294E+01	
-4.388522E-01	9.648026E+00	
-4.665341E-01	8.876664E+00	
2.557697E-01	1.378596E+01	
1.893321E-01	1.431871E+01	
1.399512E-01	1.478776E+01	
1.011077E-01	1.518434E+01	
6.474417E-02	1.550237E+01	
-4.352984E-01	1.145801E+01	
-3.860727E-01	1.094080E+01	
-3.528672E-01	1.033413E+01	
-3.455934E-01	9.654847E+00	
-3.687926E-01	8.920725E+00	
1.636482E-01	1.384866E+01	
1.208971E-01	1.436520E+01	
8.839230E-02	1.482315E+01	
6.180555E-02	1.521437E+01	
3.641851E-02	1.553408E+01	
-2.618322E-01	1.141832E+01	
-2.382396E-01	1.090768E+01	
-2.222935E-01	1.031810E+01	
-2.201706E-01	9.661473E+00	
-2.358139E-01	8.952941E+00	
5.629019E-02	1.388153E+01	
4.154022E-02	1.438983E+01	
3.020251E-02	1.484236E+01	
2.079671E-02	1.523116E+01	
1.178496E-02	1.555169E+01	
-8.735173E-02	1.140180E+01	
-8.039708E-02	1.089366E+01	
-7.575974E-02	1.031154E+01	
-7.549024E-02	9.665643E+00	
-8.103644E-02	8.969960E+00	
-5.622376E-02	1.388152E+01	
-4.147227E-02	1.438984E+01	
-3.013746E-02	1.484236E+01	
-2.073531E-02	1.523116E+01	
-1.172578E-02	1.555169E+01	
8.741074E-02	1.140180E+01	
8.044881E-02	1.089366E+01	
7.580772E-02	1.031154E+01	
7.553585E-02	9.665645E+00	
8.107863E-02	8.969962E+00	
-1.635886E-01	1.384865E+01	
-1.208320E-01	1.436520E+01	
-8.832672E-02	1.482315E+01	
-6.174507E-02	1.521438E+01	
-3.636516E-02	1.553408E+01	
2.618879E-01	1.141834E+01	
2.382886E-01	1.090768E+01	
2.223400E-01	1.031810E+01	
2.202148E-01	9.661477E+00	
2.358548E-01	8.952947E+00	
-2.557185E-01	1.378595E+01	
-1.892780E-01	1.431871E+01	
-1.398979E-01	1.478776E+01	
-1.010587E-01	1.518435E+01	
-6.469775E-02	1.550237E+01	
4.353473E-01	1.145804E+01	
3.861174E-01	1.094081E+01	
3.529103E-01	1.033413E+01	
3.456332E-01	9.654855E+00	
3.688274E-01	8.920735E+00	
-3.233318E-01	1.369936E+01	
-2.398590E-01	1.425538E+01	
-1.794493E-01	1.474130E+01	
-1.362402E-01	1.514876E+01	
-1.000151E-01	1.546537E+01	
6.058044E-01	1.153785E+01	
5.122143E-01	1.100382E+01	
4.536037E-01	1.036294E+01	
4.388827E-01	9.648040E+00	
4.665577E-01	8.876680E+00	
-3.590939E-01	1.359736E+01	
-2.668007E-01	1.418162E+01	
-2.012672E-01	1.468912E+01	
-1.581702E-01	1.511464E+01	
-1.430698E-01	1.544817E+01	
7.585775E-01	1.170630E+01	
5.875683E-01	1.109997E+01	
5.091163E-01	1.040386E+01	
4.886823E-01	9.642282E+00	
5.182680E-01	8.825179E+00	
-3.588815E-01	1.349010E+01	
-2.667040E-01	1.410440E+01	
-2.012434E-01	1.463534E+01	
-1.582076E-01	1.508229E+01	
-1.431392E-01	1.545035E+01	
-1.214464E-01	1.579042E+01	
-2.871583E-02	1.606644E+01	
1.336799E-01	1.619665E+01	
3.284560E-01	1.616705E+01	
5.332453E-01	1.597479E+01	
7.293041E-01	1.562118E+01	
8.980124E-01	1.511083E+01	
1.017910E+00	1.445193E+01	
1.059430E+00	1.365820E+01	
9.634764E-01	1.276324E+01	
7.561999E-01	1.193645E+01	
5.865018E-01	1.121053E+01	
5.085341E-01	1.044972E+01	
4.882971E-01	9.637091E+00	
5.179070E-01	8.771173E+00	
-3.228050E-01	1.338836E+01	
-2.396332E-01	1.403080E+01	
-1.794156E-01	1.458326E+01	
-1.363656E-01	1.504828E+01	
-1.003248E-01	1.543326E+01	
-5.297966E-02	1.573848E+01	
2.324026E-02	1.594943E+01	
1.332250E-01	1.604128E+01	
2.667095E-01	1.599416E+01	
4.079096E-01	1.580169E+01	
5.418566E-01	1.546428E+01	
6.533928E-01	1.498750E+01	
7.260341E-01	1.438273E+01	
7.409722E-01	1.367094E+01	
6.915044E-01	1.289592E+01	
6.004361E-01	1.210212E+01	
5.094950E-01	1.130550E+01	
4.520996E-01	1.049011E+01	
4.378779E-01	9.631160E+00	
4.656125E-01	8.719760E+00	
-2.550646E-01	1.330220E+01	
-1.889957E-01	1.396772E+01	
-1.398500E-01	1.453699E+01	
-1.012259E-01	1.501288E+01	
-6.516418E-02	1.539655E+01	
-2.233576E-02	1.568501E+01	
3.497796E-02	1.586937E+01	
1.091104E-01	1.593723E+01	
1.960408E-01	1.587780E+01	
2.874340E-01	1.568546E+01	
3.732549E-01	1.536074E+01	
4.430681E-01	1.490968E+01	
4.866084E-01	1.434436E+01	
4.965743E-01	1.368441E+01	
4.736776E-01	1.295482E+01	
4.295444E-01	1.217842E+01	
3.829353E-01	1.136675E+01	
3.510876E-01	1.051810E+01	
3.443985E-01	9.624074E+00	
3.676573E-01	8.675852E+00	
-1.630787E-01	1.323993E+01	
-1.206265E-01	1.392147E+01	
-8.831814E-02	1.450178E+01	
-6.191452E-02	1.498306E+01	
-3.678983E-02	1.536519E+01	
-8.302148E-03	1.564506E+01	
2.703254E-02	1.581667E+01	
7.027306E-02	1.587255E+01	
1.195859E-01	1.580623E+01	
1.708076E-01	1.561441E+01	
2.184748E-01	1.529830E+01	
2.567821E-01	1.486400E+01	
2.806279E-01	1.432265E+01	
2.871760E-01	1.368960E+01	
2.775977E-01	1.298210E+01	
2.576092E-01	1.221526E+01	
2.358345E-01	1.139829E+01	
2.208904E-01	1.053335E+01	
2.192170E-01	9.617190E+00	
2.349034E-01	8.643792E+00	
-5.604321E-02	1.320732E+01	
-4.140391E-02	1.389699E+01	
-3.014202E-02	1.448269E+01	
-2.081382E-02	1.496641E+01	
-1.190915E-02	1.534780E+01	
-2.010676E-03	1.562406E+01	
9.903817E-03	1.579042E+01	
2.413741E-02	1.584133E+01	
4.014181E-02	1.577214E+01	
5.664172E-02	1.558078E+01	
7.191885E-02	1.526898E+01	
8.414680E-02	1.484278E+01	
9.179450E-02	1.431238E+01	
9.411279E-02	1.369101E+01	
9.155050E-02	1.299284E+01	
8.583406E-02	1.223023E+01	
7.952115E-02	1.141141E+01	
7.524633E-02	1.053945E+01	
7.514213E-02	9.612865E+00	
8.070250E-02	8.626869E+00	
-1.112951E-02	1.687425E+01	
1.313864E-02	1.701841E+01	
3.784619E-02	1.701790E+01	
6.408345E-02	1.687054E+01	
9.219276E-02	1.657349E+01	
1.216377E-01	1.612492E+01	
1.511258E-01	1.552578E+01	
1.789357E-01	1.478101E+01	
2.032532E-01	1.389999E+01	
2.223414E-01	1.289646E+01	
2.345650E-01	1.178823E+01	
2.384639E-01	1.059678E+01	
2.330750E-01	9.346688E+00	
2.185155E-01	8.063954E+00	
1.965201E-01	6.773023E+00	
1.704316E-01	5.493148E+00	
1.444091E-01	4.235665E+00	
1.222351E-01	3.003478E+00	
1.064731E-01	1.792813E+00	
9.838304E-02	5.960307E-01	
-3.225613E-02	1.692208E+01	
3.875105E-02	1.706586E+01	
1.115305E-01	1.706794E+01	
1.896881E-01	1.692490E+01	
2.744415E-01	1.663200E+01	
3.640398E-01	1.618546E+01	
4.541926E-01	1.558489E+01	
5.393361E-01	1.483485E+01	
6.138705E-01	1.394499E+01	
6.726427E-01	1.292932E+01	
7.107926E-01	1.180574E+01	
7.236696E-01	1.059604E+01	
7.076816E-01	9.326053E+00	
6.623906E-01	8.024739E+00	
5.928643E-01	6.720717E+00	
5.100855E-01	5.436587E+00	
4.280420E-01	4.184160E+00	
3.590967E-01	2.963864E+00	
3.108806E-01	1.768449E+00	
2.864560E-01	5.878802E-01	
-5.012411E-02	1.701378E+01	
6.196948E-02	1.715726E+01	
1.783811E-01	1.716573E+01	
3.064913E-01	1.703337E+01	
4.493132E-01	1.675110E+01	
6.034255E-01	1.631007E+01	
7.598034E-01	1.570680E+01	
9.075168E-01	1.494579E+01	
1.036841E+00	1.403791E+01	
1.139696E+00	1.299803E+01	
1.208371E+00	1.184386E+01	
1.234520E+00	1.059695E+01	
1.209615E+00	9.284250E+00	
1.129219E+00	7.940855E+00	
1.000409E+00	6.606265E+00	
8.452891E-01	5.313141E+00	
6.940777E-01	4.074352E+00	
5.714534E-01	2.882103E+00	
4.890874E-01	1.719628E+00	
4.485688E-01	5.717579E-01	
-6.300606E-02	1.714126E+01	
8.023840E-02	1.728511E+01	
2.311980E-01	1.730524E+01	
4.041638E-01	1.719494E+01	
6.080135E-01	1.693621E+01	
8.366067E-01	1.650766E+01	
1.070739E+00	1.589972E+01	
1.289671E+00	1.511952E+01	
1.480287E+00	1.418412E+01	
1.634127E+00	1.310851E+01	
1.741316E+00	1.190924E+01	
1.789727E+00	1.060613E+01	
1.764072E+00	9.224508E+00	
1.645128E+00	7.801257E+00	
1.432430E+00	6.404355E+00	
1.168889E+00	5.096390E+00	
9.211684E-01	3.892170E+00	
7.368043E-01	2.757296E+00	
6.227519E-01	1.648017E+00	
5.683807E-01	5.484799E-01	
-6.972385E-02	1.729241E+01	
9.059199E-02	1.743752E+01	
2.612783E-01	1.747448E+01	
4.625636E-01	1.739995E+01	
7.292195E-01	1.720170E+01	
1.062007E+00	1.680355E+01	
1.396127E+00	1.617209E+01	
1.692585E+00	1.536255E+01	
1.951591E+00	1.439072E+01	
2.165166E+00	1.326933E+01	
2.322054E+00	1.201250E+01	
2.407359E+00	1.063658E+01	
2.400170E+00	9.161208E+00	
2.266910E+00	7.612354E+00	
1.930247E+00	6.043897E+00	
1.449007E+00	4.712067E+00	
1.058687E+00	3.638451E+00	
8.295392E-01	2.597503E+00	
6.951563E-01	1.559374E+00	
6.324408E-01	5.200357E-01	
-6.970248E-02	1.745203E+01	
9.090327E-02	1.759883E+01	
2.620234E-01	1.765498E+01	
4.641084E-01	1.762282E+01	
7.326336E-01	1.751401E+01	
1.454271E+00	4.213907E+00	
1.061053E+00	3.353074E+00	
8.307611E-01	2.423441E+00	
6.958428E-01	1.464135E+00	
6.329135E-01	4.896298E-01	
-6.295465E-02	1.760364E+01	
8.104383E-02	1.775182E+01	
2.331205E-01	1.782519E+01	
4.081137E-01	1.782969E+01	
6.160132E-01	1.778357E+01	
1.180948E+00	3.823382E+00	
9.272028E-01	3.096636E+00	
7.399592E-01	2.262343E+00	
6.245420E-01	1.374898E+00	
5.696191E-01	4.610150E-01	
-5.006873E-02	1.773187E+01	
6.294688E-02	1.788060E+01	
1.807041E-01	1.796623E+01	
3.111579E-01	1.799409E+01	
4.582332E-01	1.797414E+01	
8.584860E-01	3.598593E+00	
7.011597E-01	2.910353E+00	
5.752714E-01	2.135494E+00	
4.912838E-01	1.302342E+00	
4.501006E-01	4.374648E-01	
-3.222125E-02	1.782431E+01	
3.952454E-02	1.797293E+01	
1.133635E-01	1.806551E+01	
1.933062E-01	1.810521E+01	
2.811433E-01	1.809793E+01	
5.198884E-01	3.468447E+00	
4.335106E-01	2.796795E+00	
3.621183E-01	2.051771E+00	
3.126419E-01	1.252601E+00	
2.876934E-01	4.210742E-01	
-1.113674E-02	1.787260E+01	
1.341398E-02	1.802094E+01	
3.851997E-02	1.811644E+01	
6.541706E-02	1.816112E+01	
9.464322E-02	1.815909E+01	
1.740137E-01	3.408170E+00	
1.464390E-01	2.743120E+00	
1.233697E-01	2.010985E+00	
1.071400E-01	1.227681E+00	
9.885591E-02	4.127615E-01	
1.107086E-02	1.787260E+01	
-1.347334E-02	1.802094E+01	
-3.857747E-02	1.811644E+01	
-6.547369E-02	1.816112E+01	
-9.469423E-02	1.815909E+01	
-1.740198E-01	3.408166E+00	
-1.464484E-01	2.743120E+00	
-1.233763E-01	2.010987E+00	
-1.071430E-01	1.227682E+00	
-9.885786E-02	4.127614E-01	
3.215325E-02	1.782432E+01	
-3.958732E-02	1.797293E+01	
-1.134245E-01	1.806551E+01	
-1.933658E-01	1.810522E+01	
-2.811978E-01	1.809794E+01	
-5.198862E-01	3.468439E+00	
-4.335095E-01	2.796796E+00	
-3.621175E-01	2.051775E+00	
-3.126427E-01	1.252602E+00	
-2.876971E-01	4.210724E-01	
5.000095E-02	1.773189E+01	
-6.301159E-02	1.788061E+01	
-1.807670E-01	1.796623E+01	
-3.112193E-01	1.799410E+01	
-4.582914E-01	1.797416E+01	
-8.584765E-01	3.598585E+00	
-7.011494E-01	2.910353E+00	
-5.752637E-01	2.135496E+00	
-4.912818E-01	1.302338E+00	
-4.501041E-01	4.374593E-01	
6.289022E-02	1.760366E+01	
-8.110619E-02	1.775183E+01	
-2.331802E-01	1.782519E+01	
-4.081725E-01	1.782970E+01	
-6.160728E-01	1.778359E+01	
-1.180939E+00	3.823377E+00	
-9.271919E-01	3.096636E+00	
-7.399495E-01	2.262341E+00	
-6.245355E-01	1.374889E+00	
-5.696161E-01	4.610059E-01	
6.964080E-02	1.745205E+01	
-9.096345E-02	1.759884E+01	
-2.620796E-01	1.765498E+01	
-4.641624E-01	1.762283E+01	
-7.326888E-01	1.751403E+01	
-1.454267E+00	4.213905E+00	
-1.061046E+00	3.353075E+00	
-8.307501E-01	2.423440E+00	
-6.958288E-01	1.464125E+00	
-6.328988E-01	4.896187E-01	
6.966293E-02	1.729243E+01	
-9.065281E-02	1.743754E+01	
-2.613346E-01	1.747449E+01	
-4.626145E-01	1.739996E+01	
-7.292667E-01	1.720172E+01	
-1.062056E+00	1.680358E+01	
-1.396178E+00	1.617211E+01	
-1.692631E+00	1.536257E+01	
-1.951633E+00	1.439076E+01	
-2.165206E+00	1.326937E+01	
-2.322089E+00	1.201254E+01	
-2.407384E+00	1.063661E+01	
-2.400185E+00	9.161240E+00	
-2.266919E+00	7.612382E+00	
-1.930250E+00	6.043909E+00	
-1.449004E+00	4.712070E+00	
-1.058678E+00	3.638457E+00	
-8.295241E-01	2.597508E+00	
-6.951354E-01	1.559368E+00	
-6.324182E-01	5.200235E-01	
6.294992E-02	1.714128E+01	
-8.029464E-02	1.728513E+01	
-2.312512E-01	1.730526E+01	
-4.042086E-01	1.719495E+01	
-6.080525E-01	1.693623E+01	
-8.366461E-01	1.650769E+01	
-1.070780E+00	1.589975E+01	
-1.289711E+00	1.511955E+01	
-1.480325E+00	1.418416E+01	
-1.634165E+00	1.310856E+01	
-1.741351E+00	1.190928E+01	
-1.789756E+00	1.060617E+01	
-1.764091E+00	9.224550E+00	
-1.645138E+00	7.801293E+00	
-1.432431E+00	6.404374E+00	
-1.168882E+00	5.096400E+00	
-9.211541E-01	3.892183E+00	
-7.367848E-01	2.757306E+00	
-6.227302E-01	1.648012E+00	
-5.683605E-01	5.484657E-01	
5.008148E-02	1.701380E+01	
-6.201045E-02	1.715728E+01	
-1.784194E-01	1.716575E+01	
-3.065248E-01	1.703340E+01	
-4.493417E-01	1.675112E+01	
-6.034528E-01	1.631009E+01	
-7.598324E-01	1.570683E+01	
-9.075468E-01	1.494583E+01	
-1.036871E+00	1.403795E+01	
-1.139726E+00	1.299807E+01	
-1.208401E+00	1.184391E+01	
-1.234547E+00	1.059699E+01	
-1.209635E+00	9.284300E+00	
-1.129231E+00	7.940900E+00	
-1.000411E+00	6.606293E+00	
-8.452807E-01	5.313160E+00	
-6.940606E-01	4.074371E+00	
-5.714330E-01	2.882115E+00	
-4.890698E-01	1.719622E+00	
-4.485573E-01	5.717384E-01	
3.223128E-02	1.692210E+01	
-3.877326E-02	1.706588E+01	
-1.115502E-01	1.706796E+01	
-1.897058E-01	1.692492E+01	
-2.744577E-01	1.663203E+01	
-3.640548E-01	1.618548E+01	
-4.542083E-01	1.558491E+01	
-5.393548E-01	1.483488E+01	
-6.138913E-01	1.394503E+01	
-6.726624E-01	1.292937E+01	
-7.108104E-01	1.180579E+01	
-7.236875E-01	1.059609E+01	
-7.076982E-01	9.326109E+00	
-6.624013E-01	8.024792E+00	
-5.928677E-01	6.720754E+00	
-5.100827E-01	5.436615E+00	
-4.280325E-01	4.184187E+00	
-3.590819E-01	2.963877E+00	
-3.108679E-01	1.768437E+00	
-2.864498E-01	5.878543E-01	
1.112118E-02	1.687427E+01	
-1.314594E-02	1.701843E+01	
-3.785130E-02	1.701792E+01	
-6.408809E-02	1.687057E+01	
-9.219744E-02	1.657352E+01	
-1.216424E-01	1.612495E+01	
-1.511313E-01	1.552580E+01	
-1.789433E-01	1.478103E+01	
-2.032617E-01	1.390003E+01	
-2.223489E-01	1.289651E+01	
-2.345719E-01	1.178827E+01	
-2.384715E-01	1.059683E+01	
-2.330820E-01	9.346747E+00	
-2.185196E-01	8.064013E+00	
-1.965213E-01	6.773064E+00	
-1.704306E-01	5.493180E+00	
-1.444049E-01	4.235697E+00	
-1.222286E-01	3.003493E+00	
-1.064677E-01	1.792795E+00	
-9.838231E-02	5.959991E-01	
-3.651691E-02	1.658565E+01	
-6.470097E-02	1.615032E+01	
-9.703931E-02	1.556360E+01	
-1.340130E-01	1.481960E+01	
-1.747219E-01	1.391367E+01	
-2.167998E-01	1.284538E+01	
-2.569406E-01	1.162116E+01	
-2.918029E-01	1.025530E+01	
-3.187295E-01	8.769004E+00	
-3.359272E-01	7.188590E+00	
-3.422314E-01	5.543741E+00	
-3.368901E-01	3.866399E+00	
-3.197272E-01	2.189739E+00	
-2.916982E-01	5.463828E-01	
-2.554208E-01	-1.034671E+00	
-2.150747E-01	-2.531752E+00	
-1.754400E-01	-3.933065E+00	
-1.405588E-01	-5.236619E+00	
-1.128344E-01	-6.447568E+00	
-9.299958E-02	-7.574556E+00	
-1.064717E-01	1.663742E+01	
-1.893026E-01	1.620956E+01	
-2.854257E-01	1.563282E+01	
-3.969652E-01	1.489890E+01	
-5.214433E-01	1.399957E+01	
-6.511226E-01	1.293124E+01	
-7.749439E-01	1.169926E+01	
-8.820237E-01	1.031914E+01	
-9.642992E-01	8.814364E+00	
-1.016831E+00	7.212960E+00	
-1.036508E+00	5.545353E+00	
-1.020932E+00	3.843869E+00	
-9.688528E-01	2.143026E+00	
-8.823291E-01	4.785424E-01	
-7.691462E-01	-1.116291E+00	
-6.429806E-01	-2.616644E+00	
-5.198954E-01	-4.010893E+00	
-4.131018E-01	-5.300466E+00	
-3.296488E-01	-6.494899E+00	
-2.708502E-01	-7.605859E+00	
-1.671135E-01	1.673693E+01	
-2.988254E-01	1.632460E+01	
-4.551148E-01	1.577019E+01	
-6.425951E-01	1.506054E+01	
-8.586312E-01	1.417843E+01	
-1.087854E+00	1.311127E+01	
-1.306607E+00	1.186181E+01	
-1.493254E+00	1.045033E+01	
-1.634639E+00	8.906839E+00	
-1.724830E+00	7.263208E+00	
-1.760252E+00	5.550204E+00	
-1.736599E+00	3.799788E+00	
-1.649069E+00	2.047499E+00	
-1.497141E+00	3.356192E-01	
-1.292608E+00	-1.291084E+00	
-1.062863E+00	-2.797762E+00	
-8.424912E-01	-4.173232E+00	
-6.578340E-01	-5.429577E+00	
-5.191072E-01	-6.587967E+00	
-4.243211E-01	-7.666375E+00	
-2.122521E-01	1.687568E+01	
-3.818233E-01	1.648713E+01	
-5.880048E-01	1.597013E+01	
-8.502354E-01	1.531031E+01	
-1.174031E+00	1.446850E+01	
-1.530232E+00	1.340664E+01	
-1.867356E+00	1.212232E+01	
-2.143882E+00	1.065299E+01	
-2.346925E+00	9.048607E+00	
-2.477328E+00	7.342035E+00	
-2.532614E+00	5.562086E+00	
-2.506529E+00	3.738168E+00	
-2.388569E+00	1.903629E+00	
-2.163612E+00	1.026042E-01	
-1.837542E+00	-1.588672E+00	
-1.463315E+00	-3.104146E+00	
-1.116888E+00	-4.433647E+00	
-8.487711E-01	-5.621936E+00	
-6.616255E-01	-6.721481E+00	
-5.379005E-01	-7.751372E+00	
-2.365582E-01	1.704061E+01	
-4.272398E-01	1.668246E+01	
-6.629929E-01	1.621674E+01	
-9.752317E-01	1.563817E+01	
-1.430883E+00	1.492008E+01	
-1.996690E+00	1.387706E+01	
-2.493823E+00	1.248615E+01	
-2.854805E+00	1.092666E+01	
-3.117293E+00	9.240463E+00	
-3.289566E+00	7.452855E+00	
-3.370488E+00	5.587473E+00	
-3.352373E+00	3.668581E+00	
-3.219766E+00	1.722648E+00	
-2.942955E+00	-2.181841E-01	
-2.444507E+00	-2.092401E+00	
-1.802128E+00	-3.617022E+00	
-1.282692E+00	-4.786634E+00	
-9.560811E-01	-5.863677E+00	
-7.390505E-01	-6.883916E+00	
-5.987134E-01	-7.852999E+00	
-2.368156E-01	1.721494E+01	
-4.278897E-01	1.688988E+01	
-6.643360E-01	1.648152E+01	
-9.779302E-01	1.599923E+01	
-1.436856E+00	1.547360E+01	
-1.809049E+00	-4.266404E+00	
-1.285811E+00	-5.179926E+00	
-9.576706E-01	-6.125136E+00	
-7.398978E-01	-7.057260E+00	
-5.992048E-01	-7.960685E+00	
-2.129267E-01	1.738041E+01	
-3.835159E-01	1.708607E+01	
-5.914750E-01	1.672973E+01	
-8.571316E-01	1.633027E+01	
-1.187897E+00	1.593226E+01	
-1.479261E+00	-4.787452E+00	
-1.124850E+00	-5.536528E+00	
-8.528785E-01	-6.368646E+00	
-6.638309E-01	-7.220571E+00	
-5.391863E-01	-8.062711E+00	
-1.679480E-01	1.752004E+01	
-3.009010E-01	1.724999E+01	
-4.593228E-01	1.693219E+01	
-6.507298E-01	1.658486E+01	
-8.739808E-01	1.623167E+01	
-1.080403E+00	-5.104518E+00	
-8.518642E-01	-5.802412E+00	
-6.628140E-01	-6.563784E+00	
-5.218123E-01	-7.355482E+00	
-4.259083E-01	-8.148349E+00	
-1.071546E-01	1.762041E+01	
-1.909781E-01	1.736639E+01	
-2.887742E-01	1.707201E+01	
-4.032853E-01	1.675097E+01	
-5.329430E-01	1.641848E+01	
-6.560605E-01	-5.294602E+00	
-5.271553E-01	-5.969772E+00	
-4.170549E-01	-6.695574E+00	
-3.318248E-01	-7.449924E+00	
-2.721365E-01	-8.209499E+00	
-3.679871E-02	1.767272E+01	
-6.535894E-02	1.742647E+01	
-9.832581E-02	1.714270E+01	
-1.363969E-01	1.683286E+01	
-1.789726E-01	1.650882E+01	
-2.198828E-01	-5.384487E+00	
-1.781592E-01	-6.050516E+00	
-1.420637E-01	-6.761026E+00	
-1.136741E-01	-7.498092E+00	
-9.350146E-02	-8.241193E+00	
3.672732E-02	1.767272E+01	
6.528595E-02	1.742647E+01	
9.824970E-02	1.714270E+01	
1.363133E-01	1.683287E+01	
1.788823E-01	1.650882E+01	
2.198301E-01	-5.384490E+00	
1.781118E-01	-6.050518E+00	
1.420194E-01	-6.761027E+00	
1.136326E-01	-7.498093E+00	
9.346366E-02	-8.241195E+00	
1.070817E-01	1.762041E+01	
1.909030E-01	1.736639E+01	
2.886975E-01	1.707201E+01	
4.032050E-01	1.675098E+01	
5.328572E-01	1.641848E+01	
6.560061E-01	-5.294611E+00	
5.271056E-01	-5.969778E+00	
4.170087E-01	-6.695578E+00	
3.317819E-01	-7.449929E+00	
2.720989E-01	-8.209507E+00	
1.678760E-01	1.752005E+01	
3.008249E-01	1.724999E+01	
4.592448E-01	1.693220E+01	
6.506513E-01	1.658488E+01	
8.739002E-01	1.623168E+01	
1.080348E+00	-5.104533E+00	
8.518132E-01	-5.802421E+00	
6.627658E-01	-6.563790E+00	
5.217674E-01	-7.355491E+00	
4.258684E-01	-8.148363E+00	
2.128593E-01	1.738043E+01	
3.834440E-01	1.708608E+01	
5.913996E-01	1.672974E+01	
8.570552E-01	1.633028E+01	
1.187820E+00	1.593227E+01	
1.479207E+00	-4.787471E+00	
1.124800E+00	-5.536541E+00	
8.528300E-01	-6.368653E+00	
6.637827E-01	-7.220582E+00	
5.391398E-01	-8.062730E+00	
2.367535E-01	1.721496E+01	
4.278264E-01	1.688989E+01	
6.642698E-01	1.648153E+01	
9.778600E-01	1.599924E+01	
1.436783E+00	1.547362E+01	
1.808999E+00	-4.266427E+00	
1.285762E+00	-5.179941E+00	
9.576220E-01	-6.125143E+00	
7.398471E-01	-7.057270E+00	
5.991524E-01	-7.960705E+00	
2.364992E-01	1.704062E+01	
4.271826E-01	1.668247E+01	
6.629345E-01	1.621676E+01	
9.751682E-01	1.563819E+01	
1.430815E+00	1.492010E+01	
1.996624E+00	1.387707E+01	
2.493762E+00	1.248615E+01	
2.854743E+00	1.092666E+01	
3.117232E+00	9.240460E+00	
3.289508E+00	7.452837E+00	
3.370433E+00	5.587442E+00	
3.352319E+00	3.668548E+00	
3.219714E+00	1.722622E+00	
2.942908E+00	-2.182067E-01	
2.444462E+00	-2.092425E+00	
1.802084E+00	-3.617046E+00	
1.282647E+00	-4.786649E+00	
9.560359E-01	-5.863684E+00	
7.390044E-01	-6.883923E+00	
5.986624E-01	-7.853015E+00	
2.121962E-01	1.687570E+01	
3.817666E-01	1.648714E+01	
5.879483E-01	1.597015E+01	
8.501786E-01	1.531034E+01	
1.173972E+00	1.446852E+01	
1.530174E+00	1.340664E+01	
1.867299E+00	1.212232E+01	
2.143828E+00	1.065299E+01	
2.346873E+00	9.048602E+00	
2.477279E+00	7.342012E+00	
2.532569E+00	5.562052E+00	
2.506487E+00	3.738135E+00	
2.388530E+00	1.903598E+00	
2.163576E+00	1.025773E-01	
1.837507E+00	-1.588695E+00	
1.463278E+00	-3.104167E+00	
1.116850E+00	-4.433663E+00	
8.487348E-01	-5.621944E+00	
6.615878E-01	-6.721485E+00	
5.378590E-01	-7.751382E+00	
1.670663E-01	1.673695E+01	
2.987731E-01	1.632461E+01	
4.550630E-01	1.577021E+01	
6.425484E-01	1.506056E+01	
8.585866E-01	1.417846E+01	
1.087806E+00	1.311128E+01	
1.306555E+00	1.186180E+01	
1.493204E+00	1.045032E+01	
1.634597E+00	8.906828E+00	
1.724796E+00	7.263181E+00	
1.760221E+00	5.550169E+00	
1.736568E+00	3.799753E+00	
1.649040E+00	2.047465E+00	
1.497115E+00	3.355896E-01	
1.292581E+00	-1.291105E+00	
1.062835E+00	-2.797781E+00	
8.424644E-01	-4.173251E+00	
6.578076E-01	-5.429585E+00	
5.190788E-01	-6.587968E+00	
4.242910E-01	-7.666382E+00	
1.064434E-01	1.663745E+01	
1.892698E-01	1.620958E+01	
2.853923E-01	1.563283E+01	
3.969362E-01	1.489891E+01	
5.214161E-01	1.399959E+01	
6.510916E-01	1.293125E+01	
7.749083E-01	1.169926E+01	
8.819907E-01	1.031913E+01	
9.642753E-01	8.814343E+00	
1.016814E+00	7.212928E+00	
1.036492E+00	5.545319E+00	
1.020913E+00	3.843835E+00	
9.688334E-01	2.142991E+00	
8.823089E-01	4.785130E-01	
7.691269E-01	-1.116313E+00	
6.429643E-01	-2.616664E+00	
5.198784E-01	-4.010911E+00	
4.130833E-01	-5.300473E+00	
3.296307E-01	-6.494899E+00	
2.708332E-01	-7.605867E+00	
3.650771E-02	1.658568E+01	
6.468993E-02	1.615034E+01	
9.702742E-02	1.556360E+01	
1.340016E-01	1.481962E+01	
1.747119E-01	1.391369E+01	
2.167878E-01	1.284540E+01	
2.569269E-01	1.162116E+01	
2.917913E-01	1.025528E+01	
3.187219E-01	8.768976E+00	
3.359214E-01	7.188557E+00	
3.422253E-01	5.543709E+00	
3.368833E-01	3.866366E+00	
3.197187E-01	2.189704E+00	
2.916899E-01	5.463534E-01	
2.554145E-01	-1.034696E+00	
2.150685E-01	-2.531773E+00	
1.754326E-01	-3.933080E+00	
1.405519E-01	-5.236627E+00	
1.128292E-01	-6.447569E+00	
9.299388E-02	-7.574563E+00	
7.543656E-02	-1.240940E+01	
1.008793E-01	-1.149697E+01	
1.331968E-01	-1.046203E+01	
1.721403E-01	-9.296416E+00	
2.157766E-01	-7.994803E+00	
2.604459E-01	-6.558336E+00	
3.015883E-01	-4.997531E+00	
3.350076E-01	-3.332793E+00	
3.578015E-01	-1.592384E+00	
3.684879E-01	1.907471E-01	
3.666010E-01	1.981641E+00	
3.522032E-01	3.744997E+00	
3.258307E-01	5.446168E+00	
2.889287E-01	7.052692E+00	
2.442073E-01	8.536697E+00	
1.954279E-01	9.877644E+00	
1.465348E-01	1.106397E+01	
1.004232E-01	1.209216E+01	
5.815973E-02	1.296373E+01	
1.899976E-02	1.358713E+01	
2.197697E-01	-1.245289E+01	
2.948499E-01	-1.155400E+01	
3.915700E-01	-1.053403E+01	
5.100640E-01	-9.381849E+00	
6.447115E-01	-8.087654E+00	
7.835596E-01	-6.649003E+00	
9.113294E-01	-5.075777E+00	
1.014304E+00	-3.390942E+00	
1.083767E+00	-1.626493E+00	
1.116043E+00	1.818933E-01	
1.110330E+00	1.998095E+00	
1.066828E+00	3.786443E+00	
9.866489E-01	5.511274E+00	
8.734611E-01	7.137676E+00	
7.353955E-01	8.634501E+00	
5.848741E-01	9.979142E+00	
4.352632E-01	1.116098E+01	
2.961769E-01	1.218035E+01	
1.706366E-01	1.304334E+01	
5.559222E-02	1.366172E+01	
3.444404E-01	-1.253670E+01	
4.646449E-01	-1.166547E+01	
6.238451E-01	-1.067848E+01	
8.263065E-01	-9.558357E+00	
1.064318E+00	-8.283805E+00	
1.314115E+00	-6.841497E+00	
1.542875E+00	-5.239813E+00	
1.723235E+00	-3.510240E+00	
1.841570E+00	-1.694993E+00	
1.895293E+00	1.643945E-01	
1.885556E+00	2.031044E+00	
1.812784E+00	3.869768E+00	
1.676579E+00	5.644333E+00	
1.479834E+00	7.314549E+00	
1.235438E+00	8.840089E+00	
9.684929E-01	1.019102E+01	
7.082743E-01	1.135893E+01	
4.744844E-01	1.235528E+01	
2.706228E-01	1.319782E+01	
8.779912E-02	1.380511E+01	
4.368229E-01	-1.265396E+01	
5.926600E-01	-1.182426E+01	
8.053217E-01	-1.089156E+01	
1.094791E+00	-9.837208E+00	
1.461867E+00	-8.610041E+00	
1.861148E+00	-7.164340E+00	
2.220854E+00	-5.505437E+00	
2.488300E+00	-3.692421E+00	
2.653667E+00	-1.796514E+00	
2.726694E+00	1.391662E-01	
2.712578E+00	2.080125E+00	
2.611969E+00	3.994067E+00	
2.421067E+00	5.847141E+00	
2.131615E+00	7.597938E+00	
1.753380E+00	9.179331E+00	
1.335493E+00	1.053661E+01	
9.434033E-01	1.166565E+01	
6.160147E-01	1.260973E+01	
3.473925E-01	1.341584E+01	
1.121960E-01	1.400510E+01	
4.863580E-01	-1.279372E+01	
6.623606E-01	-1.201634E+01	
9.074493E-01	-1.115723E+01	
1.256814E+00	-1.021037E+01	
1.793788E+00	-9.140927E+00	
2.458822E+00	-7.697769E+00	
3.000890E+00	-5.873782E+00	
3.339707E+00	-3.930336E+00	
3.541355E+00	-1.925614E+00	
3.628180E+00	1.084147E-01	
3.609091E+00	2.144082E+00	
3.484977E+00	4.154833E+00	
3.248821E+00	6.113433E+00	
2.880889E+00	7.989030E+00	
2.320647E+00	9.726718E+00	
1.644824E+00	1.108293E+01	
1.086833E+00	1.206941E+01	
6.967613E-01	1.292344E+01	
3.899003E-01	1.367763E+01	
1.255598E-01	1.424286E+01	
4.867805E-01	-1.294162E+01	
6.631876E-01	-1.222085E+01	
9.090642E-01	-1.144368E+01	
1.260013E+00	-1.062423E+01	
1.800887E+00	-9.804915E+00	
1.651593E+00	1.175764E+01	
1.089864E+00	1.251442E+01	
6.982393E-01	1.326012E+01	
3.905673E-01	1.395547E+01	
1.257500E-01	1.449417E+01	
4.379343E-01	-1.308187E+01	
5.948133E-01	-1.241389E+01	
8.094810E-01	-1.171119E+01	
1.102946E+00	-1.100114E+01	
1.478252E+00	-1.034419E+01	
1.351156E+00	1.231202E+01	
9.511407E-01	1.292179E+01	
6.198512E-01	1.357567E+01	
3.491684E-01	1.421828E+01	
1.127132E-01	1.473263E+01	
3.458141E-01	-1.319993E+01	
4.672919E-01	-1.257419E+01	
6.289028E-01	-1.192717E+01	
8.359323E-01	-1.128565E+01	
1.082394E+00	-1.068145E+01	
9.857693E-01	1.266821E+01	
7.173877E-01	1.323399E+01	
4.791217E-01	1.383302E+01	
2.727805E-01	1.443795E+01	
8.842635E-02	1.493377E+01	
2.208797E-01	-1.328453E+01	
2.969700E-01	-1.268715E+01	
3.955736E-01	-1.207442E+01	
5.175100E-01	-1.146737E+01	
6.581940E-01	-1.088688E+01	
5.977749E-01	1.288904E+01	
4.423181E-01	1.343700E+01	
2.998507E-01	1.401074E+01	
1.723732E-01	1.459405E+01	
5.610172E-02	1.507830E+01	
7.587205E-02	-1.332851E+01	
1.016949E-01	-1.274508E+01	
1.347161E-01	-1.214811E+01	
1.749266E-01	-1.155582E+01	
2.207246E-01	-1.098491E+01	
2.001513E-01	1.299553E+01	
1.491538E-01	1.353696E+01	
1.018028E-01	1.410060E+01	
5.880892E-02	1.467466E+01	
1.918376E-02	1.515359E+01	
-7.584442E-02	-1.332852E+01	
-1.016647E-01	-1.274508E+01	
-1.346898E-01	-1.214811E+01	
-1.749056E-01	-1.155582E+01	
-2.207113E-01	-1.098490E+01	
-2.001528E-01	1.299554E+01	
-1.491621E-01	1.353696E+01	
-1.018096E-01	1.410060E+01	
-5.881381E-02	1.467466E+01	
-1.918650E-02	1.515358E+01	
-2.208558E-01	-1.328454E+01	
-2.969498E-01	-1.268714E+01	
-3.955600E-01	-1.207441E+01	
-5.175009E-01	-1.146736E+01	
-6.581829E-01	-1.088687E+01	
-5.977703E-01	1.288905E+01	
-4.423190E-01	1.343701E+01	
-2.998624E-01	1.401074E+01	
-1.723852E-01	1.459405E+01	
-5.610603E-02	1.507829E+01	
-3.457963E-01	-1.319994E+01	
-4.672711E-01	-1.257418E+01	
-6.288829E-01	-1.192715E+01	
-8.359124E-01	-1.128565E+01	
-1.082376E+00	-1.068144E+01	
-9.857623E-01	1.266822E+01	
-7.173845E-01	1.323401E+01	
-4.791235E-01	1.383302E+01	
-2.727789E-01	1.443794E+01	
-8.842353E-02	1.493376E+01	
-4.379287E-01	-1.308188E+01	
-5.948061E-01	-1.241388E+01	
-8.094735E-01	-1.171117E+01	
-1.102939E+00	-1.100113E+01	
-1.478240E+00	-1.034419E+01	
-1.351149E+00	1.231203E+01	
-9.511366E-01	1.292181E+01	
-6.198465E-01	1.357568E+01	
-3.491726E-01	1.421827E+01	
-1.127174E-01	1.473262E+01	
-4.867791E-01	-1.294162E+01	
-6.631872E-01	-1.222085E+01	
-9.090610E-01	-1.144366E+01	
-1.260009E+00	-1.062423E+01	
-1.800884E+00	-9.804914E+00	
-1.651589E+00	1.175766E+01	
-1.089857E+00	1.251444E+01	
-6.982354E-01	1.326014E+01	
-3.905663E-01	1.395547E+01	
-1.257493E-01	1.449415E+01	
-4.863651E-01	-1.279373E+01	
-6.623677E-01	-1.201634E+01	
-9.074573E-01	-1.115721E+01	
-1.256824E+00	-1.021037E+01	
-1.793794E+00	-9.140935E+00	
-2.458822E+00	-7.697772E+00	
-3.000880E+00	-5.873791E+00	
-3.339693E+00	-3.930345E+00	
-3.541347E+00	-1.925605E+00	
-3.628176E+00	1.084091E-01	
-3.609098E+00	2.144097E+00	
-3.484982E+00	4.154840E+00	
-3.248825E+00	6.113439E+00	
-2.880898E+00	7.989030E+00	
-2.320647E+00	9.726733E+00	
-1.644815E+00	1.108295E+01	
-1.086826E+00	1.206943E+01	
-6.967488E-01	1.292345E+01	
-3.898843E-01	1.367762E+01	
-1.255534E-01	1.424285E+01	
-4.368361E-01	-1.265397E+01	
-5.926705E-01	-1.182426E+01	
-8.053236E-01	-1.089155E+01	
-1.094786E+00	-9.837200E+00	
-1.461864E+00	-8.610053E+00	
-1.861147E+00	-7.164343E+00	
-2.220855E+00	-5.505454E+00	
-2.488305E+00	-3.692420E+00	
-2.653679E+00	-1.796502E+00	
-2.726711E+00	1.391668E-01	
-2.712594E+00	2.080144E+00	
-2.611989E+00	3.994073E+00	
-2.421083E+00	5.847143E+00	
-2.131617E+00	7.597932E+00	
-1.753378E+00	9.179342E+00	
-1.335491E+00	1.053662E+01	
-9.433914E-01	1.166567E+01	
-6.160055E-01	1.260975E+01	
-3.473930E-01	1.341585E+01	
-1.121974E-01	1.400510E+01	
-3.444551E-01	-1.253671E+01	
-4.646644E-01	-1.166547E+01	
-6.238643E-01	-1.067848E+01	
-8.263214E-01	-9.558348E+00	
-1.064329E+00	-8.283820E+00	
-1.314117E+00	-6.841506E+00	
-1.542869E+00	-5.239830E+00	
-1.723224E+00	-3.510239E+00	
-1.841557E+00	-1.694975E+00	
-1.895289E+00	1.644037E-01	
-1.885565E+00	2.031066E+00	
-1.812796E+00	3.869777E+00	
-1.676587E+00	5.644325E+00	
-1.479842E+00	7.314538E+00	
-1.235443E+00	8.840098E+00	
-9.684905E-01	1.019102E+01	
-7.082671E-01	1.135894E+01	
-4.744730E-01	1.235529E+01	
-2.706089E-01	1.319782E+01	
-8.779248E-02	1.380511E+01	
-2.197776E-01	-1.245290E+01	
-2.948552E-01	-1.155400E+01	
-3.915780E-01	-1.053403E+01	
-5.100694E-01	-9.381847E+00	
-6.447133E-01	-8.087669E+00	
-7.835663E-01	-6.649015E+00	
-9.113346E-01	-5.075801E+00	
-1.014310E+00	-3.390938E+00	
-1.083780E+00	-1.626473E+00	
-1.116059E+00	1.819124E-01	
-1.110346E+00	1.998121E+00	
-1.066845E+00	3.786451E+00	
-9.866650E-01	5.511262E+00	
-8.734733E-01	7.137664E+00	
-7.353982E-01	8.634499E+00	
-5.848717E-01	9.979142E+00	
-4.352589E-01	1.116098E+01	
-2.961694E-01	1.218037E+01	
-1.706334E-01	1.304335E+01	
-5.559237E-02	1.366172E+01	
-7.544484E-02	-1.240941E+01	
-1.008865E-01	-1.149697E+01	
-1.332022E-01	-1.046202E+01	
-1.721423E-01	-9.296428E+00	
-2.157744E-01	-7.994813E+00	
-2.604377E-01	-6.558355E+00	
-3.015759E-01	-4.997555E+00	
-3.349963E-01	-3.332788E+00	
-3.577834E-01	-1.592366E+00	
-3.684747E-01	1.907754E-01	
-3.665983E-01	1.981669E+00	
-3.522013E-01	3.745005E+00	
-3.258304E-01	5.446157E+00	
-2.889323E-01	7.052679E+00	
-2.442087E-01	8.536685E+00	
-1.954249E-01	9.877645E+00	
-1.465241E-01	1.106397E+01	
-1.004144E-01	1.209218E+01	
-5.815527E-02	1.296374E+01	
-1.899546E-02	1.358714E+01	
5.604541E-02	-1.320729E+01	
4.140975E-02	-1.389696E+01	
3.014735E-02	-1.448268E+01	
2.081651E-02	-1.496640E+01	
1.191161E-02	-1.534782E+01	
2.012360E-03	-1.562406E+01	
-9.906165E-03	-1.579045E+01	
-2.414026E-02	-1.584137E+01	
-4.014279E-02	-1.577218E+01	
-5.663962E-02	-1.558083E+01	
-7.191422E-02	-1.526900E+01	
-8.414133E-02	-1.484280E+01	
-9.179022E-02	-1.431237E+01	
-9.410944E-02	-1.369100E+01	
-9.154818E-02	-1.299282E+01	
-8.583508E-02	-1.223021E+01	
-7.952352E-02	-1.141139E+01	
-7.525227E-02	-1.053943E+01	
-7.514955E-02	-9.612847E+00	
-8.070793E-02	-8.626855E+00	
1.630697E-01	-1.323989E+01	
1.206161E-01	-1.392145E+01	
8.830814E-02	-1.450177E+01	
6.190692E-02	-1.498304E+01	
3.678724E-02	-1.536519E+01	
8.308005E-03	-1.564507E+01	
-2.702471E-02	-1.581670E+01	
-7.025882E-02	-1.587259E+01	
-1.195688E-01	-1.580627E+01	
-1.707874E-01	-1.561446E+01	
-2.184560E-01	-1.529832E+01	
-2.567714E-01	-1.486402E+01	
-2.806210E-01	-1.432264E+01	
-2.871742E-01	-1.368959E+01	
-2.775982E-01	-1.298209E+01	
-2.576120E-01	-1.221524E+01	
-2.358443E-01	-1.139827E+01	
-2.209054E-01	-1.053333E+01	
-2.192344E-01	-9.617170E+00	
-2.349189E-01	-8.643775E+00	
2.550555E-01	-1.330217E+01	
1.889908E-01	-1.396769E+01	
1.398512E-01	-1.453697E+01	
1.012240E-01	-1.501287E+01	
6.516422E-02	-1.539655E+01	
2.233824E-02	-1.568502E+01	
-3.497378E-02	-1.586939E+01	
-1.091026E-01	-1.593726E+01	
-1.960279E-01	-1.587784E+01	
-2.874143E-01	-1.568550E+01	
-3.732338E-01	-1.536076E+01	
-4.430507E-01	-1.490970E+01	
-4.865999E-01	-1.434436E+01	
-4.965743E-01	-1.368441E+01	
-4.736830E-01	-1.295481E+01	
-4.295560E-01	-1.217841E+01	
-3.829518E-01	-1.136674E+01	
-3.511079E-01	-1.051809E+01	
-3.444203E-01	-9.624054E+00	
-3.676783E-01	-8.675833E+00	
3.227929E-01	-1.338832E+01	
2.396215E-01	-1.403077E+01	
1.794036E-01	-1.458325E+01	
1.363569E-01	-1.504827E+01	
1.003192E-01	-1.543325E+01	
5.297740E-02	-1.573848E+01	
-2.323448E-02	-1.594945E+01	
-1.332100E-01	-1.604131E+01	
-2.666849E-01	-1.599419E+01	
-4.078771E-01	-1.580172E+01	
-5.418276E-01	-1.546431E+01	
-6.533744E-01	-1.498752E+01	
-7.260255E-01	-1.438274E+01	
-7.409717E-01	-1.367095E+01	
-6.915084E-01	-1.289592E+01	
-6.004436E-01	-1.210211E+01	
-5.095088E-01	-1.130549E+01	
-4.521195E-01	-1.049010E+01	
-4.379020E-01	-9.631141E+00	
-4.656384E-01	-8.719740E+00	
3.588835E-01	-1.349007E+01	
2.667028E-01	-1.410438E+01	
2.012435E-01	-1.463532E+01	
1.582101E-01	-1.508228E+01	
1.431420E-01	-1.545035E+01	
1.214492E-01	-1.579042E+01	
2.872063E-02	-1.606646E+01	
-1.336710E-01	-1.619667E+01	
-3.284409E-01	-1.616707E+01	
-5.332254E-01	-1.597482E+01	
-7.292833E-01	-1.562122E+01	
-8.979961E-01	-1.511087E+01	
-1.017899E+00	-1.445195E+01	
-1.059422E+00	-1.365821E+01	
-9.634712E-01	-1.276324E+01	
-7.561980E-01	-1.193645E+01	
-5.865073E-01	-1.121053E+01	
-5.085503E-01	-1.044972E+01	
-4.883214E-01	-9.637077E+00	
-5.179348E-01	-8.771154E+00	
3.590971E-01	-1.359733E+01	
2.668002E-01	-1.418159E+01	
2.012664E-01	-1.468909E+01	
1.581728E-01	-1.511462E+01	
1.430761E-01	-1.544816E+01	
-7.585721E-01	-1.170630E+01	
-5.875679E-01	-1.109998E+01	
-5.091230E-01	-1.040386E+01	
-4.886976E-01	-9.642274E+00	
-5.182892E-01	-8.825162E+00	
3.233561E-01	-1.369934E+01	
2.398831E-01	-1.425535E+01	
1.794682E-01	-1.474128E+01	
1.362564E-01	-1.514874E+01	
1.000305E-01	-1.546537E+01	
-6.057964E-01	-1.153786E+01	
-5.122072E-01	-1.100383E+01	
-4.535979E-01	-1.036296E+01	
-4.388817E-01	-9.648041E+00	
-4.665661E-01	-8.876672E+00	
2.557517E-01	-1.378592E+01	
1.893070E-01	-1.431869E+01	
1.399240E-01	-1.478775E+01	
1.010817E-01	-1.518433E+01	
6.471840E-02	-1.550237E+01	
-4.353316E-01	-1.145804E+01	
-3.861034E-01	-1.094083E+01	
-3.528965E-01	-1.033414E+01	
-3.456230E-01	-9.654863E+00	
-3.688257E-01	-8.920737E+00	
1.636301E-01	-1.384863E+01	
1.208728E-01	-1.436518E+01	
8.836598E-02	-1.482314E+01	
6.178044E-02	-1.521437E+01	
3.639656E-02	-1.553408E+01	
-2.618665E-01	-1.141835E+01	
-2.382710E-01	-1.090770E+01	
-2.223251E-01	-1.031812E+01	
-2.202038E-01	-9.661491E+00	
-2.358492E-01	-8.952957E+00	
5.626594E-02	-1.388150E+01	
4.151236E-02	-1.438982E+01	
3.017570E-02	-1.484235E+01	
2.077339E-02	-1.523115E+01	
1.176212E-02	-1.555169E+01	
-8.739000E-02	-1.140182E+01	
-8.043143E-02	-1.089368E+01	
-7.579345E-02	-1.031156E+01	
-7.552532E-02	-9.665662E+00	
-8.107323E-02	-8.969979E+00	
-5.624450E-02	-1.388151E+01	
-4.149700E-02	-1.438982E+01	
-3.016019E-02	-1.484234E+01	
-2.075564E-02	-1.523115E+01	
-1.174674E-02	-1.555169E+01	
8.736826E-02	-1.140182E+01	
8.041085E-02	-1.089368E+01	
7.577277E-02	-1.031156E+01	
7.550141E-02	-9.665665E+00	
8.104217E-02	-8.969983E+00	
-1.636084E-01	-1.384864E+01	
-1.208528E-01	-1.436519E+01	
-8.835142E-02	-1.482314E+01	
-6.177037E-02	-1.521437E+01	
-3.638687E-02	-1.553408E+01	
2.618443E-01	-1.141835E+01	
2.382484E-01	-1.090770E+01	
2.223022E-01	-1.031812E+01	
2.201785E-01	-9.661498E+00	
2.358186E-01	-8.952969E+00	
-2.557365E-01	-1.378593E+01	
-1.892932E-01	-1.431869E+01	
-1.399116E-01	-1.478775E+01	
-1.010750E-01	-1.518434E+01	
-6.471529E-02	-1.550237E+01	
4.353058E-01	-1.145805E+01	
3.860762E-01	-1.094083E+01	
3.528680E-01	-1.033415E+01	
3.455921E-01	-9.654874E+00	
3.687907E-01	-8.920755E+00	
-3.233465E-01	-1.369935E+01	
-2.398709E-01	-1.425536E+01	
-1.794600E-01	-1.474129E+01	
-1.362510E-01	-1.514875E+01	
-1.000267E-01	-1.546537E+01	
6.057654E-01	-1.153786E+01	
5.121733E-01	-1.100383E+01	
4.535611E-01	-1.036296E+01	
4.388409E-01	-9.648056E+00	
4.665222E-01	-8.876693E+00	
-3.590971E-01	-1.359734E+01	
-2.668047E-01	-1.418160E+01	
-2.012708E-01	-1.468911E+01	
-1.581759E-01	-1.511463E+01	
-1.430795E-01	-1.544817E+01	
7.585383E-01	-1.170631E+01	
5.875298E-01	-1.109998E+01	
5.090792E-01	-1.040387E+01	
4.886479E-01	-9.642294E+00	
5.182366E-01	-8.825185E+00	
-3.588918E-01	-1.349008E+01	
-2.667129E-01	-1.410439E+01	
-2.012525E-01	-1.463533E+01	
-1.582154E-01	-1.508228E+01	
-1.431493E-01	-1.545036E+01	
-1.214584E-01	-1.579043E+01	
-2.872803E-02	-1.606645E+01	
1.336645E-01	-1.619668E+01	
3.284358E-01	-1.616709E+01	
5.332228E-01	-1.597484E+01	
7.292808E-01	-1.562123E+01	
8.979884E-01	-1.511088E+01	
1.017886E+00	-1.445198E+01	
1.059402E+00	-1.365824E+01	
9.634419E-01	-1.276326E+01	
7.561614E-01	-1.193646E+01	
5.864660E-01	-1.121054E+01	
5.085037E-01	-1.044973E+01	
4.882704E-01	-9.637101E+00	
5.178814E-01	-8.771178E+00	
-3.228070E-01	-1.338834E+01	
-2.396353E-01	-1.403078E+01	
-1.794142E-01	-1.458325E+01	
-1.363652E-01	-1.504827E+01	
-1.003282E-01	-1.543327E+01	
-5.298904E-02	-1.573849E+01	
2.322289E-02	-1.594945E+01	
1.332000E-01	-1.604131E+01	
2.666792E-01	-1.599421E+01	
4.078792E-01	-1.580174E+01	
5.418303E-01	-1.546432E+01	
6.533708E-01	-1.498754E+01	
7.260148E-01	-1.438278E+01	
7.409541E-01	-1.367098E+01	
6.914837E-01	-1.289595E+01	
6.004097E-01	-1.210213E+01	
5.094664E-01	-1.130551E+01	
4.520738E-01	-1.049012E+01	
4.378555E-01	-9.631167E+00	
4.655930E-01	-8.719763E+00	
-2.550696E-01	-1.330218E+01	
-1.890012E-01	-1.396770E+01	
-1.398592E-01	-1.453697E+01	
-1.012340E-01	-1.501288E+01	
-6.517115E-02	-1.539656E+01	
-2.234512E-02	-1.568503E+01	
3.496376E-02	-1.586939E+01	
1.090929E-01	-1.593727E+01	
1.960237E-01	-1.587784E+01	
2.874179E-01	-1.568551E+01	
3.732390E-01	-1.536078E+01	
4.430536E-01	-1.490973E+01	
4.865971E-01	-1.434440E+01	
4.965653E-01	-1.368445E+01	
4.736670E-01	-1.295485E+01	
4.295291E-01	-1.217844E+01	
3.829149E-01	-1.136676E+01	
3.510665E-01	-1.051811E+01	
3.443819E-01	-9.624077E+00	
3.676457E-01	-8.675852E+00	
-1.630751E-01	-1.323990E+01	
-1.206218E-01	-1.392145E+01	
-8.831273E-02	-1.450177E+01	
-6.191151E-02	-1.498306E+01	
-3.679170E-02	-1.536520E+01	
-8.310148E-03	-1.564508E+01	
2.701786E-02	-1.581670E+01	
7.025199E-02	-1.587259E+01	
1.195631E-01	-1.580628E+01	
1.707877E-01	-1.561446E+01	
2.184585E-01	-1.529834E+01	
2.567699E-01	-1.486405E+01	
2.806205E-01	-1.432269E+01	
2.871712E-01	-1.368964E+01	
2.775904E-01	-1.298214E+01	
2.575975E-01	-1.221528E+01	
2.358217E-01	-1.139830E+01	
2.208794E-01	-1.053335E+01	
2.192093E-01	-9.617188E+00	
2.348989E-01	-8.643788E+00	
-5.604794E-02	-1.320730E+01	
-4.141193E-02	-1.389697E+01	
-3.015068E-02	-1.448268E+01	
-2.081979E-02	-1.496641E+01	
-1.191146E-02	-1.534782E+01	
-2.011427E-03	-1.562408E+01	
9.902966E-03	-1.579045E+01	
2.413782E-02	-1.584137E+01	
4.014210E-02	-1.577218E+01	
5.664070E-02	-1.558083E+01	
7.191667E-02	-1.526903E+01	
8.414337E-02	-1.484282E+01	
9.179068E-02	-1.431242E+01	
9.410865E-02	-1.369105E+01	
9.154617E-02	-1.299287E+01	
8.582920E-02	-1.223025E+01	
7.951692E-02	-1.141142E+01	
7.524385E-02	-1.053945E+01	
7.514084E-02	-9.612861E+00	
8.070141E-02	-8.626865E+00	
