flux
2
3200
3.846018E+00	-6.726066E+01	
5.155447E+00	-6.507578E+01	
6.374164E+00	-6.211128E+01	
7.473718E+00	-5.838915E+01	
8.406724E+00	-5.395039E+01	
9.117119E+00	-4.884396E+01	
9.536499E+00	-4.312379E+01	
9.573624E+00	-3.684412E+01	
9.086924E+00	-3.004636E+01	
7.756611E+00	-2.267238E+01	
3.100897E+00	-6.840815E+01	
4.043531E+00	-6.618034E+01	
4.949329E+00	-6.313123E+01	
5.762156E+00	-5.928158E+01	
6.438075E+00	-5.466689E+01	
6.928671E+00	-4.932845E+01	
7.177603E+00	-4.330761E+01	
7.116614E+00	-3.663644E+01	
6.661889E+00	-2.931262E+01	
5.805067E+00	-2.121899E+01	
2.269545E+00	-6.920260E+01	
2.912701E+00	-6.697168E+01	
3.531294E+00	-6.386428E+01	
4.086094E+00	-5.991615E+01	
4.540355E+00	-5.516249E+01	
4.857352E+00	-4.964044E+01	
4.997905E+00	-4.338511E+01	
4.922492E+00	-3.642254E+01	
4.608588E+00	-2.875789E+01	
4.080858E+00	-2.038917E+01	
1.381575E+00	-6.971444E+01	
1.757510E+00	-6.747893E+01	
2.117517E+00	-6.433562E+01	
2.439184E+00	-6.032127E+01	
2.699864E+00	-5.547231E+01	
2.876991E+00	-4.982475E+01	
2.948550E+00	-4.341291E+01	
2.896929E+00	-3.626770E+01	
2.717651E+00	-2.841954E+01	
2.429120E+00	-1.991125E+01	
4.636396E-01	-6.996606E+01	
5.874462E-01	-6.772705E+01	
7.056374E-01	-6.456570E+01	
8.109494E-01	-6.051817E+01	
8.958244E-01	-5.562096E+01	
9.527477E-01	-4.991014E+01	
9.747692E-01	-4.342110E+01	
9.569611E-01	-3.619008E+01	
8.989111E-01	-2.825983E+01	
8.069876E-01	-1.969051E+01	
-4.636101E-01	-6.996607E+01	
-5.874143E-01	-6.772705E+01	
-7.056038E-01	-6.456570E+01	
-8.109130E-01	-6.051818E+01	
-8.957850E-01	-5.562097E+01	
-9.527077E-01	-4.991014E+01	
-9.747317E-01	-4.342109E+01	
-9.569286E-01	-3.619008E+01	
-8.988864E-01	-2.825983E+01	
-8.069750E-01	-1.969050E+01	
-1.381548E+00	-6.971445E+01	
-1.757481E+00	-6.747894E+01	
-2.117485E+00	-6.433563E+01	
-2.439149E+00	-6.032128E+01	
-2.699826E+00	-5.547231E+01	
-2.876954E+00	-4.982474E+01	
-2.948517E+00	-4.341291E+01	
-2.896901E+00	-3.626769E+01	
-2.717629E+00	-2.841953E+01	
-2.429107E+00	-1.991123E+01	
-2.269520E+00	-6.920261E+01	
-2.912674E+00	-6.697169E+01	
-3.531265E+00	-6.386429E+01	
-4.086061E+00	-5.991616E+01	
-4.540319E+00	-5.516250E+01	
-4.857320E+00	-4.964043E+01	
-4.997880E+00	-4.338509E+01	
-4.922471E+00	-3.642252E+01	
-4.608570E+00	-2.875787E+01	
-4.080845E+00	-2.038914E+01	
-3.100876E+00	-6.840816E+01	
-4.043509E+00	-6.618034E+01	
-4.949308E+00	-6.313124E+01	
-5.762132E+00	-5.928159E+01	
-6.438049E+00	-5.466689E+01	
-6.928648E+00	-4.932844E+01	
-7.177586E+00	-4.330759E+01	
-7.116601E+00	-3.663642E+01	
-6.661877E+00	-2.931260E+01	
-5.805057E+00	-2.121896E+01	
-3.846007E+00	-6.726066E+01	
-5.155438E+00	-6.507578E+01	
-6.374153E+00	-6.211129E+01	
-7.473708E+00	-5.838916E+01	
-8.406716E+00	-5.395040E+01	
-9.117111E+00	-4.884394E+01	
-9.536491E+00	-4.312377E+01	
-9.573617E+00	-3.684410E+01	
-9.086918E+00	-3.004634E+01	
-7.756607E+00	-2.267234E+01	
-9.226057E+00	-5.153492E+01	
-1.145820E+01	-4.423538E+01	
-1.301449E+01	-3.655591E+01	
-1.408830E+01	-2.847816E+01	
-1.473042E+01	-2.007185E+01	
-1.494807E+01	-1.142352E+01	
-1.472031E+01	-2.624589E+00	
-1.399477E+01	6.236772E+00	
-1.266276E+01	1.509073E+01	
-1.042422E+01	2.398018E+01	
-7.127310E+00	-5.369050E+01	
-8.664246E+00	-4.584888E+01	
-9.885451E+00	-3.771991E+01	
-1.074058E+01	-2.924309E+01	
-1.124382E+01	-2.045229E+01	
-1.139414E+01	-1.141105E+01	
-1.117425E+01	-2.189414E+00	
-1.054948E+01	7.151901E+00	
-9.466482E+00	1.659061E+01	
-7.955836E+00	2.622948E+01	
-5.100026E+00	-5.506052E+01	
-6.109224E+00	-4.702499E+01	
-6.945549E+00	-3.860133E+01	
-7.552649E+00	-2.982390E+01	
-7.909407E+00	-2.073148E+01	
-8.006530E+00	-1.137928E+01	
-7.832012E+00	-1.826774E+00	
-7.371790E+00	7.874250E+00	
-6.628821E+00	1.769423E+01	
-5.654987E+00	2.761034E+01	
-3.066404E+00	-5.590385E+01	
-3.642465E+00	-4.776692E+01	
-4.126817E+00	-3.918007E+01	
-4.484281E+00	-3.020972E+01	
-4.695317E+00	-2.091346E+01	
-4.749584E+00	-1.134870E+01	
-4.640339E+00	-1.573594E+00	
-4.365611E+00	8.356020E+00	
-3.936630E+00	1.838441E+01	
-3.387348E+00	2.844328E+01	
-1.023342E+00	-5.630858E+01	
-1.210901E+00	-4.812582E+01	
-1.369349E+00	-3.946397E+01	
-1.487006E+00	-3.040094E+01	
-1.556602E+00	-2.100287E+01	
-1.574042E+00	-1.133099E+01	
-1.537195E+00	-1.445210E+00	
-1.446342E+00	8.593216E+00	
-1.306316E+00	1.871622E+01	
-1.128526E+00	2.883854E+01	
1.023375E+00	-5.630858E+01	
1.210937E+00	-4.812581E+01	
1.369391E+00	-3.946397E+01	
1.487051E+00	-3.040094E+01	
1.556647E+00	-2.100287E+01	
1.574088E+00	-1.133099E+01	
1.537247E+00	-1.445205E+00	
1.446403E+00	8.593220E+00	
1.306382E+00	1.871622E+01	
1.128590E+00	2.883854E+01	
3.066436E+00	-5.590385E+01	
3.642497E+00	-4.776692E+01	
4.126851E+00	-3.918006E+01	
4.484319E+00	-3.020972E+01	
4.695359E+00	-2.091346E+01	
4.749633E+00	-1.134869E+01	
4.640393E+00	-1.573581E+00	
4.365670E+00	8.356029E+00	
3.936692E+00	1.838441E+01	
3.387410E+00	2.844328E+01	
5.100059E+00	-5.506052E+01	
6.109256E+00	-4.702498E+01	
6.945580E+00	-3.860132E+01	
7.552683E+00	-2.982390E+01	
7.909450E+00	-2.073147E+01	
8.006581E+00	-1.137927E+01	
7.832068E+00	-1.826757E+00	
7.371847E+00	7.874260E+00	
6.628876E+00	1.769423E+01	
5.655044E+00	2.761034E+01	
7.127342E+00	-5.369050E+01	
8.664279E+00	-4.584887E+01	
9.885486E+00	-3.771990E+01	
1.074061E+01	-2.924308E+01	
1.124386E+01	-2.045227E+01	
1.139418E+01	-1.141102E+01	
1.117430E+01	-2.189395E+00	
1.054953E+01	7.151908E+00	
9.466532E+00	1.659061E+01	
7.955889E+00	2.622949E+01	
9.226083E+00	-5.153492E+01	
1.145823E+01	-4.423537E+01	
1.301453E+01	-3.655590E+01	
1.408833E+01	-2.847815E+01	
1.473045E+01	-2.007183E+01	
1.494811E+01	-1.142349E+01	
1.472035E+01	-2.624569E+00	
1.399482E+01	6.236780E+00	
1.266281E+01	1.509073E+01	
1.042427E+01	2.398018E+01	
1.016258E+01	1.101547E+01	
1.224182E+01	2.112821E+00	
1.338462E+01	-6.587342E+00	
1.391291E+01	-1.513491E+01	
1.395099E+01	-2.346502E+01	
1.356549E+01	-3.149522E+01	
1.279248E+01	-3.914068E+01	
1.164301E+01	-4.632176E+01	
1.009262E+01	-5.297398E+01	
8.004140E+00	-5.910457E+01	
7.720372E+00	1.314066E+01	
9.110599E+00	3.457094E+00	
1.005755E+01	-5.841861E+00	
1.054071E+01	-1.486894E+01	
1.062533E+01	-2.360830E+01	
1.035786E+01	-3.200491E+01	
9.767978E+00	-3.999388E+01	
8.870643E+00	-4.751536E+01	
7.667839E+00	-5.453357E+01	
6.213339E+00	-6.108797E+01	
5.473383E+00	1.442591E+01	
6.361819E+00	4.450511E+00	
7.011809E+00	-5.238333E+00	
7.376852E+00	-1.462427E+01	
7.461408E+00	-2.368381E+01	
7.287803E+00	-3.237048E+01	
6.876621E+00	-4.062937E+01	
6.245556E+00	-4.840827E+01	
5.421004E+00	-5.566802E+01	
4.456260E+00	-6.237276E+01	
3.273745E+00	1.519409E+01	
3.771963E+00	5.068978E+00	
4.146542E+00	-4.832229E+00	
4.366360E+00	-1.444551E+01	
4.424251E+00	-2.372011E+01	
4.326897E+00	-3.260513E+01	
4.085841E+00	-4.104696E+01	
3.715401E+00	-4.899219E+01	
3.236696E+00	-5.638735E+01	
2.682371E+00	-6.317249E+01	
1.089971E+00	1.555673E+01	
1.250762E+00	5.365350E+00	
1.372861E+00	-4.631924E+00	
1.445754E+00	-1.435311E+01	
1.465907E+00	-2.373448E+01	
1.434559E+00	-3.271947E+01	
1.355347E+00	-4.125289E+01	
1.233516E+00	-4.927853E+01	
1.076676E+00	-5.673655E+01	
8.956009E-01	-6.355869E+01	
-1.089943E+00	1.555673E+01	
-1.250743E+00	5.365345E+00	
-1.372848E+00	-4.631925E+00	
-1.445744E+00	-1.435311E+01	
-1.465897E+00	-2.373448E+01	
-1.434545E+00	-3.271947E+01	
-1.355327E+00	-4.125289E+01	
-1.233492E+00	-4.927853E+01	
-1.076651E+00	-5.673655E+01	
-8.955816E-01	-6.355870E+01	
-3.273713E+00	1.519408E+01	
-3.771943E+00	5.068961E+00	
-4.146530E+00	-4.832235E+00	
-4.366354E+00	-1.444552E+01	
-4.424246E+00	-2.372011E+01	
-4.326889E+00	-3.260512E+01	
-4.085825E+00	-4.104695E+01	
-3.715380E+00	-4.899219E+01	
-3.236682E+00	-5.638736E+01	
-2.682358E+00	-6.317250E+01	
-5.473357E+00	1.442588E+01	
-6.361793E+00	4.450490E+00	
-7.011788E+00	-5.238346E+00	
-7.376838E+00	-1.462428E+01	
-7.461395E+00	-2.368380E+01	
-7.287786E+00	-3.237047E+01	
-6.876605E+00	-4.062936E+01	
-6.245545E+00	-4.840827E+01	
-5.420991E+00	-5.566802E+01	
-4.456253E+00	-6.237278E+01	
-7.720354E+00	1.314064E+01	
-9.110579E+00	3.457075E+00	
-1.005753E+01	-5.841881E+00	
-1.054070E+01	-1.486895E+01	
-1.062532E+01	-2.360830E+01	
-1.035785E+01	-3.200490E+01	
-9.767971E+00	-3.999387E+01	
-8.870638E+00	-4.751537E+01	
-7.667845E+00	-5.453358E+01	
-6.213348E+00	-6.108798E+01	
-1.016257E+01	1.101545E+01	
-1.224180E+01	2.112810E+00	
-1.338460E+01	-6.587366E+00	
-1.391289E+01	-1.513492E+01	
-1.395097E+01	-2.346503E+01	
-1.356547E+01	-3.149521E+01	
-1.279247E+01	-3.914067E+01	
-1.164300E+01	-4.632177E+01	
-1.009262E+01	-5.297400E+01	
-8.004148E+00	-5.910458E+01	
3.384145E+00	5.062778E+01	
3.627429E+00	5.460869E+01	
3.332641E+00	5.778538E+01	
2.736350E+00	6.020957E+01	
1.961341E+00	6.187382E+01	
1.099991E+00	6.276594E+01	
2.352370E-01	6.287647E+01	
-5.466838E-01	6.219960E+01	
-1.139436E+00	6.072839E+01	
-1.357351E+00	5.841743E+01	
2.417208E+00	5.021510E+01	
2.522404E+00	5.467290E+01	
2.367809E+00	5.817056E+01	
1.988352E+00	6.080013E+01	
1.464966E+00	6.258165E+01	
8.701202E-01	6.351431E+01	
2.721316E-01	6.359085E+01	
-2.599994E-01	6.279927E+01	
-6.523044E-01	6.111377E+01	
-8.615065E-01	5.845916E+01	
1.652713E+00	5.005173E+01	
1.685041E+00	5.469874E+01	
1.581794E+00	5.840256E+01	
1.346226E+00	6.118316E+01	
1.013026E+00	6.305522E+01	
6.286665E-01	6.401995E+01	
2.406611E-01	6.407120E+01	
-1.050108E-01	6.319672E+01	
-3.711799E-01	6.137480E+01	
-5.434324E-01	5.857960E+01	
9.678693E-01	4.998581E+01	
9.729382E-01	5.472726E+01	
9.104885E-01	5.853974E+01	
7.793834E-01	6.141265E+01	
5.944846E-01	6.334382E+01	
3.797210E-01	6.433047E+01	
1.617876E-01	6.436662E+01	
-3.452892E-02	6.344330E+01	
-1.911986E-01	6.155106E+01	
-3.022270E-01	5.868661E+01	
3.191177E-01	4.996327E+01	
3.186345E-01	5.474522E+01	
2.975692E-01	5.860529E+01	
2.552718E-01	6.152050E+01	
1.959529E-01	6.348018E+01	
1.269349E-01	6.447789E+01	
5.664425E-02	6.450743E+01	
-7.153843E-03	6.356260E+01	
-5.900357E-02	6.164028E+01	
-9.716918E-02	5.874659E+01	
-3.191208E-01	4.996327E+01	
-3.186401E-01	5.474522E+01	
-2.975803E-01	5.860529E+01	
-2.552932E-01	6.152051E+01	
-1.959845E-01	6.348019E+01	
-1.269663E-01	6.447788E+01	
-5.666671E-02	6.450742E+01	
7.142693E-03	6.356260E+01	
5.900585E-02	6.164027E+01	
9.718916E-02	5.874658E+01	
-9.678618E-01	4.998582E+01	
-9.729356E-01	5.472726E+01	
-9.104927E-01	5.853975E+01	
-7.793989E-01	6.141267E+01	
-5.945081E-01	6.334382E+01	
-3.797444E-01	6.433046E+01	
-1.618016E-01	6.436660E+01	
3.452689E-02	6.344328E+01	
1.912067E-01	6.155104E+01	
3.022419E-01	5.868659E+01	
-1.652703E+00	5.005174E+01	
-1.685035E+00	5.469874E+01	
-1.581792E+00	5.840258E+01	
-1.346227E+00	6.118318E+01	
-1.013032E+00	6.305523E+01	
-6.286753E-01	6.401994E+01	
-2.406672E-01	6.407117E+01	
1.050123E-01	6.319670E+01	
3.711861E-01	6.137477E+01	
5.434399E-01	5.857957E+01	
-2.417201E+00	5.021511E+01	
-2.522401E+00	5.467291E+01	
-2.367804E+00	5.817058E+01	
-1.988345E+00	6.080016E+01	
-1.464961E+00	6.258167E+01	
-8.701210E-01	6.351430E+01	
-2.721352E-01	6.359082E+01	
2.599958E-01	6.279924E+01	
6.523038E-01	6.111375E+01	
8.615104E-01	5.845914E+01	
-3.384140E+00	5.062780E+01	
-3.627425E+00	5.460871E+01	
-3.332635E+00	5.778539E+01	
-2.736340E+00	6.020959E+01	
-1.961327E+00	6.187384E+01	
-1.099976E+00	6.276594E+01	
-2.352272E-01	6.287644E+01	
5.466886E-01	6.219957E+01	
1.139438E+00	6.072836E+01	
1.357352E+00	5.841740E+01	
3.845992E+00	6.726066E+01	
5.155418E+00	6.507577E+01	
6.374131E+00	6.211128E+01	
7.473688E+00	5.838916E+01	
8.406699E+00	5.395040E+01	
9.117094E+00	4.884395E+01	
9.536474E+00	4.312378E+01	
9.573600E+00	3.684411E+01	
9.086902E+00	3.004635E+01	
7.756592E+00	2.267236E+01	
3.100861E+00	6.840816E+01	
4.043497E+00	6.618034E+01	
4.949297E+00	6.313123E+01	
5.762123E+00	5.928159E+01	
6.438042E+00	5.466690E+01	
6.928639E+00	4.932845E+01	
7.177574E+00	4.330760E+01	
7.116586E+00	3.663643E+01	
6.661860E+00	2.931260E+01	
5.805039E+00	2.121897E+01	
2.269506E+00	6.920261E+01	
2.912666E+00	6.697168E+01	
3.531261E+00	6.386429E+01	
4.086058E+00	5.991617E+01	
4.540315E+00	5.516250E+01	
4.857314E+00	4.964044E+01	
4.997872E+00	4.338510E+01	
4.922461E+00	3.642253E+01	
4.608557E+00	2.875787E+01	
4.080829E+00	2.038915E+01	
1.381540E+00	6.971445E+01	
1.757478E+00	6.747894E+01	
2.117484E+00	6.433563E+01	
2.439147E+00	6.032128E+01	
2.699822E+00	5.547232E+01	
2.876950E+00	4.982475E+01	
2.948514E+00	4.341291E+01	
2.896898E+00	3.626769E+01	
2.717624E+00	2.841953E+01	
2.429096E+00	1.991124E+01	
4.636051E-01	6.996607E+01	
5.874123E-01	6.772706E+01	
7.056027E-01	6.456571E+01	
8.109117E-01	6.051818E+01	
8.957836E-01	5.562097E+01	
9.527072E-01	4.991015E+01	
9.747320E-01	4.342110E+01	
9.569284E-01	3.619008E+01	
8.988834E-01	2.825982E+01	
8.069647E-01	1.969050E+01	
-4.636472E-01	6.996607E+01	
-5.874503E-01	6.772706E+01	
-7.056392E-01	6.456571E+01	
-8.109487E-01	6.051818E+01	
-8.958212E-01	5.562097E+01	
-9.527442E-01	4.991015E+01	
-9.747686E-01	4.342110E+01	
-9.569646E-01	3.619008E+01	
-8.989189E-01	2.825982E+01	
-8.070017E-01	1.969050E+01	
-1.381580E+00	6.971445E+01	
-1.757513E+00	6.747894E+01	
-2.117516E+00	6.433563E+01	
-2.439181E+00	6.032128E+01	
-2.699859E+00	5.547232E+01	
-2.876988E+00	4.982475E+01	
-2.948554E+00	4.341291E+01	
-2.896939E+00	3.626769E+01	
-2.717665E+00	2.841954E+01	
-2.429137E+00	1.991124E+01	
-2.269545E+00	6.920262E+01	
-2.912699E+00	6.697169E+01	
-3.531292E+00	6.386429E+01	
-4.086090E+00	5.991616E+01	
-4.540350E+00	5.516250E+01	
-4.857354E+00	4.964044E+01	
-4.997916E+00	4.338509E+01	
-4.922507E+00	3.642253E+01	
-4.608603E+00	2.875788E+01	
-4.080873E+00	2.038915E+01	
-3.100899E+00	6.840817E+01	
-4.043532E+00	6.618035E+01	
-4.949332E+00	6.313124E+01	
-5.762159E+00	5.928159E+01	
-6.438078E+00	5.466689E+01	
-6.928679E+00	4.932844E+01	
-7.177618E+00	4.330759E+01	
-7.116632E+00	3.663642E+01	
-6.661907E+00	2.931261E+01	
-5.805085E+00	2.121897E+01	
-3.846029E+00	6.726068E+01	
-5.155458E+00	6.507579E+01	
-6.374172E+00	6.211129E+01	
-7.473727E+00	5.838915E+01	
-8.406737E+00	5.395039E+01	
-9.117134E+00	4.884394E+01	
-9.536514E+00	4.312377E+01	
-9.573640E+00	3.684410E+01	
-9.086943E+00	3.004635E+01	
-7.756635E+00	2.267236E+01	
-9.226105E+00	5.153493E+01	
-1.145824E+01	4.423538E+01	
-1.301454E+01	3.655590E+01	
-1.408834E+01	2.847814E+01	
-1.473045E+01	2.007182E+01	
-1.494811E+01	1.142349E+01	
-1.472035E+01	2.624560E+00	
-1.399481E+01	-6.236794E+00	
-1.266280E+01	-1.509075E+01	
-1.042426E+01	-2.398019E+01	
-7.127362E+00	5.369051E+01	
-8.664294E+00	4.584887E+01	
-9.885496E+00	3.771990E+01	
-1.074062E+01	2.924307E+01	
-1.124387E+01	2.045226E+01	
-1.139418E+01	1.141101E+01	
-1.117430E+01	2.189385E+00	
-1.054953E+01	-7.151923E+00	
-9.466529E+00	-1.659063E+01	
-7.955883E+00	-2.622949E+01	
-5.100078E+00	5.506052E+01	
-6.109272E+00	4.702498E+01	
-6.945593E+00	3.860131E+01	
-7.552696E+00	2.982388E+01	
-7.909459E+00	2.073146E+01	
-8.006584E+00	1.137925E+01	
-7.832066E+00	1.826744E+00	
-7.371844E+00	-7.874272E+00	
-6.628875E+00	-1.769425E+01	
-5.655040E+00	-2.761035E+01	
-3.066452E+00	5.590385E+01	
-3.642513E+00	4.776691E+01	
-4.126866E+00	3.918005E+01	
-4.484332E+00	3.020971E+01	
-4.695372E+00	2.091344E+01	
-4.749643E+00	1.134867E+01	
-4.640399E+00	1.573564E+00	
-4.365671E+00	-8.356042E+00	
-3.936690E+00	-1.838443E+01	
-3.387405E+00	-2.844329E+01	
-1.023387E+00	5.630857E+01	
-1.210951E+00	4.812581E+01	
-1.369403E+00	3.946396E+01	
-1.487061E+00	3.040093E+01	
-1.556659E+00	2.100286E+01	
-1.574103E+00	1.133097E+01	
-1.537260E+00	1.445182E+00	
-1.446410E+00	-8.593238E+00	
-1.306383E+00	-1.871624E+01	
-1.128588E+00	-2.883856E+01	
1.023326E+00	5.630858E+01	
1.210884E+00	4.812581E+01	
1.369333E+00	3.946396E+01	
1.486992E+00	3.040093E+01	
1.556587E+00	2.100286E+01	
1.574025E+00	1.133097E+01	
1.537178E+00	1.445182E+00	
1.446331E+00	-8.593242E+00	
1.306311E+00	-1.871624E+01	
1.128524E+00	-2.883856E+01	
3.066384E+00	5.590385E+01	
3.642444E+00	4.776692E+01	
4.126794E+00	3.918005E+01	
4.484257E+00	3.020971E+01	
4.695295E+00	2.091344E+01	
4.749566E+00	1.134868E+01	
4.640323E+00	1.573563E+00	
4.365598E+00	-8.356050E+00	
3.936622E+00	-1.838444E+01	
3.387345E+00	-2.844331E+01	
5.100009E+00	5.506053E+01	
6.109204E+00	4.702498E+01	
6.945526E+00	3.860131E+01	
7.552624E+00	2.982389E+01	
7.909384E+00	2.073147E+01	
8.006513E+00	1.137926E+01	
7.832001E+00	1.826740E+00	
7.371780E+00	-7.874282E+00	
6.628812E+00	-1.769426E+01	
5.654984E+00	-2.761038E+01	
7.127297E+00	5.369051E+01	
8.664231E+00	4.584887E+01	
9.885434E+00	3.771990E+01	
1.074056E+01	2.924308E+01	
1.124380E+01	2.045227E+01	
1.139412E+01	1.141101E+01	
1.117424E+01	2.189378E+00	
1.054947E+01	-7.151930E+00	
9.466472E+00	-1.659064E+01	
7.955830E+00	-2.622952E+01	
9.226045E+00	5.153493E+01	
1.145818E+01	4.423538E+01	
1.301448E+01	3.655590E+01	
1.408828E+01	2.847815E+01	
1.473040E+01	2.007182E+01	
1.494806E+01	1.142348E+01	
1.472029E+01	2.624550E+00	
1.399476E+01	-6.236802E+00	
1.266275E+01	-1.509076E+01	
1.042421E+01	-2.398022E+01	
1.016257E+01	-1.101545E+01	
1.224180E+01	-2.112813E+00	
1.338460E+01	6.587338E+00	
1.391289E+01	1.513491E+01	
1.395097E+01	2.346503E+01	
1.356548E+01	3.149522E+01	
1.279247E+01	3.914067E+01	
1.164301E+01	4.632177E+01	
1.009262E+01	5.297401E+01	
8.004143E+00	5.910460E+01	
7.720350E+00	-1.314065E+01	
9.110578E+00	-3.457083E+00	
1.005753E+01	5.841858E+00	
1.054069E+01	1.486894E+01	
1.062531E+01	2.360830E+01	
1.035784E+01	3.200490E+01	
9.767963E+00	3.999387E+01	
8.870635E+00	4.751536E+01	
7.667839E+00	5.453359E+01	
6.213342E+00	6.108799E+01	
5.473366E+00	-1.442590E+01	
6.361805E+00	-4.450498E+00	
7.011794E+00	5.238331E+00	
7.376833E+00	1.462427E+01	
7.461392E+00	2.368380E+01	
7.287790E+00	3.237047E+01	
6.876612E+00	4.062936E+01	
6.245552E+00	4.840827E+01	
5.421002E+00	5.566803E+01	
4.456268E+00	6.237278E+01	
3.273728E+00	-1.519410E+01	
3.771952E+00	-5.068965E+00	
4.146531E+00	4.832229E+00	
4.366350E+00	1.444551E+01	
4.424239E+00	2.372011E+01	
4.326882E+00	3.260512E+01	
4.085822E+00	4.104695E+01	
3.715380E+00	4.899218E+01	
3.236686E+00	5.638736E+01	
2.682367E+00	6.317250E+01	
1.089959E+00	-1.555674E+01	
1.250757E+00	-5.365343E+00	
1.372859E+00	4.631925E+00	
1.445751E+00	1.435310E+01	
1.465903E+00	2.373447E+01	
1.434554E+00	3.271947E+01	
1.355340E+00	4.125288E+01	
1.233509E+00	4.927852E+01	
1.076670E+00	5.673655E+01	
8.956007E-01	6.355870E+01	
-1.089957E+00	-1.555674E+01	
-1.250754E+00	-5.365345E+00	
-1.372855E+00	4.631928E+00	
-1.445752E+00	1.435311E+01	
-1.465910E+00	2.373447E+01	
-1.434562E+00	3.271947E+01	
-1.355345E+00	4.125287E+01	
-1.233511E+00	4.927852E+01	
-1.076668E+00	5.673655E+01	
-8.955947E-01	6.355870E+01	
-3.273724E+00	-1.519410E+01	
-3.771947E+00	-5.068969E+00	
-4.146528E+00	4.832235E+00	
-4.366348E+00	1.444552E+01	
-4.424243E+00	2.372012E+01	
-4.326892E+00	3.260512E+01	
-4.085830E+00	4.104694E+01	
-3.715385E+00	4.899218E+01	
-3.236689E+00	5.638735E+01	
-2.682363E+00	6.317250E+01	
-5.473368E+00	-1.442591E+01	
-6.361805E+00	-4.450501E+00	
-7.011799E+00	5.238342E+00	
-7.376846E+00	1.462428E+01	
-7.461405E+00	2.368381E+01	
-7.287799E+00	3.237047E+01	
-6.876621E+00	4.062935E+01	
-6.245566E+00	4.840827E+01	
-5.421014E+00	5.566802E+01	
-4.456270E+00	6.237276E+01	
-7.720367E+00	-1.314066E+01	
-9.110592E+00	-3.457086E+00	
-1.005755E+01	5.841875E+00	
-1.054070E+01	1.486895E+01	
-1.062531E+01	2.360831E+01	
-1.035785E+01	3.200490E+01	
-9.767971E+00	3.999386E+01	
-8.870639E+00	4.751537E+01	
-7.667847E+00	5.453357E+01	
-6.213352E+00	6.108797E+01	
-1.016259E+01	-1.101547E+01	
-1.224182E+01	-2.112818E+00	
-1.338462E+01	6.587360E+00	
-1.391292E+01	1.513491E+01	
-1.395099E+01	2.346503E+01	
-1.356549E+01	3.149522E+01	
-1.279249E+01	3.914066E+01	
-1.164302E+01	4.632177E+01	
-1.009264E+01	5.297399E+01	
-8.004161E+00	5.910457E+01	
3.384143E+00	-5.062779E+01	
3.627428E+00	-5.460870E+01	
3.332639E+00	-5.778538E+01	
2.736346E+00	-6.020956E+01	
1.961336E+00	-6.187381E+01	
1.099989E+00	-6.276592E+01	
2.352402E-01	-6.287645E+01	
-5.466801E-01	-6.219957E+01	
-1.139437E+00	-6.072835E+01	
-1.357356E+00	-5.841739E+01	
2.417199E+00	-5.021510E+01	
2.522400E+00	-5.467290E+01	
2.367806E+00	-5.817056E+01	
1.988349E+00	-6.080013E+01	
1.464962E+00	-6.258164E+01	
8.701173E-01	-6.351428E+01	
2.721342E-01	-6.359082E+01	
-2.599925E-01	-6.279924E+01	
-6.523028E-01	-6.111374E+01	
-8.615148E-01	-5.845913E+01	
1.652702E+00	-5.005173E+01	
1.685034E+00	-5.469873E+01	
1.581793E+00	-5.840256E+01	
1.346228E+00	-6.118315E+01	
1.013030E+00	-6.305520E+01	
6.286726E-01	-6.401992E+01	
2.406669E-01	-6.407117E+01	
-1.050071E-01	-6.319670E+01	
-3.711799E-01	-6.137477E+01	
-5.434395E-01	-5.857957E+01	
9.678625E-01	-4.998581E+01	
9.729339E-01	-5.472725E+01	
9.104874E-01	-5.853973E+01	
7.793876E-01	-6.141265E+01	
5.944930E-01	-6.334380E+01	
3.797285E-01	-6.433045E+01	
1.617901E-01	-6.436659E+01	
-3.453016E-02	-6.344327E+01	
-1.912028E-01	-6.155104E+01	
-3.022367E-01	-5.868659E+01	
3.191205E-01	-4.996326E+01	
3.186372E-01	-5.474521E+01	
2.975726E-01	-5.860528E+01	
2.552798E-01	-6.152049E+01	
1.959653E-01	-6.348017E+01	
1.269468E-01	-6.447787E+01	
5.665218E-02	-6.450740E+01	
-7.149935E-03	-6.356258E+01	
-5.900501E-02	-6.164026E+01	
-9.718081E-02	-5.874658E+01	
-3.191197E-01	-4.996326E+01	
-3.186402E-01	-5.474521E+01	
-2.975804E-01	-5.860528E+01	
-2.552905E-01	-6.152049E+01	
-1.959768E-01	-6.348017E+01	
-1.269579E-01	-6.447787E+01	
-5.666223E-02	-6.450740E+01	
7.141178E-03	-6.356258E+01	
5.899666E-02	-6.164026E+01	
9.717078E-02	-5.874658E+01	
-9.678673E-01	-4.998582E+01	
-9.729387E-01	-5.472725E+01	
-9.104919E-01	-5.853973E+01	
-7.793930E-01	-6.141265E+01	
-5.944986E-01	-6.334380E+01	
-3.797342E-01	-6.433045E+01	
-1.617964E-01	-6.436659E+01	
3.452418E-02	-6.344327E+01	
1.911962E-01	-6.155104E+01	
3.022253E-01	-5.868660E+01	
-1.652709E+00	-5.005174E+01	
-1.685038E+00	-5.469873E+01	
-1.581793E+00	-5.840256E+01	
-1.346228E+00	-6.118315E+01	
-1.013032E+00	-6.305521E+01	
-6.286771E-01	-6.401992E+01	
-2.406717E-01	-6.407117E+01	
1.050035E-01	-6.319669E+01	
3.711743E-01	-6.137477E+01	
5.434276E-01	-5.857958E+01	
-2.417205E+00	-5.021510E+01	
-2.522402E+00	-5.467289E+01	
-2.367806E+00	-5.817056E+01	
-1.988348E+00	-6.080013E+01	
-1.464964E+00	-6.258165E+01	
-8.701224E-01	-6.351429E+01	
-2.721360E-01	-6.359081E+01	
2.599934E-01	-6.279924E+01	
6.522985E-01	-6.111375E+01	
8.615029E-01	-5.845915E+01	
-3.384144E+00	-5.062778E+01	
-3.627429E+00	-5.460869E+01	
-3.332640E+00	-5.778538E+01	
-2.736347E+00	-6.020957E+01	
-1.961335E+00	-6.187382E+01	
-1.099986E+00	-6.276592E+01	
-2.352384E-01	-6.287644E+01	
5.466766E-01	-6.219957E+01	
1.139428E+00	-6.072837E+01	
1.357345E+00	-5.841741E+01	
-8.300808E-02	-6.415355E+01	
1.749581E-02	-6.522098E+01	
1.170909E-01	-6.567725E+01	
2.208227E-01	-6.551548E+01	
3.310368E-01	-6.472507E+01	
4.467686E-01	-6.329790E+01	
5.639716E-01	-6.123511E+01	
6.764778E-01	-5.855251E+01	
7.771344E-01	-5.528347E+01	
8.585696E-01	-5.147974E+01	
9.135387E-01	-4.721111E+01	
9.354312E-01	-4.256446E+01	
9.197036E-01	-3.764085E+01	
8.663392E-01	-3.254861E+01	
7.820628E-01	-2.739094E+01	
6.802668E-01	-2.225084E+01	
5.777693E-01	-1.717944E+01	
4.899730E-01	-1.219363E+01	
4.273939E-01	-7.283178E+00	
3.952430E-01	-2.422092E+00	
-2.410533E-01	-6.435442E+01	
5.274352E-02	-6.541440E+01	
3.454533E-01	-6.587613E+01	
6.533897E-01	-6.572827E+01	
9.843693E-01	-6.495348E+01	
1.335279E+00	-6.353614E+01	
1.692773E+00	-6.147157E+01	
2.036972E+00	-5.877275E+01	
2.345693E+00	-5.547260E+01	
2.596761E+00	-5.162311E+01	
2.768343E+00	-4.729429E+01	
2.839375E+00	-4.257420E+01	
2.793371E+00	-3.756938E+01	
2.627086E+00	-3.240043E+01	
2.360113E+00	-2.718786E+01	
2.036495E+00	-2.202850E+01	
1.712864E+00	-1.697565E+01	
1.439583E+00	-1.203634E+01	
1.247994E+00	-7.186293E+00	
1.150836E+00	-2.389668E+00	
-3.758471E-01	-6.473939E+01	
8.726205E-02	-6.578634E+01	
5.535446E-01	-6.626318E+01	
1.054728E+00	-6.615034E+01	
1.607662E+00	-6.541533E+01	
2.206553E+00	-6.402409E+01	
2.823711E+00	-6.195827E+01	
3.420273E+00	-5.922681E+01	
3.957020E+00	-5.586401E+01	
4.397735E+00	-5.192349E+01	
4.706680E+00	-4.747444E+01	
4.846014E+00	-4.260442E+01	
4.777915E+00	-3.742506E+01	
4.481971E+00	-3.208252E+01	
3.985250E+00	-2.674208E+01	
3.376554E+00	-2.154198E+01	
2.778374E+00	-1.654037E+01	
2.291345E+00	-1.171132E+01	
1.963595E+00	-6.991979E+00	
1.802243E+00	-2.325472E+00	
-4.741031E-01	-6.527431E+01	
1.168207E-01	-6.630545E+01	
7.188702E-01	-6.681240E+01	
1.388574E+00	-6.677201E+01	
2.165923E+00	-6.612394E+01	
3.041920E+00	-6.479036E+01	
3.958830E+00	-6.272607E+01	
4.843385E+00	-5.994014E+01	
5.638751E+00	-5.648280E+01	
6.301344E+00	-5.240801E+01	
6.783672E+00	-4.778120E+01	
7.030697E+00	-4.268402E+01	
6.975898E+00	-3.722256E+01	
6.538021E+00	-3.155120E+01	
5.712849E+00	-2.595150E+01	
4.673114E+00	-2.068412E+01	
3.689188E+00	-1.581612E+01	
2.955052E+00	-1.121440E+01	
2.500554E+00	-6.706645E+00	
2.283802E+00	-2.232702E+00	
-5.259246E-01	-6.590834E+01	
1.348423E-01	-6.692312E+01	
8.136890E-01	-6.747564E+01	
1.587816E+00	-6.755260E+01	
2.579976E+00	-6.711285E+01	
3.819009E+00	-6.591648E+01	
5.115841E+00	-6.381369E+01	
6.324631E+00	-6.094586E+01	
7.415915E+00	-5.736372E+01	
8.342481E+00	-5.311624E+01	
9.048692E+00	-4.826150E+01	
9.466753E+00	-4.286880E+01	
9.506255E+00	-3.702248E+01	
9.026901E+00	-3.083405E+01	
7.712660E+00	-2.452924E+01	
5.799538E+00	-1.915352E+01	
4.241760E+00	-1.480501E+01	
3.327729E+00	-1.057734E+01	
2.791655E+00	-6.353131E+00	
2.541443E+00	-2.119253E+00	
-5.260059E-01	-6.657782E+01	
1.360550E-01	-6.757646E+01	
8.167650E-01	-6.818185E+01	
1.594269E+00	-6.839802E+01	
2.594205E+00	-6.825953E+01	
5.823048E+00	-1.716370E+01	
4.252330E+00	-1.366634E+01	
3.333204E+00	-9.882859E+00	
2.794753E+00	-5.973093E+00	
2.543591E+00	-1.997918E+00	
-4.743189E-01	-6.721397E+01	
1.199757E-01	-6.819667E+01	
7.268250E-01	-6.884920E+01	
1.405095E+00	-6.918644E+01	
2.199394E+00	-6.926535E+01	
4.726950E+00	-1.560541E+01	
3.716154E+00	-1.264311E+01	
2.969191E+00	-9.239996E+00	
2.508621E+00	-5.616934E+00	
2.289410E+00	-1.883705E+00	
-3.761177E-01	-6.775232E+01	
9.112220E-02	-6.871985E+01	
5.631982E-01	-6.940494E+01	
1.074296E+00	-6.982007E+01	
1.645112E+00	-6.999684E+01	
3.435459E+00	-1.471172E+01	
2.810042E+00	-1.190059E+01	
2.308470E+00	-8.733983E+00	
1.973478E+00	-5.327385E+00	
1.809144E+00	-1.789709E+00	
-2.412704E-01	-6.814070E+01	
5.583784E-02	-6.909582E+01	
3.531205E-01	-6.979833E+01	
6.686202E-01	-7.025328E+01	
1.012591E+00	-7.047841E+01	
2.080239E+00	-1.419536E+01	
1.737324E+00	-1.144862E+01	
1.453149E+00	-8.400208E+00	
1.255915E+00	-5.128935E+00	
1.156391E+00	-1.724301E+00	
-8.307867E-02	-6.834368E+01	
1.868073E-02	-6.929171E+01	
1.199905E-01	-7.000103E+01	
2.265208E-01	-7.047260E+01	
3.414389E-01	-7.071798E+01	
6.962637E-01	-1.395649E+01	
5.868679E-01	-1.123517E+01	
4.950784E-01	-8.237689E+00	
4.303911E-01	-5.029533E+00	
3.973468E-01	-1.691135E+00	
8.311193E-02	-6.834368E+01	
-1.865377E-02	-6.929171E+01	
-1.199706E-01	-7.000103E+01	
-2.265021E-01	-7.047260E+01	
-3.414147E-01	-7.071798E+01	
-6.962663E-01	-1.395649E+01	
-5.868851E-01	-1.123516E+01	
-4.951071E-01	-8.237684E+00	
-4.304281E-01	-5.029529E+00	
-3.973888E-01	-1.691133E+00	
2.412991E-01	-6.814070E+01	
-5.581335E-02	-6.909581E+01	
-3.531007E-01	-6.979832E+01	
-6.686011E-01	-7.025328E+01	
-1.012568E+00	-7.047842E+01	
-2.080239E+00	-1.419534E+01	
-1.737335E+00	-1.144860E+01	
-1.453170E+00	-8.400193E+00	
-1.255947E+00	-5.128923E+00	
-1.156432E+00	-1.724293E+00	
3.761420E-01	-6.775232E+01	
-9.109966E-02	-6.871984E+01	
-5.631780E-01	-6.940493E+01	
-1.074276E+00	-6.982007E+01	
-1.645089E+00	-6.999685E+01	
-3.435454E+00	-1.471168E+01	
-2.810045E+00	-1.190056E+01	
-2.308481E+00	-8.733958E+00	
-1.973500E+00	-5.327362E+00	
-1.809178E+00	-1.789691E+00	
4.743401E-01	-6.721397E+01	
-1.199551E-01	-6.819665E+01	
-7.268053E-01	-6.884919E+01	
-1.405075E+00	-6.918645E+01	
-2.199374E+00	-6.926536E+01	
-4.726945E+00	-1.560537E+01	
-3.716154E+00	-1.264308E+01	
-2.969198E+00	-9.239964E+00	
-2.508634E+00	-5.616900E+00	
-2.289432E+00	-1.883677E+00	
5.260231E-01	-6.657781E+01	
-1.360380E-01	-6.757644E+01	
-8.167480E-01	-6.818183E+01	
-1.594252E+00	-6.839803E+01	
-2.594190E+00	-6.825954E+01	
-5.823047E+00	-1.716365E+01	
-4.252333E+00	-1.366630E+01	
-3.333210E+00	-9.882822E+00	
-2.794761E+00	-5.973054E+00	
-2.543600E+00	-1.997885E+00	
5.259370E-01	-6.590833E+01	
-1.348291E-01	-6.692310E+01	
-8.136752E-01	-6.747562E+01	
-1.587803E+00	-6.755261E+01	
-2.579967E+00	-6.711286E+01	
-3.819007E+00	-6.591649E+01	
-5.115843E+00	-6.381369E+01	
-6.324633E+00	-6.094587E+01	
-7.415918E+00	-5.736374E+01	
-8.342489E+00	-5.311624E+01	
-9.048700E+00	-4.826149E+01	
-9.466756E+00	-4.286879E+01	
-9.506254E+00	-3.702246E+01	
-9.026903E+00	-3.083403E+01	
-7.712663E+00	-2.452920E+01	
-5.799540E+00	-1.915348E+01	
-4.241763E+00	-1.480497E+01	
-3.327734E+00	-1.057731E+01	
-2.791660E+00	-6.353094E+00	
-2.541446E+00	-2.119220E+00	
4.741109E-01	-6.527431E+01	
-1.168111E-01	-6.630544E+01	
-7.188601E-01	-6.681239E+01	
-1.388567E+00	-6.677201E+01	
-2.165920E+00	-6.612395E+01	
-3.041922E+00	-6.479036E+01	
-3.958836E+00	-6.272607E+01	
-4.843395E+00	-5.994015E+01	
-5.638763E+00	-5.648281E+01	
-6.301357E+00	-5.240800E+01	
-6.783685E+00	-4.778119E+01	
-7.030707E+00	-4.268401E+01	
-6.975907E+00	-3.722254E+01	
-6.538030E+00	-3.155118E+01	
-5.712857E+00	-2.595147E+01	
-4.673118E+00	-2.068407E+01	
-3.689189E+00	-1.581608E+01	
-2.955052E+00	-1.121436E+01	
-2.500554E+00	-6.706610E+00	
-2.283803E+00	-2.232669E+00	
3.758499E-01	-6.473939E+01	
-8.725747E-02	-6.578633E+01	
-5.535414E-01	-6.626317E+01	
-1.054728E+00	-6.615034E+01	
-1.607667E+00	-6.541533E+01	
-2.206561E+00	-6.402408E+01	
-2.823720E+00	-6.195827E+01	
-3.420282E+00	-5.922682E+01	
-3.957032E+00	-5.586402E+01	
-4.397749E+00	-5.192348E+01	
-4.706694E+00	-4.747443E+01	
-4.846026E+00	-4.260441E+01	
-4.777928E+00	-3.742504E+01	
-4.481986E+00	-3.208250E+01	
-3.985263E+00	-2.674205E+01	
-3.376560E+00	-2.154194E+01	
-2.778372E+00	-1.654033E+01	
-2.291340E+00	-1.171128E+01	
-1.963592E+00	-6.991941E+00	
-1.802244E+00	-2.325437E+00	
2.410510E-01	-6.435442E+01	
-5.274362E-02	-6.541439E+01	
-3.454557E-01	-6.587611E+01	
-6.533939E-01	-6.572827E+01	
-9.843763E-01	-6.495348E+01	
-1.335288E+00	-6.353613E+01	
-1.692781E+00	-6.147157E+01	
-2.036980E+00	-5.877276E+01	
-2.345702E+00	-5.547261E+01	
-2.596773E+00	-5.162311E+01	
-2.768355E+00	-4.729429E+01	
-2.839385E+00	-4.257419E+01	
-2.793382E+00	-3.756936E+01	
-2.627099E+00	-3.240040E+01	
-2.360124E+00	-2.718783E+01	
-2.036501E+00	-2.202848E+01	
-1.712862E+00	-1.697562E+01	
-1.439579E+00	-1.203630E+01	
-1.247991E+00	-7.186250E+00	
-1.150838E+00	-2.389628E+00	
8.300411E-02	-6.415355E+01	
-1.749913E-02	-6.522097E+01	
-1.170913E-01	-6.567723E+01	
-2.208252E-01	-6.551548E+01	
-3.310401E-01	-6.472507E+01	
-4.467719E-01	-6.329789E+01	
-5.639743E-01	-6.123511E+01	
-6.764803E-01	-5.855251E+01	
-7.771379E-01	-5.528347E+01	
-8.585743E-01	-5.147973E+01	
-9.135436E-01	-4.721111E+01	
-9.354352E-01	-4.256445E+01	
-9.197073E-01	-3.764083E+01	
-8.663431E-01	-3.254858E+01	
-7.820662E-01	-2.739091E+01	
-6.802685E-01	-2.225082E+01	
-5.777689E-01	-1.717941E+01	
-4.899718E-01	-1.219359E+01	
-4.273933E-01	-7.283131E+00	
-3.952441E-01	-2.422050E+00	
-1.911347E-01	-6.247357E+01	
-3.139404E-01	-6.016932E+01	
-4.569384E-01	-5.721966E+01	
-6.215681E-01	-5.359969E+01	
-8.028753E-01	-4.929171E+01	
-9.892141E-01	-4.429933E+01	
-1.164873E+00	-3.865916E+01	
-1.314392E+00	-3.244453E+01	
-1.425957E+00	-2.576042E+01	
-1.492209E+00	-1.873373E+01	
-1.509052E+00	-1.150436E+01	
-1.474459E+00	-4.219409E+00	
-1.388914E+00	2.971644E+00	
-1.257514E+00	9.924576E+00	
-1.091944E+00	1.651301E+01	
-9.098755E-01	2.264301E+01	
-7.309329E-01	2.826265E+01	
-5.711849E-01	3.336067E+01	
-4.395252E-01	3.795466E+01	
-3.376635E-01	4.207540E+01	
-5.571699E-01	-6.269694E+01	
-9.183561E-01	-6.042994E+01	
-1.343957E+00	-5.752763E+01	
-1.841444E+00	-5.395383E+01	
-2.396898E+00	-4.967433E+01	
-2.972273E+00	-4.467842E+01	
-3.514943E+00	-3.899839E+01	
-3.974478E+00	-3.271435E+01	
-4.315108E+00	-2.594279E+01	
-4.516910E+00	-1.881941E+01	
-4.569482E+00	-1.148810E+01	
-4.466370E+00	-4.097968E+00	
-4.206234E+00	3.195883E+00	
-3.801209E+00	1.023676E+01	
-3.286273E+00	1.688133E+01	
-2.719259E+00	2.302377E+01	
-2.166057E+00	2.861403E+01	
-1.679189E+00	3.365590E+01	
-1.284565E+00	3.818571E+01	
-9.836267E-01	4.224715E+01	
-8.741913E-01	-6.312643E+01	
-1.449215E+00	-6.093666E+01	
-2.142829E+00	-5.814013E+01	
-2.981822E+00	-5.467781E+01	
-3.949663E+00	-5.047364E+01	
-4.970754E+00	-4.547558E+01	
-5.932441E+00	-3.970559E+01	
-6.734271E+00	-3.326851E+01	
-7.318254E+00	-2.631325E+01	
-7.662330E+00	-1.899483E+01	
-7.756989E+00	-1.145990E+01	
-7.590637E+00	-3.856698E+00	
-7.150243E+00	3.655143E+00	
-6.440518E+00	1.089225E+01	
-5.515730E+00	1.766557E+01	
-4.491634E+00	2.383065E+01	
-3.509931E+00	2.934206E+01	
-2.675274E+00	3.424939E+01	
-2.024102E+00	3.863801E+01	
-1.541537E+00	4.257835E+01	
-1.109947E+00	-6.372570E+01	
-1.851209E+00	-6.165368E+01	
-2.768501E+00	-5.903401E+01	
-3.947412E+00	-5.580183E+01	
-5.407226E+00	-5.177728E+01	
-7.004396E+00	-4.679020E+01	
-8.493650E+00	-4.084191E+01	
-9.681917E+00	-3.412229E+01	
-1.051530E+01	-2.687683E+01	
-1.100656E+01	-1.926659E+01	
-1.115434E+01	-1.143059E+01	
-1.094178E+01	-3.507098E+00	
-1.033530E+01	4.352413E+00	
-9.283889E+00	1.195612E+01	
-7.822742E+00	1.898764E+01	
-6.175404E+00	2.518001E+01	
-4.652296E+00	3.049751E+01	
-3.453645E+00	3.512726E+01	
-2.581561E+00	3.928340E+01	
-1.954944E+00	4.304214E+01	
-1.236823E+00	-6.443842E+01	
-2.071139E+00	-6.251654E+01	
-3.121811E+00	-6.013912E+01	
-4.529921E+00	-5.728375E+01	
-6.602578E+00	-5.382783E+01	
-9.168572E+00	-4.890281E+01	
-1.137697E+01	-4.242695E+01	
-1.291823E+01	-3.526679E+01	
-1.398212E+01	-2.762960E+01	
-1.461873E+01	-1.964169E+01	
-1.483510E+01	-1.141965E+01	
-1.461048E+01	-3.080851E+00	
-1.389305E+01	5.250071E+00	
-1.257528E+01	1.342765E+01	
-1.036155E+01	2.119099E+01	
-7.589015E+00	2.739653E+01	
-5.343061E+00	3.205005E+01	
-3.892086E+00	3.622434E+01	
-2.885160E+00	4.006533E+01	
-2.176639E+00	4.359535E+01	
-1.238230E+00	-6.519206E+01	
-2.074501E+00	-6.343349E+01	
-3.128686E+00	-6.132703E+01	
-4.543704E+00	-5.891896E+01	
-6.633105E+00	-5.635467E+01	
-7.622387E+00	3.018170E+01	
-5.358103E+00	3.377512E+01	
-3.899692E+00	3.740866E+01	
-2.889097E+00	4.089853E+01	
-2.178727E+00	4.418104E+01	
-1.113620E+00	-6.590743E+01	
-1.859960E+00	-6.430072E+01	
-2.786264E+00	-6.244028E+01	
-3.982630E+00	-6.041709E+01	
-5.478020E+00	-5.844133E+01	
-6.252432E+00	3.243763E+01	
-4.690707E+00	3.534520E+01	
-3.473294E+00	3.851440E+01	
-2.591812E+00	4.168487E+01	
-1.960399E+00	4.473649E+01	
-8.787096E-01	-6.651097E+01	
-1.459930E+00	-6.502474E+01	
-2.164355E+00	-6.334699E+01	
-3.023341E+00	-6.156573E+01	
-4.027944E+00	-5.979268E+01	
-4.576479E+00	3.383868E+01	
-3.555146E+00	3.652720E+01	
-2.699079E+00	3.940588E+01	
-2.036659E+00	4.233729E+01	
-1.548250E+00	4.520388E+01	
-5.608008E-01	-6.694472E+01	
-9.269368E-01	-6.553835E+01	
-1.361018E+00	-6.397189E+01	
-1.873620E+00	-6.231243E+01	
-2.455436E+00	-6.063241E+01	
-2.782541E+00	3.468906E+01	
-2.201051E+00	3.727964E+01	
-1.698050E+00	4.001250E+01	
-1.294625E+00	4.279651E+01	
-9.890287E-01	4.553867E+01	
-1.925065E-01	-6.717070E+01	
-3.171859E-01	-6.580319E+01	
-4.633618E-01	-6.428731E+01	
-6.335543E-01	-6.267980E+01	
-8.243464E-01	-6.103764E+01	
-9.330511E-01	3.509408E+01	
-7.439557E-01	3.764521E+01	
-5.782825E-01	4.031561E+01	
-4.433292E-01	4.303178E+01	
-3.397037E-01	4.571262E+01	
1.925419E-01	-6.717070E+01	
3.172219E-01	-6.580319E+01	
4.634009E-01	-6.428731E+01	
6.335947E-01	-6.267980E+01	
8.243829E-01	-6.103765E+01	
9.331134E-01	3.509408E+01	
7.440166E-01	3.764521E+01	
5.783416E-01	4.031561E+01	
4.433861E-01	4.303178E+01	
3.397611E-01	4.571262E+01	
5.608312E-01	-6.694472E+01	
9.269682E-01	-6.553835E+01	
1.361053E+00	-6.397188E+01	
1.873657E+00	-6.231243E+01	
2.455470E+00	-6.063242E+01	
2.782603E+00	3.468906E+01	
2.201113E+00	3.727964E+01	
1.698108E+00	4.001250E+01	
1.294679E+00	4.279651E+01	
9.890803E-01	4.553867E+01	
8.787344E-01	-6.651097E+01	
1.459956E+00	-6.502474E+01	
2.164383E+00	-6.334698E+01	
3.023373E+00	-6.156574E+01	
4.027977E+00	-5.979269E+01	
4.576539E+00	3.383869E+01	
3.555206E+00	3.652720E+01	
2.699134E+00	3.940587E+01	
2.036707E+00	4.233729E+01	
1.548294E+00	4.520388E+01	
1.113641E+00	-6.590743E+01	
1.859982E+00	-6.430072E+01	
2.786287E+00	-6.244027E+01	
3.982655E+00	-6.041709E+01	
5.478049E+00	-5.844134E+01	
6.252486E+00	3.243763E+01	
4.690760E+00	3.534519E+01	
3.473342E+00	3.851439E+01	
2.591853E+00	4.168485E+01	
1.960432E+00	4.473648E+01	
1.238248E+00	-6.519206E+01	
2.074518E+00	-6.343348E+01	
3.128702E+00	-6.132702E+01	
4.543722E+00	-5.891896E+01	
6.633128E+00	-5.635468E+01	
7.622432E+00	3.018170E+01	
5.358146E+00	3.377511E+01	
3.899732E+00	3.740863E+01	
2.889127E+00	4.089851E+01	
2.178747E+00	4.418102E+01	
1.236836E+00	-6.443842E+01	
2.071151E+00	-6.251654E+01	
3.121823E+00	-6.013910E+01	
4.529934E+00	-5.728374E+01	
6.602594E+00	-5.382783E+01	
9.168593E+00	-4.890281E+01	
1.137699E+01	-4.242693E+01	
1.291826E+01	-3.526677E+01	
1.398215E+01	-2.762958E+01	
1.461875E+01	-1.964167E+01	
1.483513E+01	-1.141962E+01	
1.461050E+01	-3.080827E+00	
1.389308E+01	5.250084E+00	
1.257531E+01	1.342765E+01	
1.036158E+01	2.119099E+01	
7.589051E+00	2.739653E+01	
5.343095E+00	3.205004E+01	
3.892117E+00	3.622431E+01	
2.885183E+00	4.006530E+01	
2.176649E+00	4.359532E+01	
1.109953E+00	-6.372570E+01	
1.851216E+00	-6.165367E+01	
2.768511E+00	-5.903400E+01	
3.947423E+00	-5.580182E+01	
5.407240E+00	-5.177728E+01	
7.004411E+00	-4.679019E+01	
8.493667E+00	-4.084190E+01	
9.681937E+00	-3.412227E+01	
1.051532E+01	-2.687682E+01	
1.100658E+01	-1.926657E+01	
1.115436E+01	-1.143056E+01	
1.094179E+01	-3.507070E+00	
1.033532E+01	4.352431E+00	
9.283910E+00	1.195613E+01	
7.822764E+00	1.898764E+01	
6.175427E+00	2.518001E+01	
4.652320E+00	3.049750E+01	
3.453669E+00	3.512722E+01	
2.581580E+00	3.928336E+01	
1.954954E+00	4.304210E+01	
8.741914E-01	-6.312644E+01	
1.449217E+00	-6.093665E+01	
2.142835E+00	-5.814011E+01	
2.981831E+00	-5.467780E+01	
3.949673E+00	-5.047364E+01	
4.970766E+00	-4.547557E+01	
5.932455E+00	-3.970558E+01	
6.734284E+00	-3.326849E+01	
7.318268E+00	-2.631323E+01	
7.662346E+00	-1.899482E+01	
7.757003E+00	-1.145988E+01	
7.590645E+00	-3.856673E+00	
7.150247E+00	3.655162E+00	
6.440524E+00	1.089226E+01	
5.515741E+00	1.766558E+01	
4.491651E+00	2.383065E+01	
3.509949E+00	2.934205E+01	
2.675291E+00	3.424936E+01	
2.024119E+00	3.863796E+01	
1.541547E+00	4.257830E+01	
5.571640E-01	-6.269694E+01	
9.183524E-01	-6.042993E+01	
1.343957E+00	-5.752761E+01	
1.841447E+00	-5.395381E+01	
2.396903E+00	-4.967432E+01	
2.972281E+00	-4.467841E+01	
3.514952E+00	-3.899837E+01	
3.974487E+00	-3.271433E+01	
4.315117E+00	-2.594278E+01	
4.516920E+00	-1.881939E+01	
4.569489E+00	-1.148808E+01	
4.466370E+00	-4.097950E+00	
4.206230E+00	3.195901E+00	
3.801209E+00	1.023678E+01	
3.286280E+00	1.688135E+01	
2.719271E+00	2.302378E+01	
2.166069E+00	2.861402E+01	
1.679197E+00	3.365587E+01	
1.284574E+00	3.818566E+01	
9.836330E-01	4.224709E+01	
1.911323E-01	-6.247358E+01	
3.139369E-01	-6.016930E+01	
4.569373E-01	-5.721963E+01	
6.215688E-01	-5.359967E+01	
8.028770E-01	-4.929170E+01	
9.892161E-01	-4.429932E+01	
1.164875E+00	-3.865914E+01	
1.314395E+00	-3.244451E+01	
1.425961E+00	-2.576040E+01	
1.492212E+00	-1.873371E+01	
1.509052E+00	-1.150435E+01	
1.474457E+00	-4.219396E+00	
1.388913E+00	2.971663E+00	
1.257515E+00	9.924600E+00	
1.091948E+00	1.651303E+01	
9.098807E-01	2.264302E+01	
7.309372E-01	2.826263E+01	
5.711883E-01	3.336063E+01	
4.395279E-01	3.795461E+01	
3.376658E-01	4.207533E+01	
3.731562E-01	3.073907E+01	
4.591156E-01	2.617204E+01	
5.766462E-01	2.123601E+01	
7.228657E-01	1.590002E+01	
8.878958E-01	1.014795E+01	
1.054997E+00	3.993361E+00	
1.204331E+00	-2.509078E+00	
1.318573E+00	-9.263701E+00	
1.386889E+00	-1.614419E+01	
1.405423E+00	-2.300929E+01	
1.375156E+00	-2.971595E+01	
1.299527E+00	-3.612707E+01	
1.183703E+00	-4.211602E+01	
1.035295E+00	-4.757117E+01	
8.651162E-01	-5.240254E+01	
6.863421E-01	-5.654874E+01	
5.115867E-01	-5.997971E+01	
3.493454E-01	-6.269211E+01	
2.019412E-01	-6.469828E+01	
6.591376E-02	-6.590788E+01	
1.086865E+00	3.087736E+01	
1.341500E+00	2.637434E+01	
1.694998E+00	2.150473E+01	
2.142384E+00	1.622490E+01	
2.654665E+00	1.050038E+01	
3.177121E+00	4.330489E+00	
3.643116E+00	-2.230878E+00	
3.995853E+00	-9.074922E+00	
4.203103E+00	-1.605740E+01	
4.256645E+00	-2.302400E+01	
4.162344E+00	-2.982581E+01	
3.931230E+00	-3.632396E+01	
3.577423E+00	-4.238877E+01	
3.122162E+00	-4.790209E+01	
2.598389E+00	-5.276557E+01	
2.049086E+00	-5.691378E+01	
1.516600E+00	-6.032190E+01	
1.028865E+00	-6.299989E+01	
5.919535E-01	-6.497481E+01	
1.927656E-01	-6.616656E+01	
1.702918E+00	3.114456E+01	
2.112947E+00	2.677181E+01	
2.699829E+00	2.204765E+01	
3.472501E+00	1.690204E+01	
4.388957E+00	1.125198E+01	
5.340104E+00	5.052499E+00	
6.182445E+00	-1.644551E+00	
6.802150E+00	-8.688806E+00	
7.150215E+00	-1.588820E+01	
7.229143E+00	-2.306072E+01	
7.059964E+00	-3.005256E+01	
6.662546E+00	-3.672574E+01	
6.054412E+00	-4.294893E+01	
5.262455E+00	-4.858915E+01	
4.341105E+00	-5.352363E+01	
3.376107E+00	-5.767002E+01	
2.458471E+00	-6.101579E+01	
1.644181E+00	-6.360803E+01	
9.373371E-01	-6.551043E+01	
3.040710E-01	-6.666339E+01	
2.159078E+00	3.151961E+01	
2.693721E+00	2.734143E+01	
3.484486E+00	2.285567E+01	
4.604803E+00	1.798701E+01	
6.043923E+00	1.252259E+01	
7.592737E+00	6.281846E+00	
8.936326E+00	-6.879685E-01	
9.854562E+00	-8.107448E+00	
1.032222E+01	-1.565384E+01	
1.040204E+01	-2.313634E+01	
1.013911E+01	-3.040906E+01	
9.562383E+00	-3.734338E+01	
8.686779E+00	-4.381502E+01	
7.515186E+00	-4.968661E+01	
6.104120E+00	-5.475859E+01	
4.618798E+00	-5.888538E+01	
3.258129E+00	-6.207873E+01	
2.129267E+00	-6.448824E+01	
1.201545E+00	-6.626479E+01	
3.881919E-01	-6.735566E+01	
2.403505E+00	3.196783E+01	
3.009608E+00	2.803396E+01	
3.926116E+00	2.387042E+01	
5.290073E+00	1.945653E+01	
7.445129E+00	1.464724E+01	
1.010232E+01	8.363201E+00	
1.215811E+01	6.300569E-01	
1.328804E+01	-7.377308E+00	
1.380958E+01	-1.539478E+01	
1.384575E+01	-2.327940E+01	
1.346254E+01	-3.091213E+01	
1.269569E+01	-3.818389E+01	
1.155621E+01	-4.498960E+01	
1.002014E+01	-5.121970E+01	
7.953241E+00	-5.670347E+01	
5.629804E+00	-6.074926E+01	
3.741702E+00	-6.346362E+01	
2.404852E+00	-6.556906E+01	
1.347458E+00	-6.716908E+01	
4.341615E-01	-6.817801E+01	
2.405728E+00	3.244273E+01	
3.013498E+00	2.877292E+01	
3.933480E+00	2.496794E+01	
5.304553E+00	2.109404E+01	
7.477256E+00	1.733749E+01	
5.656767E+00	-6.301897E+01	
3.753862E+00	-6.498492E+01	
2.410820E+00	-6.672765E+01	
1.350202E+00	-6.812850E+01	
4.349605E-01	-6.904713E+01	
2.164870E+00	3.289286E+01	
2.703851E+00	2.946955E+01	
3.503502E+00	2.599094E+01	
4.641761E+00	2.258037E+01	
6.117948E+00	1.950005E+01	
4.681486E+00	-6.491480E+01	
3.289211E+00	-6.638427E+01	
2.144714E+00	-6.781585E+01	
1.208701E+00	-6.903694E+01	
3.902707E-01	-6.987236E+01	
1.710064E+00	3.327097E+01	
2.125373E+00	3.004573E+01	
2.722883E+00	2.681193E+01	
3.515999E+00	2.369076E+01	
4.470381E+00	2.082023E+01	
3.445549E+00	-6.617257E+01	
2.495139E+00	-6.746919E+01	
1.662898E+00	-6.870767E+01	
9.460790E-01	-6.979795E+01	
3.066152E-01	-7.056925E+01	
1.092617E+00	3.354122E+01	
1.351463E+00	3.044963E+01	
1.713279E+00	2.736735E+01	
2.176050E+00	2.439123E+01	
2.715348E+00	2.161344E+01	
2.101085E+00	-6.696484E+01	
1.545041E+00	-6.818337E+01	
1.043715E+00	-6.932705E+01	
5.989726E-01	-7.034013E+01	
1.948199E-01	-7.107068E+01	
3.753625E-01	3.368139E+01	
4.629204E-01	3.065587E+01	
5.835579E-01	2.764357E+01	
7.354197E-01	2.472964E+01	
9.101341E-01	2.198904E+01	
7.054411E-01	-6.735008E+01	
5.221980E-01	-6.853742E+01	
3.549411E-01	-6.964159E+01	
2.045968E-01	-7.062067E+01	
6.669177E-02	-7.133219E+01	
-3.753385E-01	3.368140E+01	
-4.628923E-01	3.065587E+01	
-5.835246E-01	2.764357E+01	
-7.353845E-01	2.472964E+01	
-9.101011E-01	2.198904E+01	
-7.054315E-01	-6.735009E+01	
-5.221926E-01	-6.853742E+01	
-3.549348E-01	-6.964159E+01	
-2.045946E-01	-7.062068E+01	
-6.669299E-02	-7.133219E+01	
-1.092596E+00	3.354123E+01	
-1.351438E+00	3.044964E+01	
-1.713247E+00	2.736736E+01	
-2.176012E+00	2.439123E+01	
-2.715308E+00	2.161344E+01	
-2.101076E+00	-6.696485E+01	
-1.545038E+00	-6.818337E+01	
-1.043710E+00	-6.932705E+01	
-5.989681E-01	-7.034014E+01	
-1.948176E-01	-7.107068E+01	
-1.710045E+00	3.327098E+01	
-2.125351E+00	3.004574E+01	
-2.722857E+00	2.681194E+01	
-3.515969E+00	2.369076E+01	
-4.470352E+00	2.082023E+01	
-3.445552E+00	-6.617260E+01	
-2.495136E+00	-6.746917E+01	
-1.662894E+00	-6.870767E+01	
-9.460857E-01	-6.979796E+01	
-3.066206E-01	-7.056924E+01	
-2.164854E+00	3.289287E+01	
-2.703836E+00	2.946957E+01	
-3.503484E+00	2.599096E+01	
-4.641745E+00	2.258037E+01	
-6.117933E+00	1.950005E+01	
-4.681482E+00	-6.491482E+01	
-3.289216E+00	-6.638427E+01	
-2.144724E+00	-6.781585E+01	
-1.208700E+00	-6.903695E+01	
-3.902680E-01	-6.987236E+01	
-2.405717E+00	3.244274E+01	
-3.013489E+00	2.877294E+01	
-3.933470E+00	2.496796E+01	
-5.304542E+00	2.109404E+01	
-7.477244E+00	1.733749E+01	
-5.656780E+00	-6.301899E+01	
-3.753872E+00	-6.498493E+01	
-2.410824E+00	-6.672765E+01	
-1.350202E+00	-6.812851E+01	
-4.349607E-01	-6.904713E+01	
-2.403503E+00	3.196783E+01	
-3.009609E+00	2.803397E+01	
-3.926122E+00	2.387044E+01	
-5.290072E+00	1.945654E+01	
-7.445122E+00	1.464724E+01	
-1.010231E+01	8.363183E+00	
-1.215810E+01	6.300481E-01	
-1.328803E+01	-7.377330E+00	
-1.380957E+01	-1.539479E+01	
-1.384574E+01	-2.327941E+01	
-1.346254E+01	-3.091213E+01	
-1.269569E+01	-3.818389E+01	
-1.155623E+01	-4.498961E+01	
-1.002016E+01	-5.121972E+01	
-7.953259E+00	-5.670349E+01	
-5.629824E+00	-6.074928E+01	
-3.741715E+00	-6.346362E+01	
-2.404856E+00	-6.556905E+01	
-1.347460E+00	-6.716909E+01	
-4.341619E-01	-6.817800E+01	
-2.159070E+00	3.151962E+01	
-2.693716E+00	2.734143E+01	
-3.484487E+00	2.285569E+01	
-4.604808E+00	1.798702E+01	
-6.043928E+00	1.252259E+01	
-7.592734E+00	6.281836E+00	
-8.936318E+00	-6.879798E-01	
-9.854551E+00	-8.107464E+00	
-1.032221E+01	-1.565385E+01	
-1.040202E+01	-2.313635E+01	
-1.013909E+01	-3.040906E+01	
-9.562378E+00	-3.734340E+01	
-8.686780E+00	-4.381505E+01	
-7.515199E+00	-4.968664E+01	
-6.104142E+00	-5.475861E+01	
-4.618812E+00	-5.888539E+01	
-3.258141E+00	-6.207872E+01	
-2.129280E+00	-6.448822E+01	
-1.201549E+00	-6.626479E+01	
-3.881910E-01	-6.735565E+01	
-1.702921E+00	3.114456E+01	
-2.112948E+00	2.677181E+01	
-2.699832E+00	2.204766E+01	
-3.472508E+00	1.690205E+01	
-4.388962E+00	1.125198E+01	
-5.340104E+00	5.052500E+00	
-6.182440E+00	-1.644564E+00	
-6.802145E+00	-8.688817E+00	
-7.150205E+00	-1.588821E+01	
-7.229136E+00	-2.306073E+01	
-7.059965E+00	-3.005257E+01	
-6.662549E+00	-3.672576E+01	
-6.054425E+00	-4.294896E+01	
-5.262477E+00	-4.858919E+01	
-4.341127E+00	-5.352366E+01	
-3.376130E+00	-5.767002E+01	
-2.458484E+00	-6.101578E+01	
-1.644186E+00	-6.360801E+01	
-9.373372E-01	-6.551042E+01	
-3.040686E-01	-6.666339E+01	
-1.086866E+00	3.087736E+01	
-1.341504E+00	2.637435E+01	
-1.695009E+00	2.150473E+01	
-2.142394E+00	1.622492E+01	
-2.654668E+00	1.050038E+01	
-3.177118E+00	4.330505E+00	
-3.643108E+00	-2.230896E+00	
-3.995849E+00	-9.074930E+00	
-4.203095E+00	-1.605741E+01	
-4.256639E+00	-2.302401E+01	
-4.162340E+00	-2.982582E+01	
-3.931225E+00	-3.632398E+01	
-3.577423E+00	-4.238882E+01	
-3.122168E+00	-4.790213E+01	
-2.598398E+00	-5.276559E+01	
-2.049092E+00	-5.691378E+01	
-1.516603E+00	-6.032189E+01	
-1.028872E+00	-6.299987E+01	
-5.919596E-01	-6.497480E+01	
-1.927666E-01	-6.616656E+01	
-3.731595E-01	3.073906E+01	
-4.591239E-01	2.617204E+01	
-5.766518E-01	2.123600E+01	
-7.228643E-01	1.590005E+01	
-8.878897E-01	1.014795E+01	
-1.054989E+00	3.993382E+00	
-1.204327E+00	-2.509101E+00	
-1.318567E+00	-9.263706E+00	
-1.386889E+00	-1.614420E+01	
-1.405434E+00	-2.300930E+01	
-1.375157E+00	-2.971595E+01	
-1.299528E+00	-3.612711E+01	
-1.183712E+00	-4.211607E+01	
-1.035306E+00	-4.757122E+01	
-8.651251E-01	-5.240256E+01	
-6.863491E-01	-5.654873E+01	
-5.115963E-01	-5.997969E+01	
-3.493491E-01	-6.269209E+01	
-2.019385E-01	-6.469826E+01	
-6.591305E-02	-6.590788E+01	
3.170953E-01	3.497047E+01	
2.872776E-01	3.889586E+01	
2.790254E-01	4.253839E+01	
2.861075E-01	4.591257E+01	
3.000225E-01	4.901990E+01	
3.105838E-01	5.184449E+01	
3.082275E-01	5.435145E+01	
2.868674E-01	5.649142E+01	
2.455493E-01	5.821014E+01	
1.881096E-01	5.945931E+01	
1.214604E-01	6.020503E+01	
5.361897E-02	6.043213E+01	
-8.034092E-03	6.014465E+01	
-5.837767E-02	5.936292E+01	
-9.593936E-02	5.811734E+01	
-1.233884E-01	5.644001E+01	
-1.466460E-01	5.435665E+01	
-1.730377E-01	5.188166E+01	
-2.096430E-01	4.901713E+01	
-2.626676E-01	4.575430E+01	
9.229610E-01	3.505215E+01	
8.379917E-01	3.892897E+01	
8.190568E-01	4.253247E+01	
8.488636E-01	4.588160E+01	
9.016269E-01	4.898419E+01	
9.440276E-01	5.182724E+01	
9.437147E-01	5.437136E+01	
8.804549E-01	5.655612E+01	
7.521773E-01	5.831503E+01	
5.726398E-01	5.959139E+01	
3.646010E-01	6.034763E+01	
1.536035E-01	6.056837E+01	
-3.665301E-02	6.026033E+01	
-1.891023E-01	5.945004E+01	
-2.985270E-01	5.817720E+01	
-3.739930E-01	5.648306E+01	
-4.356268E-01	5.439849E+01	
-5.074059E-01	5.193799E+01	
-6.110130E-01	4.910101E+01	
-7.643718E-01	4.587680E+01	
1.444527E+00	3.520724E+01	
1.316278E+00	3.898710E+01	
1.301754E+00	4.250780E+01	
1.379570E+00	4.579865E+01	
1.507609E+00	4.888634E+01	
1.619078E+00	5.177121E+01	
1.643390E+00	5.440339E+01	
1.539119E+00	5.669163E+01	
1.307848E+00	5.853908E+01	
9.825314E-01	5.987220E+01	
6.079437E-01	6.064945E+01	
2.299652E-01	6.085552E+01	
-1.069865E-01	6.050038E+01	
-3.671962E-01	5.962265E+01	
-5.375070E-01	5.828433E+01	
-6.370433E-01	5.655094E+01	
-7.101607E-01	5.446537E+01	
-8.050632E-01	5.203780E+01	
-9.584067E-01	4.925816E+01	
-1.195889E+00	4.611050E+01	
1.829383E+00	3.542028E+01	
1.673269E+00	3.905842E+01	
1.676237E+00	4.244803E+01	
1.838024E+00	4.561881E+01	
2.117185E+00	4.865898E+01	
2.383848E+00	5.162045E+01	
2.480442E+00	5.443325E+01	
2.325180E+00	5.692130E+01	
1.950486E+00	5.891537E+01	
1.435343E+00	6.033637E+01	
8.505303E-01	6.114468E+01	
2.627791E-01	6.132602E+01	
-2.604544E-01	6.089006E+01	
-6.467723E-01	5.987950E+01	
-8.545594E-01	5.840558E+01	
-9.226280E-01	5.659729E+01	
-9.512338E-01	5.452074E+01	
-1.034797E+00	5.216089E+01	
-1.216538E+00	4.947015E+01	
-1.513926E+00	4.643338E+01	
2.034895E+00	3.567037E+01	
1.865773E+00	3.913357E+01	
1.885489E+00	4.235020E+01	
2.117875E+00	4.532247E+01	
2.683604E+00	4.811043E+01	
3.367675E+00	5.121826E+01	
3.606347E+00	5.450017E+01	
3.311612E+00	5.730438E+01	
2.717967E+00	5.950063E+01	
1.947217E+00	6.103700E+01	
1.090941E+00	6.188514E+01	
2.313397E-01	6.203292E+01	
-5.460767E-01	6.148382E+01	
-1.135760E+00	6.026174E+01	
-1.353280E+00	5.844864E+01	
-1.219947E+00	5.648896E+01	
-1.099771E+00	5.453750E+01	
-1.162412E+00	5.229034E+01	
-1.355088E+00	4.971512E+01	
-1.683559E+00	4.681427E+01	
2.036428E+00	3.593337E+01	
1.867288E+00	3.920882E+01	
1.887687E+00	4.223483E+01	
2.121860E+00	4.497128E+01	
2.692528E+00	4.732522E+01	
-1.222276E+00	5.625176E+01	
-1.100779E+00	5.453302E+01	
-1.163115E+00	5.241979E+01	
-1.355849E+00	4.997107E+01	
-1.684727E+00	4.721566E+01	
1.833384E+00	3.618404E+01	
1.677226E+00	3.928346E+01	
1.681918E+00	4.213511E+01	
1.848158E+00	4.467058E+01	
2.137162E+00	4.676624E+01	
-9.273486E-01	5.614080E+01	
-9.537633E-01	5.454891E+01	
-1.036603E+00	5.254908E+01	
-1.218520E+00	5.021644E+01	
-1.516977E+00	4.759763E+01	
1.449461E+00	3.639801E+01	
1.321132E+00	3.935397E+01	
1.308625E+00	4.207241E+01	
1.391389E+00	4.448428E+01	
1.529042E+00	4.652589E+01	
-6.416363E-01	5.618441E+01	
-7.130152E-01	5.460308E+01	
-8.072367E-01	5.267197E+01	
-9.608391E-01	5.042907E+01	
-1.199649E+00	4.792226E+01	
9.269399E-01	3.655404E+01	
8.418905E-01	3.941132E+01	
8.244956E-01	4.204496E+01	
8.579331E-01	4.439553E+01	
9.173269E-01	4.641760E+01	
-3.771153E-01	5.625049E+01	
-4.377470E-01	5.466902E+01	
-5.091140E-01	5.277162E+01	
-6.129645E-01	5.058687E+01	
-7.673990E-01	4.815771E+01	
3.186202E-01	3.663629E+01	
2.887663E-01	3.944397E+01	
2.810826E-01	4.203739E+01	
2.894792E-01	4.436127E+01	
3.057284E-01	4.637621E+01	
-1.244659E-01	5.629269E+01	
-1.474039E-01	5.471038E+01	
-1.736642E-01	5.282788E+01	
-2.103684E-01	5.067116E+01	
-2.638033E-01	4.828128E+01	
-3.186008E-01	3.663629E+01	
-2.887495E-01	3.944397E+01	
-2.810682E-01	4.203739E+01	
-2.894693E-01	4.436127E+01	
-3.057260E-01	4.637622E+01	
1.245011E-01	5.629269E+01	
1.474466E-01	5.471038E+01	
1.737109E-01	5.282788E+01	
2.104202E-01	5.067116E+01	
2.638601E-01	4.828128E+01	
-9.269194E-01	3.655404E+01	
-8.418718E-01	3.941132E+01	
-8.244783E-01	4.204497E+01	
-8.579195E-01	4.439554E+01	
-9.173159E-01	4.641760E+01	
3.771373E-01	5.625047E+01	
4.377775E-01	5.466901E+01	
5.091531E-01	5.277161E+01	
6.130119E-01	5.058686E+01	
7.674502E-01	4.815770E+01	
-1.449446E+00	3.639801E+01	
-1.321118E+00	3.935398E+01	
-1.308612E+00	4.207242E+01	
-1.391374E+00	4.448429E+01	
-1.529027E+00	4.652590E+01	
6.416469E-01	5.618439E+01	
7.130332E-01	5.460307E+01	
8.072654E-01	5.267195E+01	
9.608765E-01	5.042906E+01	
1.199690E+00	4.792226E+01	
-1.833368E+00	3.618405E+01	
-1.677213E+00	3.928346E+01	
-1.681903E+00	4.213512E+01	
-1.848146E+00	4.467059E+01	
-2.137151E+00	4.676626E+01	
9.273552E-01	5.614077E+01	
9.537734E-01	5.454888E+01	
1.036619E+00	5.254905E+01	
1.218542E+00	5.021641E+01	
1.517004E+00	4.759762E+01	
-2.036416E+00	3.593338E+01	
-1.867279E+00	3.920883E+01	
-1.887681E+00	4.223484E+01	
-2.121855E+00	4.497129E+01	
-2.692524E+00	4.732524E+01	
1.222278E+00	5.625174E+01	
1.100782E+00	5.453299E+01	
1.163119E+00	5.241976E+01	
1.355855E+00	4.997105E+01	
1.684737E+00	4.721564E+01	
-2.034889E+00	3.567038E+01	
-1.865761E+00	3.913357E+01	
-1.885477E+00	4.235021E+01	
-2.117868E+00	4.532248E+01	
-2.683600E+00	4.811045E+01	
-3.367671E+00	5.121828E+01	
-3.606345E+00	5.450019E+01	
-3.311614E+00	5.730439E+01	
-2.717969E+00	5.950065E+01	
-1.947213E+00	6.103702E+01	
-1.090931E+00	6.188513E+01	
-2.313302E-01	6.203290E+01	
5.460812E-01	6.148379E+01	
1.135758E+00	6.026172E+01	
1.353272E+00	5.844862E+01	
1.219936E+00	5.648893E+01	
1.099762E+00	5.453747E+01	
1.162404E+00	5.229030E+01	
1.355083E+00	4.971509E+01	
1.683559E+00	4.681424E+01	
-1.829377E+00	3.542029E+01	
-1.673268E+00	3.905843E+01	
-1.676238E+00	4.244804E+01	
-1.838028E+00	4.561883E+01	
-2.117190E+00	4.865899E+01	
-2.383852E+00	5.162046E+01	
-2.480448E+00	5.443327E+01	
-2.325186E+00	5.692132E+01	
-1.950491E+00	5.891539E+01	
-1.435339E+00	6.033638E+01	
-8.505187E-01	6.114467E+01	
-2.627655E-01	6.132601E+01	
2.604609E-01	6.089004E+01	
6.467685E-01	5.987948E+01	
8.545473E-01	5.840556E+01	
9.226118E-01	5.659726E+01	
9.512166E-01	5.452071E+01	
1.034781E+00	5.216086E+01	
1.216526E+00	4.947012E+01	
1.513923E+00	4.643335E+01	
-1.444523E+00	3.520725E+01	
-1.316272E+00	3.898710E+01	
-1.301750E+00	4.250781E+01	
-1.379567E+00	4.579866E+01	
-1.507608E+00	4.888636E+01	
-1.619083E+00	5.177123E+01	
-1.643400E+00	5.440341E+01	
-1.539133E+00	5.669164E+01	
-1.307860E+00	5.853909E+01	
-9.825366E-01	5.987220E+01	
-6.079462E-01	6.064944E+01	
-2.299688E-01	6.085551E+01	
1.069816E-01	6.050036E+01	
3.671903E-01	5.962264E+01	
5.374984E-01	5.828431E+01	
6.370314E-01	5.655091E+01	
7.101469E-01	5.446534E+01	
8.050480E-01	5.203776E+01	
9.583952E-01	4.925812E+01	
1.195888E+00	4.611046E+01	
-9.229643E-01	3.505215E+01	
-8.379955E-01	3.892898E+01	
-8.190611E-01	4.253248E+01	
-8.488699E-01	4.588162E+01	
-9.016341E-01	4.898421E+01	
-9.440372E-01	5.182726E+01	
-9.437243E-01	5.437139E+01	
-8.804627E-01	5.655614E+01	
-7.521799E-01	5.831504E+01	
-5.726352E-01	5.959138E+01	
-3.645926E-01	6.034762E+01	
-1.535978E-01	6.056836E+01	
3.665271E-02	6.026032E+01	
1.890997E-01	5.945003E+01	
2.985222E-01	5.817719E+01	
3.739849E-01	5.648304E+01	
4.356175E-01	5.439846E+01	
5.073969E-01	5.193796E+01	
6.110074E-01	4.910097E+01	
7.643720E-01	4.587675E+01	
-3.170932E-01	3.497048E+01	
-2.872693E-01	3.889586E+01	
-2.790168E-01	4.253841E+01	
-2.861018E-01	4.591258E+01	
-3.000184E-01	4.901993E+01	
-3.105841E-01	5.184451E+01	
-3.082300E-01	5.435147E+01	
-2.868704E-01	5.649144E+01	
-2.455545E-01	5.821014E+01	
-1.881160E-01	5.945929E+01	
-1.214652E-01	6.020501E+01	
-5.361960E-02	6.043212E+01	
8.034191E-03	6.014465E+01	
5.837581E-02	5.936291E+01	
9.593651E-02	5.811733E+01	
1.233860E-01	5.643999E+01	
1.466429E-01	5.435662E+01	
1.730346E-01	5.188163E+01	
2.096405E-01	4.901708E+01	
2.626672E-01	4.575424E+01	
-8.300701E-02	6.415357E+01	
1.749296E-02	6.522100E+01	
1.170833E-01	6.567725E+01	
2.208181E-01	6.551548E+01	
3.310331E-01	6.472508E+01	
4.467638E-01	6.329791E+01	
5.639665E-01	6.123511E+01	
6.764738E-01	5.855250E+01	
7.771303E-01	5.528346E+01	
8.585653E-01	5.147973E+01	
9.135358E-01	4.721110E+01	
9.354295E-01	4.256444E+01	
9.197015E-01	3.764083E+01	
8.663364E-01	3.254858E+01	
7.820611E-01	2.739090E+01	
6.802668E-01	2.225081E+01	
5.777701E-01	1.717941E+01	
4.899735E-01	1.219359E+01	
4.273940E-01	7.283141E+00	
3.952431E-01	2.422054E+00	
-2.410594E-01	6.435444E+01	
5.273151E-02	6.541441E+01	
3.454394E-01	6.587613E+01	
6.533761E-01	6.572827E+01	
9.843573E-01	6.495348E+01	
1.335266E+00	6.353614E+01	
1.692760E+00	6.147157E+01	
2.036962E+00	5.877275E+01	
2.345684E+00	5.547260E+01	
2.596752E+00	5.162311E+01	
2.768335E+00	4.729429E+01	
2.839370E+00	4.257419E+01	
2.793368E+00	3.756935E+01	
2.627083E+00	3.240040E+01	
2.360111E+00	2.718783E+01	
2.036496E+00	2.202847E+01	
1.712866E+00	1.697562E+01	
1.439584E+00	1.203631E+01	
1.247993E+00	7.186256E+00	
1.150835E+00	2.389630E+00	
-3.758643E-01	6.473940E+01	
8.723970E-02	6.578635E+01	
5.535222E-01	6.626319E+01	
1.054706E+00	6.615034E+01	
1.607638E+00	6.541533E+01	
2.206528E+00	6.402409E+01	
2.823686E+00	6.195828E+01	
3.420251E+00	5.922681E+01	
3.957003E+00	5.586400E+01	
4.397721E+00	5.192348E+01	
4.706668E+00	4.747444E+01	
4.846004E+00	4.260441E+01	
4.777908E+00	3.742504E+01	
4.481967E+00	3.208249E+01	
3.985249E+00	2.674205E+01	
3.376555E+00	2.154194E+01	
2.778375E+00	1.654033E+01	
2.291344E+00	1.171128E+01	
1.963592E+00	6.991941E+00	
1.802241E+00	2.325437E+00	
-4.741291E-01	6.527432E+01	
1.167922E-01	6.630546E+01	
7.188410E-01	6.681241E+01	
1.388546E+00	6.677201E+01	
2.165894E+00	6.612394E+01	
3.041889E+00	6.479036E+01	
3.958798E+00	6.272607E+01	
4.843356E+00	5.994014E+01	
5.638728E+00	5.648280E+01	
6.301328E+00	5.240800E+01	
6.783658E+00	4.778119E+01	
7.030682E+00	4.268401E+01	
6.975887E+00	3.722254E+01	
6.538015E+00	3.155118E+01	
5.712847E+00	2.595148E+01	
4.673111E+00	2.068409E+01	
3.689184E+00	1.581608E+01	
2.955047E+00	1.121436E+01	
2.500551E+00	6.706609E+00	
2.283801E+00	2.232669E+00	
-5.259594E-01	6.590834E+01	
1.348083E-01	6.692312E+01	
8.136550E-01	6.747564E+01	
1.587784E+00	6.755261E+01	
2.579947E+00	6.711285E+01	
3.818982E+00	6.591649E+01	
5.115812E+00	6.381369E+01	
6.324599E+00	6.094587E+01	
7.415887E+00	5.736373E+01	
8.342461E+00	5.311625E+01	
9.048676E+00	4.826150E+01	
9.466734E+00	4.286879E+01	
9.506235E+00	3.702246E+01	
9.026888E+00	3.083404E+01	
7.712652E+00	2.452922E+01	
5.799530E+00	1.915349E+01	
4.241752E+00	1.480497E+01	
3.327724E+00	1.057731E+01	
2.791654E+00	6.353097E+00	
2.541444E+00	2.119221E+00	
-5.260462E-01	6.657783E+01	
1.360168E-01	6.757647E+01	
8.167269E-01	6.818185E+01	
1.594232E+00	6.839803E+01	
2.594173E+00	6.825954E+01	
5.823033E+00	1.716366E+01	
4.252321E+00	1.366631E+01	
3.333199E+00	9.882828E+00	
2.794752E+00	5.973061E+00	
2.543592E+00	1.997885E+00	
-4.743613E-01	6.721398E+01	
1.199343E-01	6.819667E+01	
7.267835E-01	6.884921E+01	
1.405055E+00	6.918645E+01	
2.199357E+00	6.926536E+01	
4.726930E+00	1.560538E+01	
3.716142E+00	1.264309E+01	
2.969185E+00	9.239969E+00	
2.508617E+00	5.616904E+00	
2.289409E+00	1.883673E+00	
-3.761629E-01	6.775233E+01	
9.107835E-02	6.871986E+01	
5.631573E-01	6.940495E+01	
1.074257E+00	6.982008E+01	
1.645073E+00	6.999685E+01	
3.435438E+00	1.471170E+01	
2.810028E+00	1.190057E+01	
2.308460E+00	8.733958E+00	
1.973471E+00	5.327358E+00	
1.809141E+00	1.789681E+00	
-2.413180E-01	6.814071E+01	
5.579410E-02	6.909583E+01	
3.530837E-01	6.979834E+01	
6.685870E-01	7.025329E+01	
1.012557E+00	7.047843E+01	
2.080220E+00	1.419535E+01	
1.737309E+00	1.144860E+01	
1.453137E+00	8.400187E+00	
1.255908E+00	5.128911E+00	
1.156388E+00	1.724278E+00	
-8.312392E-02	6.834369E+01	
1.863956E-02	6.929173E+01	
1.199558E-01	7.000105E+01	
2.264889E-01	7.047261E+01	
3.414053E-01	7.071798E+01	
6.962441E-01	1.395649E+01	
5.868509E-01	1.123516E+01	
4.950661E-01	8.237674E+00	
4.303851E-01	5.029514E+00	
3.973453E-01	1.691116E+00	
8.307049E-02	6.834369E+01	
-1.869380E-02	6.929173E+01	
-1.200084E-01	7.000105E+01	
-2.265383E-01	7.047262E+01	
-3.414516E-01	7.071799E+01	
-6.962877E-01	1.395648E+01	
-5.869026E-01	1.123516E+01	
-4.951199E-01	8.237675E+00	
-4.304347E-01	5.029517E+00	
-3.973906E-01	1.691117E+00	
2.412586E-01	6.814071E+01	
-5.585265E-02	6.909583E+01	
-3.531390E-01	6.979835E+01	
-6.686373E-01	7.025329E+01	
-1.012602E+00	7.047843E+01	
-2.080260E+00	1.419534E+01	
-1.737352E+00	1.144859E+01	
-1.453184E+00	8.400188E+00	
-1.255956E+00	5.128916E+00	
-1.156435E+00	1.724283E+00	
3.761044E-01	6.775233E+01	
-9.113309E-02	6.871986E+01	
-5.632081E-01	6.940496E+01	
-1.074304E+00	6.982009E+01	
-1.645116E+00	6.999686E+01	
-3.435477E+00	1.471169E+01	
-2.810063E+00	1.190056E+01	
-2.308497E+00	8.733955E+00	
-1.973513E+00	5.327360E+00	
-1.809183E+00	1.789689E+00	
4.743106E-01	6.721399E+01	
-1.199800E-01	6.819668E+01	
-7.268266E-01	6.884922E+01	
-1.405097E+00	6.918646E+01	
-2.199397E+00	6.926537E+01	
-4.726971E+00	1.560538E+01	
-3.716175E+00	1.264308E+01	
-2.969215E+00	9.239964E+00	
-2.508647E+00	5.616903E+00	
-2.289437E+00	1.883685E+00	
5.260010E-01	6.657784E+01	
-1.360589E-01	6.757648E+01	
-8.167683E-01	6.818186E+01	
-1.594273E+00	6.839804E+01	
-2.594212E+00	6.825955E+01	
-5.823075E+00	1.716367E+01	
-4.252357E+00	1.366631E+01	
-3.333228E+00	9.882827E+00	
-2.794772E+00	5.973064E+00	
-2.543604E+00	1.997903E+00	
5.259200E-01	6.590836E+01	
-1.348477E-01	6.692313E+01	
-8.136960E-01	6.747565E+01	
-1.587824E+00	6.755262E+01	
-2.579986E+00	6.711287E+01	
-3.819024E+00	6.591650E+01	
-5.115858E+00	6.381370E+01	
-6.324645E+00	6.094587E+01	
-7.415930E+00	5.736373E+01	
-8.342501E+00	5.311624E+01	
-9.048713E+00	4.826149E+01	
-9.466768E+00	4.286879E+01	
-9.506268E+00	3.702246E+01	
-9.026922E+00	3.083403E+01	
-7.712687E+00	2.452922E+01	
-5.799567E+00	1.915349E+01	
-4.241786E+00	1.480498E+01	
-3.327750E+00	1.057732E+01	
-2.791668E+00	6.353111E+00	
-2.541448E+00	2.119243E+00	
4.741009E-01	6.527433E+01	
-1.168225E-01	6.630547E+01	
-7.188744E-01	6.681242E+01	
-1.388582E+00	6.677202E+01	
-2.165933E+00	6.612396E+01	
-3.041932E+00	6.479037E+01	
-3.958845E+00	6.272608E+01	
-4.843403E+00	5.994015E+01	
-5.638770E+00	5.648280E+01	
-6.301364E+00	5.240800E+01	
-6.783690E+00	4.778119E+01	
-7.030712E+00	4.268401E+01	
-6.975914E+00	3.722254E+01	
-6.538042E+00	3.155118E+01	
-5.712874E+00	2.595148E+01	
-4.673138E+00	2.068409E+01	
-3.689207E+00	1.581609E+01	
-2.955065E+00	1.121438E+01	
-2.500561E+00	6.706633E+00	
-2.283805E+00	2.232697E+00	
3.758476E-01	6.473941E+01	
-8.726015E-02	6.578635E+01	
-5.535459E-01	6.626319E+01	
-1.054734E+00	6.615035E+01	
-1.607671E+00	6.541534E+01	
-2.206564E+00	6.402410E+01	
-2.823724E+00	6.195828E+01	
-3.420287E+00	5.922682E+01	
-3.957036E+00	5.586401E+01	
-4.397753E+00	5.192348E+01	
-4.706697E+00	4.747444E+01	
-4.846030E+00	4.260441E+01	
-4.777932E+00	3.742504E+01	
-4.481992E+00	3.208249E+01	
-3.985271E+00	2.674205E+01	
-3.376572E+00	2.154195E+01	
-2.778386E+00	1.654035E+01	
-2.291351E+00	1.171130E+01	
-1.963598E+00	6.991969E+00	
-1.802246E+00	2.325469E+00	
2.410520E-01	6.435445E+01	
-5.274237E-02	6.541442E+01	
-3.454553E-01	6.587613E+01	
-6.533941E-01	6.572828E+01	
-9.843764E-01	6.495349E+01	
-1.335288E+00	6.353615E+01	
-1.692782E+00	6.147158E+01	
-2.036982E+00	5.877276E+01	
-2.345704E+00	5.547260E+01	
-2.596774E+00	5.162310E+01	
-2.768357E+00	4.729429E+01	
-2.839389E+00	4.257419E+01	
-2.793386E+00	3.756935E+01	
-2.627102E+00	3.240040E+01	
-2.360128E+00	2.718784E+01	
-2.036507E+00	2.202849E+01	
-1.712870E+00	1.697564E+01	
-1.439586E+00	1.203633E+01	
-1.247996E+00	7.186284E+00	
-1.150839E+00	2.389664E+00	
8.300525E-02	6.415358E+01	
-1.749823E-02	6.522099E+01	
-1.170909E-01	6.567725E+01	
-2.208247E-01	6.551549E+01	
-3.310393E-01	6.472508E+01	
-4.467716E-01	6.329791E+01	
-5.639747E-01	6.123512E+01	
-6.764809E-01	5.855251E+01	
-7.771380E-01	5.528347E+01	
-8.585744E-01	5.147973E+01	
-9.135446E-01	4.721111E+01	
-9.354371E-01	4.256445E+01	
-9.197092E-01	3.764083E+01	
-8.663445E-01	3.254857E+01	
-7.820678E-01	2.739091E+01	
-6.802707E-01	2.225083E+01	
-5.777714E-01	1.717943E+01	
-4.899741E-01	1.219362E+01	
-4.273946E-01	7.283167E+00	
-3.952443E-01	2.422087E+00	
-1.911349E-01	6.247359E+01	
-3.139409E-01	6.016931E+01	
-4.569424E-01	5.721965E+01	
-6.215735E-01	5.359969E+01	
-8.028812E-01	4.929172E+01	
-9.892199E-01	4.429934E+01	
-1.164878E+00	3.865915E+01	
-1.314397E+00	3.244452E+01	
-1.425963E+00	2.576041E+01	
-1.492213E+00	1.873372E+01	
-1.509055E+00	1.150435E+01	
-1.474462E+00	4.219386E+00	
-1.388918E+00	-2.971672E+00	
-1.257518E+00	-9.924600E+00	
-1.091949E+00	-1.651303E+01	
-9.098813E-01	-2.264302E+01	
-7.309381E-01	-2.826265E+01	
-5.711905E-01	-3.336066E+01	
-4.395317E-01	-3.795465E+01	
-3.376705E-01	-4.207536E+01	
-5.571711E-01	6.269696E+01	
-9.183613E-01	6.042994E+01	
-1.343969E+00	5.752763E+01	
-1.841459E+00	5.395384E+01	
-2.396913E+00	4.967434E+01	
-2.972288E+00	4.467843E+01	
-3.514958E+00	3.899839E+01	
-3.974494E+00	3.271434E+01	
-4.315123E+00	2.594278E+01	
-4.516923E+00	1.881939E+01	
-4.569491E+00	1.148808E+01	
-4.466377E+00	4.097946E+00	
-4.206243E+00	-3.195908E+00	
-3.801220E+00	-1.023679E+01	
-3.286284E+00	-1.688135E+01	
-2.719272E+00	-2.302378E+01	
-2.166069E+00	-2.861403E+01	
-1.679200E+00	-3.365589E+01	
-1.284581E+00	-3.818569E+01	
-9.836437E-01	-4.224712E+01	
-8.742037E-01	6.312645E+01	
-1.449230E+00	6.093667E+01	
-2.142851E+00	5.814013E+01	
-2.981848E+00	5.467782E+01	
-3.949688E+00	5.047365E+01	
-4.970777E+00	4.547558E+01	
-5.932464E+00	3.970559E+01	
-6.734295E+00	3.326850E+01	
-7.318278E+00	2.631323E+01	
-7.662351E+00	1.899482E+01	
-7.757006E+00	1.145988E+01	
-7.590650E+00	3.856675E+00	
-7.150256E+00	-3.655165E+00	
-6.440534E+00	-1.089227E+01	
-5.515749E+00	-1.766559E+01	
-4.491655E+00	-2.383066E+01	
-3.509954E+00	-2.934206E+01	
-2.675299E+00	-3.424938E+01	
-2.024130E+00	-3.863799E+01	
-1.541562E+00	-4.257832E+01	
-1.109971E+00	6.372571E+01	
-1.851234E+00	6.165369E+01	
-2.768531E+00	5.903403E+01	
-3.947443E+00	5.580184E+01	
-5.407256E+00	5.177729E+01	
-7.004426E+00	4.679021E+01	
-8.493680E+00	4.084191E+01	
-9.681948E+00	3.412228E+01	
-1.051533E+01	2.687681E+01	
-1.100658E+01	1.926657E+01	
-1.115436E+01	1.143056E+01	
-1.094180E+01	3.507073E+00	
-1.033532E+01	-4.352434E+00	
-9.283908E+00	-1.195614E+01	
-7.822764E+00	-1.898765E+01	
-6.175431E+00	-2.518002E+01	
-4.652327E+00	-3.049751E+01	
-3.453677E+00	-3.512724E+01	
-2.581592E+00	-3.928338E+01	
-1.954971E+00	-4.304212E+01	
-1.236859E+00	6.443843E+01	
-2.071175E+00	6.251656E+01	
-3.121847E+00	6.013913E+01	
-4.529959E+00	5.728376E+01	
-6.602615E+00	5.382784E+01	
-9.168612E+00	4.890282E+01	
-1.137701E+01	4.242694E+01	
-1.291827E+01	3.526677E+01	
-1.398216E+01	2.762958E+01	
-1.461876E+01	1.964166E+01	
-1.483513E+01	1.141962E+01	
-1.461051E+01	3.080824E+00	
-1.389308E+01	-5.250092E+00	
-1.257530E+01	-1.342766E+01	
-1.036157E+01	-2.119100E+01	
-7.589048E+00	-2.739653E+01	
-5.343096E+00	-3.205005E+01	
-3.892121E+00	-3.622433E+01	
-2.885192E+00	-4.006532E+01	
-2.176665E+00	-4.359534E+01	
-1.238274E+00	6.519207E+01	
-2.074545E+00	6.343350E+01	
-3.128729E+00	6.132704E+01	
-4.543749E+00	5.891897E+01	
-6.633153E+00	5.635468E+01	
-7.622426E+00	-3.018170E+01	
-5.358142E+00	-3.377511E+01	
-3.899729E+00	-3.740865E+01	
-2.889128E+00	-4.089852E+01	
-2.178753E+00	-4.418103E+01	
-1.113665E+00	6.590745E+01	
-1.860009E+00	6.430074E+01	
-2.786314E+00	6.244029E+01	
-3.982682E+00	6.041711E+01	
-5.478074E+00	5.844134E+01	
-6.252477E+00	-3.243763E+01	
-4.690750E+00	-3.534519E+01	
-3.473333E+00	-3.851440E+01	
-2.591844E+00	-4.168486E+01	
-1.960425E+00	-4.473648E+01	
-8.787563E-01	6.651099E+01	
-1.459980E+00	6.502476E+01	
-2.164408E+00	6.334701E+01	
-3.023396E+00	6.156575E+01	
-4.027998E+00	5.979270E+01	
-4.576528E+00	-3.383869E+01	
-3.555191E+00	-3.652720E+01	
-2.699118E+00	-3.940588E+01	
-2.036692E+00	-4.233730E+01	
-1.548279E+00	-4.520388E+01	
-5.608484E-01	6.694474E+01	
-9.269850E-01	6.553838E+01	
-1.361069E+00	6.397190E+01	
-1.873672E+00	6.231245E+01	
-2.455486E+00	6.063242E+01	
-2.782592E+00	-3.468907E+01	
-2.201097E+00	-3.727965E+01	
-1.698089E+00	-4.001251E+01	
-1.294658E+00	-4.279652E+01	
-9.890598E-01	-4.553867E+01	
-1.925521E-01	6.717072E+01	
-3.172320E-01	6.580321E+01	
-4.634100E-01	6.428733E+01	
-6.336029E-01	6.267982E+01	
-8.243924E-01	6.103765E+01	
-9.331073E-01	-3.509410E+01	
-7.440035E-01	-3.764523E+01	
-5.783224E-01	-4.031563E+01	
-4.433638E-01	-4.303179E+01	
-3.397374E-01	-4.571262E+01	
1.924987E-01	6.717072E+01	
3.171766E-01	6.580321E+01	
4.633535E-01	6.428733E+01	
6.335464E-01	6.267982E+01	
8.243353E-01	6.103765E+01	
9.330547E-01	-3.509411E+01	
7.439671E-01	-3.764523E+01	
5.783002E-01	-4.031564E+01	
4.433495E-01	-4.303180E+01	
3.397261E-01	-4.571262E+01	
5.607884E-01	6.694474E+01	
9.269237E-01	6.553838E+01	
1.361007E+00	6.397190E+01	
1.873609E+00	6.231245E+01	
2.455421E+00	6.063242E+01	
2.782546E+00	-3.468910E+01	
2.201064E+00	-3.727968E+01	
1.698066E+00	-4.001253E+01	
1.294642E+00	-4.279653E+01	
9.890461E-01	-4.553867E+01	
8.786944E-01	6.651100E+01	
1.459915E+00	6.502476E+01	
2.164343E+00	6.334701E+01	
3.023330E+00	6.156575E+01	
4.027930E+00	5.979270E+01	
4.576483E+00	-3.383872E+01	
3.555156E+00	-3.652724E+01	
2.699091E+00	-3.940590E+01	
2.036670E+00	-4.233731E+01	
1.548261E+00	-4.520389E+01	
1.113609E+00	6.590745E+01	
1.859950E+00	6.430074E+01	
2.786256E+00	6.244029E+01	
3.982621E+00	6.041712E+01	
5.478009E+00	5.844135E+01	
6.252430E+00	-3.243768E+01	
4.690708E+00	-3.534524E+01	
3.473297E+00	-3.851443E+01	
2.591815E+00	-4.168488E+01	
1.960401E+00	-4.473649E+01	
1.238226E+00	6.519208E+01	
2.074495E+00	6.343351E+01	
3.128678E+00	6.132704E+01	
4.543694E+00	5.891899E+01	
6.633095E+00	5.635470E+01	
7.622379E+00	-3.018175E+01	
5.358095E+00	-3.377516E+01	
3.899686E+00	-3.740869E+01	
2.889091E+00	-4.089854E+01	
2.178719E+00	-4.418104E+01	
1.236820E+00	6.443844E+01	
2.071134E+00	6.251657E+01	
3.121802E+00	6.013913E+01	
4.529911E+00	5.728377E+01	
6.602566E+00	5.382786E+01	
9.168560E+00	4.890283E+01	
1.137695E+01	4.242695E+01	
1.291822E+01	3.526678E+01	
1.398211E+01	2.762959E+01	
1.461871E+01	1.964167E+01	
1.483509E+01	1.141961E+01	
1.461046E+01	3.080810E+00	
1.389304E+01	-5.250106E+00	
1.257527E+01	-1.342768E+01	
1.036154E+01	-2.119103E+01	
7.589008E+00	-2.739657E+01	
5.343052E+00	-3.205009E+01	
3.892076E+00	-3.622437E+01	
2.885147E+00	-4.006534E+01	
2.176622E+00	-4.359535E+01	
1.109943E+00	6.372572E+01	
1.851205E+00	6.165370E+01	
2.768497E+00	5.903404E+01	
3.947407E+00	5.580185E+01	
5.407220E+00	5.177731E+01	
7.004388E+00	4.679022E+01	
8.493640E+00	4.084191E+01	
9.681907E+00	3.412228E+01	
1.051528E+01	2.687682E+01	
1.100654E+01	1.926657E+01	
1.115432E+01	1.143055E+01	
1.094176E+01	3.507054E+00	
1.033528E+01	-4.352455E+00	
9.283878E+00	-1.195616E+01	
7.822735E+00	-1.898768E+01	
6.175397E+00	-2.518005E+01	
4.652287E+00	-3.049755E+01	
3.453632E+00	-3.512728E+01	
2.581545E+00	-3.928341E+01	
1.954926E+00	-4.304214E+01	
8.741885E-01	6.312646E+01	
1.449213E+00	6.093668E+01	
2.142831E+00	5.814015E+01	
2.981824E+00	5.467783E+01	
3.949663E+00	5.047367E+01	
4.970753E+00	4.547559E+01	
5.932439E+00	3.970560E+01	
6.734265E+00	3.326850E+01	
7.318245E+00	2.631324E+01	
7.662318E+00	1.899482E+01	
7.756974E+00	1.145987E+01	
7.590619E+00	3.856655E+00	
7.150225E+00	-3.655189E+00	
6.440504E+00	-1.089230E+01	
5.515720E+00	-1.766562E+01	
4.491626E+00	-2.383069E+01	
3.509920E+00	-2.934210E+01	
2.675260E+00	-3.424942E+01	
2.024089E+00	-3.863801E+01	
1.541524E+00	-4.257835E+01	
5.571647E-01	6.269697E+01	
9.183533E-01	6.042996E+01	
1.343958E+00	5.752765E+01	
1.841445E+00	5.395385E+01	
2.396899E+00	4.967436E+01	
2.972273E+00	4.467844E+01	
3.514942E+00	3.899840E+01	
3.974473E+00	3.271435E+01	
4.315100E+00	2.594279E+01	
4.516901E+00	1.881939E+01	
4.569473E+00	1.148807E+01	
4.466358E+00	4.097928E+00	
4.206220E+00	-3.195930E+00	
3.801196E+00	-1.023681E+01	
3.286263E+00	-1.688138E+01	
2.719251E+00	-2.302381E+01	
2.166047E+00	-2.861406E+01	
1.679177E+00	-3.365592E+01	
1.284557E+00	-3.818572E+01	
9.836209E-01	-4.224714E+01	
1.911333E-01	6.247360E+01	
3.139374E-01	6.016933E+01	
4.569374E-01	5.721967E+01	
6.215684E-01	5.359971E+01	
8.028757E-01	4.929174E+01	
9.892135E-01	4.429935E+01	
1.164870E+00	3.865916E+01	
1.314389E+00	3.244453E+01	
1.425954E+00	2.576042E+01	
1.492206E+00	1.873371E+01	
1.509048E+00	1.150433E+01	
1.474454E+00	4.219371E+00	
1.388910E+00	-2.971691E+00	
1.257510E+00	-9.924630E+00	
1.091941E+00	-1.651306E+01	
9.098723E-01	-2.264305E+01	
7.309295E-01	-2.826268E+01	
5.711821E-01	-3.336069E+01	
4.395233E-01	-3.795467E+01	
3.376626E-01	-4.207539E+01	
3.731629E-01	-3.073909E+01	
4.591188E-01	-2.617207E+01	
5.766462E-01	-2.123600E+01	
7.228634E-01	-1.590006E+01	
8.878906E-01	-1.014794E+01	
1.054994E+00	-3.993391E+00	
1.204332E+00	2.509105E+00	
1.318572E+00	9.263692E+00	
1.386883E+00	1.614420E+01	
1.405423E+00	2.300930E+01	
1.375153E+00	2.971598E+01	
1.299519E+00	3.612710E+01	
1.183702E+00	4.211605E+01	
1.035299E+00	4.757119E+01	
8.651201E-01	5.240255E+01	
6.863458E-01	5.654873E+01	
5.115856E-01	5.997971E+01	
3.493392E-01	6.269211E+01	
2.019333E-01	6.469828E+01	
6.590994E-02	6.590789E+01	
1.086859E+00	-3.087738E+01	
1.341494E+00	-2.637437E+01	
1.694998E+00	-2.150474E+01	
2.142382E+00	-1.622492E+01	
2.654657E+00	-1.050037E+01	
3.177109E+00	-4.330509E+00	
3.643101E+00	2.230893E+00	
3.995844E+00	9.074921E+00	
4.203095E+00	1.605741E+01	
4.256640E+00	2.302400E+01	
4.162343E+00	2.982584E+01	
3.931231E+00	3.632398E+01	
3.577424E+00	4.238879E+01	
3.122164E+00	4.790211E+01	
2.598387E+00	5.276558E+01	
2.049079E+00	5.691378E+01	
1.516592E+00	6.032190E+01	
1.028863E+00	6.299989E+01	
5.919554E-01	6.497482E+01	
1.927668E-01	6.616657E+01	
1.702912E+00	-3.114458E+01	
2.112937E+00	-2.677183E+01	
2.699823E+00	-2.204767E+01	
3.472494E+00	-1.690205E+01	
4.388949E+00	-1.125198E+01	
5.340093E+00	-5.052501E+00	
6.182432E+00	1.644555E+00	
6.802139E+00	8.688809E+00	
7.150197E+00	1.588822E+01	
7.229128E+00	2.306073E+01	
7.059961E+00	3.005259E+01	
6.662548E+00	3.672576E+01	
6.054418E+00	4.294895E+01	
5.262462E+00	4.858917E+01	
4.341106E+00	5.352365E+01	
3.376104E+00	5.767002E+01	
2.458466E+00	6.101579E+01	
1.644170E+00	6.360803E+01	
9.373221E-01	6.551044E+01	
3.040641E-01	6.666340E+01	
2.159067E+00	-3.151963E+01	
2.693710E+00	-2.734145E+01	
3.484475E+00	-2.285570E+01	
4.604791E+00	-1.798701E+01	
6.043912E+00	-1.252259E+01	
7.592722E+00	-6.281838E+00	
8.936307E+00	6.879681E-01	
9.854541E+00	8.107455E+00	
1.032221E+01	1.565385E+01	
1.040203E+01	2.313634E+01	
1.013909E+01	3.040907E+01	
9.562383E+00	3.734340E+01	
8.686784E+00	4.381504E+01	
7.515188E+00	4.968663E+01	
6.104127E+00	5.475861E+01	
4.618794E+00	5.888539E+01	
3.258113E+00	6.207873E+01	
2.129256E+00	6.448824E+01	
1.201541E+00	6.626479E+01	
3.881913E-01	6.735565E+01	
2.403493E+00	-3.196785E+01	
3.009596E+00	-2.803398E+01	
3.926103E+00	-2.387044E+01	
5.290056E+00	-1.945654E+01	
7.445108E+00	-1.464724E+01	
1.010229E+01	-8.363190E+00	
1.215808E+01	-6.300534E-01	
1.328801E+01	7.377310E+00	
1.380956E+01	1.539478E+01	
1.384574E+01	2.327941E+01	
1.346253E+01	3.091214E+01	
1.269568E+01	3.818389E+01	
1.155621E+01	4.498961E+01	
1.002015E+01	5.121972E+01	
7.953242E+00	5.670349E+01	
5.629800E+00	6.074928E+01	
3.741700E+00	6.346363E+01	
2.404841E+00	6.556906E+01	
1.347447E+00	6.716908E+01	
4.341592E-01	6.817800E+01	
2.405712E+00	-3.244276E+01	
3.013486E+00	-2.877295E+01	
3.933465E+00	-2.496796E+01	
5.304537E+00	-2.109404E+01	
7.477240E+00	-1.733749E+01	
5.656773E+00	6.301899E+01	
3.753862E+00	6.498493E+01	
2.410819E+00	6.672766E+01	
1.350200E+00	6.812849E+01	
4.349585E-01	6.904712E+01	
2.164858E+00	-3.289288E+01	
2.703837E+00	-2.946957E+01	
3.503485E+00	-2.599096E+01	
4.641742E+00	-2.258037E+01	
6.117926E+00	-1.950004E+01	
4.681488E+00	6.491482E+01	
3.289216E+00	6.638428E+01	
2.144720E+00	6.781585E+01	
1.208704E+00	6.903693E+01	
3.902713E-01	6.987235E+01	
1.710044E+00	-3.327099E+01	
2.125347E+00	-3.004574E+01	
2.722855E+00	-2.681194E+01	
3.515969E+00	-2.369076E+01	
4.470355E+00	-2.082022E+01	
3.445563E+00	6.617259E+01	
2.495146E+00	6.746920E+01	
1.662899E+00	6.870767E+01	
9.460824E-01	6.979794E+01	
3.066173E-01	7.056924E+01	
1.092609E+00	-3.354123E+01	
1.351451E+00	-3.044965E+01	
1.713260E+00	-2.736736E+01	
2.176026E+00	-2.439123E+01	
2.715325E+00	-2.161344E+01	
2.101083E+00	6.696485E+01	
1.545047E+00	6.818339E+01	
1.043726E+00	6.932705E+01	
5.989794E-01	7.034013E+01	
1.948215E-01	7.107068E+01	
3.753468E-01	-3.368140E+01	
4.629006E-01	-3.065588E+01	
5.835327E-01	-2.764357E+01	
7.353926E-01	-2.472964E+01	
9.101138E-01	-2.198905E+01	
7.054476E-01	6.735009E+01	
5.222069E-01	6.853743E+01	
3.549491E-01	6.964159E+01	
2.046074E-01	7.062067E+01	
6.669928E-02	7.133220E+01	
-3.753511E-01	-3.368140E+01	
-4.629056E-01	-3.065588E+01	
-5.835385E-01	-2.764357E+01	
-7.354001E-01	-2.472964E+01	
-9.101170E-01	-2.198905E+01	
-7.054364E-01	6.735009E+01	
-5.221898E-01	6.853742E+01	
-3.549319E-01	6.964159E+01	
-2.045930E-01	7.062067E+01	
-6.669296E-02	7.133220E+01	
-1.092617E+00	-3.354123E+01	
-1.351460E+00	-3.044965E+01	
-1.713269E+00	-2.736735E+01	
-2.176031E+00	-2.439123E+01	
-2.715325E+00	-2.161345E+01	
-2.101079E+00	6.696485E+01	
-1.545040E+00	6.818338E+01	
-1.043711E+00	6.932705E+01	
-5.989646E-01	7.034013E+01	
-1.948152E-01	7.107070E+01	
-1.710053E+00	-3.327098E+01	
-2.125360E+00	-3.004574E+01	
-2.722867E+00	-2.681194E+01	
-3.515981E+00	-2.369077E+01	
-4.470364E+00	-2.082024E+01	
-3.445562E+00	6.617259E+01	
-2.495143E+00	6.746918E+01	
-1.662898E+00	6.870767E+01	
-9.460881E-01	6.979795E+01	
-3.066220E-01	7.056926E+01	
-2.164872E+00	-3.289286E+01	
-2.703858E+00	-2.946957E+01	
-3.503508E+00	-2.599096E+01	
-4.641764E+00	-2.258038E+01	
-6.117946E+00	-1.950006E+01	
-4.681491E+00	6.491482E+01	
-3.289218E+00	6.638427E+01	
-2.144721E+00	6.781585E+01	
-1.208700E+00	6.903695E+01	
-3.902675E-01	6.987237E+01	
-2.405723E+00	-3.244274E+01	
-3.013493E+00	-2.877294E+01	
-3.933473E+00	-2.496796E+01	
-5.304545E+00	-2.109405E+01	
-7.477253E+00	-1.733750E+01	
-5.656788E+00	6.301898E+01	
-3.753877E+00	6.498492E+01	
-2.410829E+00	6.672765E+01	
-1.350205E+00	6.812850E+01	
-4.349616E-01	6.904714E+01	
-2.403511E+00	-3.196783E+01	
-3.009618E+00	-2.803397E+01	
-3.926130E+00	-2.387044E+01	
-5.290083E+00	-1.945654E+01	
-7.445136E+00	-1.464725E+01	
-1.010232E+01	-8.363202E+00	
-1.215811E+01	-6.300570E-01	
-1.328804E+01	7.377323E+00	
-1.380957E+01	1.539478E+01	
-1.384575E+01	2.327941E+01	
-1.346253E+01	3.091214E+01	
-1.269568E+01	3.818389E+01	
-1.155622E+01	4.498961E+01	
-1.002016E+01	5.121971E+01	
-7.953254E+00	5.670348E+01	
-5.629822E+00	6.074927E+01	
-3.741719E+00	6.346361E+01	
-2.404857E+00	6.556905E+01	
-1.347461E+00	6.716908E+01	
-4.341641E-01	6.817801E+01	
-2.159070E+00	-3.151962E+01	
-2.693711E+00	-2.734144E+01	
-3.484482E+00	-2.285569E+01	
-4.604808E+00	-1.798701E+01	
-6.043934E+00	-1.252260E+01	
-7.592747E+00	-6.281852E+00	
-8.936334E+00	6.879686E-01	
-9.854570E+00	8.107459E+00	
-1.032223E+01	1.565384E+01	
-1.040205E+01	2.313634E+01	
-1.013911E+01	3.040906E+01	
-9.562393E+00	3.734339E+01	
-8.686784E+00	4.381504E+01	
-7.515198E+00	4.968663E+01	
-6.104144E+00	5.475860E+01	
-4.618816E+00	5.888539E+01	
-3.258144E+00	6.207872E+01	
-2.129282E+00	6.448822E+01	
-1.201551E+00	6.626479E+01	
-3.881932E-01	6.735566E+01	
-1.702926E+00	-3.114457E+01	
-2.112955E+00	-2.677181E+01	
-2.699844E+00	-2.204766E+01	
-3.472518E+00	-1.690205E+01	
-4.388971E+00	-1.125198E+01	
-5.340113E+00	-5.052512E+00	
-6.182450E+00	1.644553E+00	
-6.802153E+00	8.688812E+00	
-7.150209E+00	1.588820E+01	
-7.229135E+00	2.306072E+01	
-7.059955E+00	3.005256E+01	
-6.662537E+00	3.672575E+01	
-6.054414E+00	4.294895E+01	
-5.262462E+00	4.858918E+01	
-4.341112E+00	5.352364E+01	
-3.376119E+00	5.767002E+01	
-2.458480E+00	6.101578E+01	
-1.644183E+00	6.360800E+01	
-9.373351E-01	6.551042E+01	
-3.040691E-01	6.666340E+01	
-1.086856E+00	-3.087736E+01	
-1.341493E+00	-2.637435E+01	
-1.694997E+00	-2.150473E+01	
-2.142385E+00	-1.622492E+01	
-2.654666E+00	-1.050038E+01	
-3.177124E+00	-4.330513E+00	
-3.643123E+00	2.230889E+00	
-3.995867E+00	9.074923E+00	
-4.203116E+00	1.605740E+01	
-4.256658E+00	2.302400E+01	
-4.162356E+00	2.982581E+01	
-3.931237E+00	3.632397E+01	
-3.577428E+00	4.238880E+01	
-3.122170E+00	4.790212E+01	
-2.598402E+00	5.276559E+01	
-2.049098E+00	5.691378E+01	
-1.516606E+00	6.032188E+01	
-1.028877E+00	6.299987E+01	
-5.919633E-01	6.497480E+01	
-1.927669E-01	6.616656E+01	
-3.731638E-01	-3.073907E+01	
-4.591338E-01	-2.617204E+01	
-5.766618E-01	-2.123600E+01	
-7.228723E-01	-1.590004E+01	
-8.878950E-01	-1.014795E+01	
-1.054992E+00	-3.993387E+00	
-1.204324E+00	2.509093E+00	
-1.318557E+00	9.263698E+00	
-1.386877E+00	1.614419E+01	
-1.405418E+00	2.300929E+01	
-1.375143E+00	2.971594E+01	
-1.299514E+00	3.612709E+01	
-1.183699E+00	4.211606E+01	
-1.035297E+00	4.757120E+01	
-8.651194E-01	5.240256E+01	
-6.863439E-01	5.654873E+01	
-5.115910E-01	5.997969E+01	
-3.493451E-01	6.269208E+01	
-2.019361E-01	6.469826E+01	
-6.591254E-02	6.590788E+01	
3.170952E-01	-3.497050E+01	
2.872751E-01	-3.889589E+01	
2.790260E-01	-4.253842E+01	
2.861100E-01	-4.591258E+01	
3.000256E-01	-4.901992E+01	
3.105877E-01	-5.184448E+01	
3.082313E-01	-5.435146E+01	
2.868687E-01	-5.649141E+01	
2.455486E-01	-5.821014E+01	
1.881099E-01	-5.945928E+01	
1.214608E-01	-6.020501E+01	
5.361867E-02	-6.043211E+01	
-8.033680E-03	-6.014462E+01	
-5.837700E-02	-5.936289E+01	
-9.593829E-02	-5.811730E+01	
-1.233880E-01	-5.643997E+01	
-1.466465E-01	-5.435661E+01	
-1.730373E-01	-5.188162E+01	
-2.096440E-01	-4.901708E+01	
-2.626725E-01	-4.575426E+01	
9.229542E-01	-3.505217E+01	
8.379855E-01	-3.892900E+01	
8.190550E-01	-4.253249E+01	
8.488631E-01	-4.588162E+01	
9.016280E-01	-4.898420E+01	
9.440301E-01	-5.182724E+01	
9.437182E-01	-5.437137E+01	
8.804597E-01	-5.655612E+01	
7.521788E-01	-5.831503E+01	
5.726396E-01	-5.959137E+01	
3.645973E-01	-6.034761E+01	
1.536021E-01	-6.056834E+01	
-3.665214E-02	-6.026030E+01	
-1.891014E-01	-5.945001E+01	
-2.985267E-01	-5.817716E+01	
-3.739935E-01	-5.648302E+01	
-4.356260E-01	-5.439845E+01	
-5.074065E-01	-5.193795E+01	
-6.110176E-01	-4.910097E+01	
-7.643835E-01	-4.587676E+01	
1.444523E+00	-3.520727E+01	
1.316273E+00	-3.898712E+01	
1.301752E+00	-4.250782E+01	
1.379572E+00	-4.579866E+01	
1.507613E+00	-4.888635E+01	
1.619084E+00	-5.177122E+01	
1.643397E+00	-5.440339E+01	
1.539126E+00	-5.669163E+01	
1.307853E+00	-5.853908E+01	
9.825324E-01	-5.987219E+01	
6.079413E-01	-6.064943E+01	
2.299625E-01	-6.085550E+01	
-1.069878E-01	-6.050035E+01	
-3.671950E-01	-5.962262E+01	
-5.375031E-01	-5.828429E+01	
-6.370388E-01	-5.655090E+01	
-7.101573E-01	-5.446533E+01	
-8.050618E-01	-5.203776E+01	
-9.584124E-01	-4.925812E+01	
-1.195906E+00	-4.611047E+01	
1.829372E+00	-3.542030E+01	
1.673262E+00	-3.905845E+01	
1.676233E+00	-4.244805E+01	
1.838023E+00	-4.561882E+01	
2.117188E+00	-4.865898E+01	
2.383850E+00	-5.162045E+01	
2.480441E+00	-5.443325E+01	
2.325179E+00	-5.692130E+01	
1.950489E+00	-5.891537E+01	
1.435346E+00	-6.033636E+01	
8.505303E-01	-6.114466E+01	
2.627737E-01	-6.132600E+01	
-2.604611E-01	-6.089003E+01	
-6.467725E-01	-5.987946E+01	
-8.545529E-01	-5.840554E+01	
-9.226210E-01	-5.659725E+01	
-9.512312E-01	-5.452071E+01	
-1.034800E+00	-5.216086E+01	
-1.216547E+00	-4.947013E+01	
-1.513944E+00	-4.643336E+01	
2.034882E+00	-3.567039E+01	
1.865761E+00	-3.913359E+01	
1.885481E+00	-4.235022E+01	
2.117873E+00	-4.532247E+01	
2.683607E+00	-4.811044E+01	
3.367676E+00	-5.121826E+01	
3.606346E+00	-5.450017E+01	
3.311610E+00	-5.730437E+01	
2.717965E+00	-5.950063E+01	
1.947217E+00	-6.103699E+01	
1.090941E+00	-6.188512E+01	
2.313383E-01	-6.203290E+01	
-5.460791E-01	-6.148378E+01	
-1.135760E+00	-6.026170E+01	
-1.353278E+00	-5.844860E+01	
-1.219947E+00	-5.648892E+01	
-1.099777E+00	-5.453747E+01	
-1.162423E+00	-5.229031E+01	
-1.355104E+00	-4.971510E+01	
-1.683579E+00	-4.681425E+01	
2.036413E+00	-3.593340E+01	
1.867281E+00	-3.920884E+01	
1.887684E+00	-4.223484E+01	
2.121858E+00	-4.497128E+01	
2.692525E+00	-4.732523E+01	
-1.222285E+00	-5.625174E+01	
-1.100793E+00	-5.453299E+01	
-1.163132E+00	-5.241977E+01	
-1.355869E+00	-4.997106E+01	
-1.684749E+00	-4.721565E+01	
1.833371E+00	-3.618406E+01	
1.677218E+00	-3.928346E+01	
1.681913E+00	-4.213512E+01	
1.848153E+00	-4.467059E+01	
2.137153E+00	-4.676625E+01	
-9.273625E-01	-5.614077E+01	
-9.537811E-01	-5.454888E+01	
-1.036626E+00	-5.254907E+01	
-1.218545E+00	-5.021642E+01	
-1.517001E+00	-4.759762E+01	
1.449452E+00	-3.639802E+01	
1.321127E+00	-3.935398E+01	
1.308620E+00	-4.207242E+01	
1.391379E+00	-4.448429E+01	
1.529030E+00	-4.652590E+01	
-6.416511E-01	-5.618439E+01	
-7.130365E-01	-5.460307E+01	
-8.072641E-01	-5.267195E+01	
-9.608688E-01	-5.042906E+01	
-1.199677E+00	-4.792225E+01	
9.269347E-01	-3.655405E+01	
8.418845E-01	-3.941133E+01	
8.244891E-01	-4.204497E+01	
8.579271E-01	-4.439554E+01	
9.173192E-01	-4.641761E+01	
-3.771328E-01	-5.625047E+01	
-4.377718E-01	-5.466901E+01	
-5.091439E-01	-5.277161E+01	
-6.129971E-01	-5.058686E+01	
-7.674313E-01	-4.815770E+01	
3.186089E-01	-3.663630E+01	
2.887564E-01	-3.944398E+01	
2.810728E-01	-4.203740E+01	
2.894721E-01	-4.436128E+01	
3.057278E-01	-4.637622E+01	
-1.244882E-01	-5.629269E+01	
-1.474318E-01	-5.471038E+01	
-1.736942E-01	-5.282788E+01	
-2.104009E-01	-5.067115E+01	
-2.638374E-01	-4.828127E+01	
-3.186119E-01	-3.663630E+01	
-2.887555E-01	-3.944398E+01	
-2.810698E-01	-4.203740E+01	
-2.894698E-01	-4.436128E+01	
-3.057253E-01	-4.637622E+01	
1.244762E-01	-5.629269E+01	
1.474205E-01	-5.471038E+01	
1.736843E-01	-5.282788E+01	
2.103908E-01	-5.067115E+01	
2.638269E-01	-4.828127E+01	
-9.269364E-01	-3.655404E+01	
-8.418809E-01	-3.941132E+01	
-8.244811E-01	-4.204497E+01	
-8.579204E-01	-4.439555E+01	
-9.173210E-01	-4.641761E+01	
3.771171E-01	-5.625048E+01	
4.377561E-01	-5.466901E+01	
5.091308E-01	-5.277161E+01	
6.129862E-01	-5.058686E+01	
7.674195E-01	-4.815770E+01	
-1.449453E+00	-3.639801E+01	
-1.321123E+00	-3.935397E+01	
-1.308616E+00	-4.207242E+01	
-1.391379E+00	-4.448430E+01	
-1.529034E+00	-4.652591E+01	
6.416339E-01	-5.618440E+01	
7.130181E-01	-5.460306E+01	
8.072478E-01	-5.267195E+01	
9.608548E-01	-5.042906E+01	
1.199662E+00	-4.792226E+01	
-1.833380E+00	-3.618404E+01	
-1.677223E+00	-3.928345E+01	
-1.681915E+00	-4.213512E+01	
-1.848157E+00	-4.467060E+01	
-2.137160E+00	-4.676626E+01	
9.273471E-01	-5.614078E+01	
9.537644E-01	-5.454888E+01	
1.036607E+00	-5.254906E+01	
1.218524E+00	-5.021642E+01	
1.516979E+00	-4.759763E+01	
-2.036427E+00	-3.593337E+01	
-1.867292E+00	-3.920882E+01	
-1.887691E+00	-4.223484E+01	
-2.121862E+00	-4.497130E+01	
-2.692528E+00	-4.732524E+01	
1.222274E+00	-5.625174E+01	
1.100778E+00	-5.453299E+01	
1.163111E+00	-5.241977E+01	
1.355840E+00	-4.997106E+01	
1.684716E+00	-4.721566E+01	
-2.034899E+00	-3.567037E+01	
-1.865776E+00	-3.913357E+01	
-1.885492E+00	-4.235021E+01	
-2.117881E+00	-4.532249E+01	
-2.683608E+00	-4.811044E+01	
-3.367677E+00	-5.121826E+01	
-3.606350E+00	-5.450017E+01	
-3.311614E+00	-5.730437E+01	
-2.717964E+00	-5.950063E+01	
-1.947211E+00	-6.103699E+01	
-1.090933E+00	-6.188512E+01	
-2.313356E-01	-6.203290E+01	
5.460729E-01	-6.148379E+01	
1.135749E+00	-6.026172E+01	
1.353269E+00	-5.844862E+01	
1.219937E+00	-5.648893E+01	
1.099761E+00	-5.453747E+01	
1.162399E+00	-5.229032E+01	
1.355072E+00	-4.971511E+01	
1.683540E+00	-4.681426E+01	
-1.829382E+00	-3.542029E+01	
-1.673277E+00	-3.905842E+01	
-1.676249E+00	-4.244804E+01	
-1.838033E+00	-4.561883E+01	
-2.117190E+00	-4.865899E+01	
-2.383850E+00	-5.162045E+01	
-2.480442E+00	-5.443325E+01	
-2.325178E+00	-5.692129E+01	
-1.950485E+00	-5.891536E+01	
-1.435342E+00	-6.033636E+01	
-8.505288E-01	-6.114466E+01	
-2.627765E-01	-6.132601E+01	
2.604533E-01	-6.089004E+01	
6.467636E-01	-5.987948E+01	
8.545444E-01	-5.840556E+01	
9.226117E-01	-5.659726E+01	
9.512173E-01	-5.452072E+01	
1.034779E+00	-5.216088E+01	
1.216519E+00	-4.947015E+01	
1.513907E+00	-4.643338E+01	
-1.444530E+00	-3.520725E+01	
-1.316281E+00	-3.898710E+01	
-1.301761E+00	-4.250781E+01	
-1.379579E+00	-4.579866E+01	
-1.507616E+00	-4.888635E+01	
-1.619084E+00	-5.177121E+01	
-1.643393E+00	-5.440339E+01	
-1.539122E+00	-5.669162E+01	
-1.307851E+00	-5.853907E+01	
-9.825333E-01	-5.987219E+01	
-6.079459E-01	-6.064943E+01	
-2.299681E-01	-6.085551E+01	
1.069830E-01	-6.050036E+01	
3.671913E-01	-5.962264E+01	
5.374982E-01	-5.828431E+01	
6.370294E-01	-5.655091E+01	
7.101445E-01	-5.446535E+01	
8.050453E-01	-5.203779E+01	
9.583893E-01	-4.925815E+01	
1.195874E+00	-4.611050E+01	
-9.229550E-01	-3.505216E+01	
-8.379901E-01	-3.892898E+01	
-8.190597E-01	-4.253248E+01	
-8.488680E-01	-4.588161E+01	
-9.016273E-01	-4.898419E+01	
-9.440268E-01	-5.182724E+01	
-9.437139E-01	-5.437136E+01	
-8.804552E-01	-5.655612E+01	
-7.521784E-01	-5.831503E+01	
-5.726407E-01	-5.959138E+01	
-3.646018E-01	-6.034762E+01	
-1.536056E-01	-6.056835E+01	
3.664889E-02	-6.026031E+01	
1.890993E-01	-5.945003E+01	
2.985234E-01	-5.817719E+01	
3.739853E-01	-5.648304E+01	
4.356140E-01	-5.439847E+01	
5.073906E-01	-5.193798E+01	
6.110005E-01	-4.910100E+01	
7.643638E-01	-4.587680E+01	
-3.170937E-01	-3.497049E+01	
-2.872738E-01	-3.889587E+01	
-2.790250E-01	-4.253841E+01	
-2.861110E-01	-4.591257E+01	
-3.000252E-01	-4.901991E+01	
-3.105849E-01	-5.184449E+01	
-3.082268E-01	-5.435144E+01	
-2.868665E-01	-5.649142E+01	
-2.455494E-01	-5.821013E+01	
-1.881105E-01	-5.945930E+01	
-1.214614E-01	-6.020501E+01	
-5.361815E-02	-6.043211E+01	
8.034330E-03	-6.014464E+01	
5.837627E-02	-5.936291E+01	
9.593687E-02	-5.811733E+01	
1.233851E-01	-5.643999E+01	
1.466408E-01	-5.435664E+01	
1.730308E-01	-5.188165E+01	
2.096367E-01	-4.901712E+01	
2.626648E-01	-4.575429E+01	
