flux
2
3200
5.719202E-01	-8.057096E+00	
7.319515E-01	-7.647242E+00	
8.617577E-01	-7.180300E+00	
9.679636E-01	-6.654769E+00	
1.050141E+00	-6.073554E+00	
1.105331E+00	-5.440501E+00	
1.128387E+00	-4.759774E+00	
1.111106E+00	-4.035216E+00	
1.039347E+00	-3.268901E+00	
8.790920E-01	-2.451634E+00	
4.470998E-01	-8.204390E+00	
5.590137E-01	-7.771893E+00	
6.577243E-01	-7.284166E+00	
7.383524E-01	-6.737737E+00	
7.991147E-01	-6.133525E+00	
8.371381E-01	-5.473743E+00	
8.481690E-01	-4.760619E+00	
8.262257E-01	-3.995147E+00	
7.632691E-01	-3.174255E+00	
6.592212E-01	-2.281977E+00	
3.217713E-01	-8.300991E+00	
3.962724E-01	-7.861707E+00	
4.635549E-01	-7.360345E+00	
5.193273E-01	-6.797959E+00	
5.607394E-01	-6.175478E+00	
5.852633E-01	-5.494338E+00	
5.899408E-01	-4.755733E+00	
5.715294E-01	-3.959678E+00	
5.283940E-01	-3.103632E+00	
4.637988E-01	-2.183957E+00	
1.940258E-01	-8.361448E+00	
2.369064E-01	-7.918632E+00	
2.758717E-01	-7.409668E+00	
3.083432E-01	-6.836880E+00	
3.322919E-01	-6.201918E+00	
3.459769E-01	-5.506108E+00	
3.477401E-01	-4.750404E+00	
3.362981E-01	-3.935154E+00	
3.116578E-01	-3.060380E+00	
2.761639E-01	-2.127119E+00	
6.482313E-02	-8.390715E+00	
7.884154E-02	-7.946264E+00	
9.159692E-02	-7.433756E+00	
1.022400E-01	-6.855906E+00	
1.100610E-01	-6.214661E+00	
1.144548E-01	-5.511443E+00	
1.148996E-01	-4.747277E+00	
1.110689E-01	-3.923009E+00	
1.030836E-01	-3.039900E+00	
9.175084E-02	-2.100773E+00	
-6.484425E-02	-8.390716E+00	
-7.885820E-02	-7.946267E+00	
-9.160726E-02	-7.433760E+00	
-1.022461E-01	-6.855907E+00	
-1.100676E-01	-6.214660E+00	
-1.144643E-01	-5.511441E+00	
-1.149121E-01	-4.747275E+00	
-1.110841E-01	-3.923007E+00	
-1.030989E-01	-3.039901E+00	
-9.176130E-02	-2.100777E+00	
-1.940420E-01	-8.361450E+00	
-2.369222E-01	-7.918639E+00	
-2.758846E-01	-7.409677E+00	
-3.083538E-01	-6.836882E+00	
-3.323021E-01	-6.201915E+00	
-3.459865E-01	-5.506105E+00	
-3.477475E-01	-4.750402E+00	
-3.363048E-01	-3.935151E+00	
-3.116662E-01	-3.060381E+00	
-2.761737E-01	-2.127127E+00	
-3.217870E-01	-8.300990E+00	
-3.962906E-01	-7.861715E+00	
-4.635716E-01	-7.360357E+00	
-5.193422E-01	-6.797962E+00	
-5.607531E-01	-6.175476E+00	
-5.852733E-01	-5.494340E+00	
-5.899443E-01	-4.755736E+00	
-5.715298E-01	-3.959675E+00	
-5.283984E-01	-3.103628E+00	
-4.638103E-01	-2.183961E+00	
-4.471143E-01	-8.204385E+00	
-5.590295E-01	-7.771901E+00	
-6.577378E-01	-7.284181E+00	
-7.383630E-01	-6.737742E+00	
-7.991244E-01	-6.133524E+00	
-8.371464E-01	-5.473750E+00	
-8.481737E-01	-4.760627E+00	
-8.262288E-01	-3.995142E+00	
-7.632758E-01	-3.174245E+00	
-6.592343E-01	-2.281973E+00	
-5.719274E-01	-8.057093E+00	
-7.319541E-01	-7.647252E+00	
-8.617596E-01	-7.180317E+00	
-9.679650E-01	-6.654775E+00	
-1.050142E+00	-6.073552E+00	
-1.105333E+00	-5.440509E+00	
-1.128390E+00	-4.759784E+00	
-1.111111E+00	-4.035210E+00	
-1.039355E+00	-3.268886E+00	
-8.791023E-01	-2.451627E+00	
-6.195902E-01	-7.924108E+00	
-7.883147E-01	-7.469933E+00	
-9.220154E-01	-6.961423E+00	
-1.029163E+00	-6.396574E+00	
-1.110092E+00	-5.778422E+00	
-1.162291E+00	-5.111027E+00	
-1.180890E+00	-4.398773E+00	
-1.157846E+00	-3.645698E+00	
-1.079048E+00	-2.854031E+00	
-9.101139E-01	-2.014514E+00	
-4.828506E-01	-8.080607E+00	
-6.004082E-01	-7.599716E+00	
-7.025314E-01	-7.067463E+00	
-7.843504E-01	-6.479500E+00	
-8.445188E-01	-5.836594E+00	
-8.804828E-01	-5.141018E+00	
-8.882165E-01	-4.395114E+00	
-8.618939E-01	-3.599990E+00	
-7.935800E-01	-2.752626E+00	
-6.834653E-01	-1.836872E+00	
-3.469231E-01	-8.182526E+00	
-4.249270E-01	-7.693358E+00	
-4.945467E-01	-7.145564E+00	
-5.513181E-01	-6.539990E+00	
-5.924796E-01	-5.877434E+00	
-6.156737E-01	-5.159336E+00	
-6.180993E-01	-4.386955E+00	
-5.966577E-01	-3.560385E+00	
-5.498730E-01	-2.677132E+00	
-4.812413E-01	-1.733618E+00	
-2.090017E-01	-8.246067E+00	
-2.538069E-01	-7.752627E+00	
-2.941059E-01	-7.196214E+00	
-3.271949E-01	-6.579200E+00	
-3.510459E-01	-5.903236E+00	
-3.639867E-01	-5.169668E+00	
-3.644476E-01	-4.379509E+00	
-3.512424E-01	-3.533184E+00	
-3.244907E-01	-2.630797E+00	
-2.866744E-01	-1.673506E+00	
-6.980114E-02	-8.276762E+00	
-8.443103E-02	-7.781367E+00	
-9.761349E-02	-7.220955E+00	
-1.084572E-01	-6.598392E+00	
-1.162496E-01	-5.915689E+00	
-1.204035E-01	-5.174311E+00	
-1.204237E-01	-4.375348E+00	
-1.160161E-01	-3.519733E+00	
-1.073406E-01	-2.608821E+00	
-9.524798E-02	-1.645572E+00	
6.981952E-02	-8.276758E+00	
8.445560E-02	-7.781364E+00	
9.764570E-02	-7.220951E+00	
1.084992E-01	-6.598387E+00	
1.162994E-01	-5.915686E+00	
1.204572E-01	-5.174310E+00	
1.204799E-01	-4.375346E+00	
1.160756E-01	-3.519731E+00	
1.074006E-01	-2.608822E+00	
9.530463E-02	-1.645575E+00	
2.090210E-01	-8.246055E+00	
2.538348E-01	-7.752617E+00	
2.941405E-01	-7.196202E+00	
3.272347E-01	-6.579188E+00	
3.510894E-01	-5.903229E+00	
3.640320E-01	-5.169666E+00	
3.644949E-01	-4.379505E+00	
3.512938E-01	-3.533178E+00	
3.245452E-01	-2.630799E+00	
2.867282E-01	-1.673511E+00	
3.469411E-01	-8.182505E+00	
4.249551E-01	-7.693340E+00	
4.945815E-01	-7.145547E+00	
5.513553E-01	-6.539975E+00	
5.925165E-01	-5.877426E+00	
6.157101E-01	-5.159333E+00	
6.181374E-01	-4.386948E+00	
5.966993E-01	-3.560375E+00	
5.499190E-01	-2.677131E+00	
4.812879E-01	-1.733627E+00	
4.828680E-01	-8.080577E+00	
6.004322E-01	-7.599689E+00	
7.025613E-01	-7.067442E+00	
7.843827E-01	-6.479485E+00	
8.445511E-01	-5.836587E+00	
8.805145E-01	-5.141015E+00	
8.882474E-01	-4.395105E+00	
8.619272E-01	-3.599975E+00	
7.936163E-01	-2.752622E+00	
6.835007E-01	-1.836883E+00	
6.196121E-01	-7.924078E+00	
7.883365E-01	-7.469900E+00	
9.220409E-01	-6.961397E+00	
1.029190E+00	-6.396559E+00	
1.110120E+00	-5.778415E+00	
1.162319E+00	-5.111025E+00	
1.180918E+00	-4.398763E+00	
1.157874E+00	-3.645681E+00	
1.079073E+00	-2.854028E+00	
9.101360E-01	-2.014529E+00	
6.621703E-01	7.767310E+00	
8.378959E-01	7.269984E+00	
9.734821E-01	6.721203E+00	
1.079066E+00	6.118446E+00	
1.155554E+00	5.464823E+00	
1.200606E+00	4.764572E+00	
1.209274E+00	4.022191E+00	
1.173214E+00	3.241885E+00	
1.077693E+00	2.425925E+00	
8.871584E-01	1.564854E+00	
5.142152E-01	7.931578E+00	
6.359909E-01	7.403217E+00	
7.397649E-01	6.827330E+00	
8.205516E-01	6.198688E+00	
8.772673E-01	5.517784E+00	
9.074349E-01	4.786831E+00	
9.069474E-01	4.008114E+00	
8.697024E-01	3.182658E+00	
7.872758E-01	2.307204E+00	
6.593300E-01	1.365094E+00	
3.686968E-01	8.037690E+00	
4.491173E-01	7.499302E+00	
5.197105E-01	6.905613E+00	
5.757371E-01	6.257219E+00	
6.143860E-01	5.554618E+00	
6.332930E-01	4.799072E+00	
6.295612E-01	3.991653E+00	
5.998876E-01	3.132200E+00	
5.424864E-01	2.217834E+00	
4.604306E-01	1.244462E+00	
2.218640E-01	8.103529E+00	
2.679119E-01	7.559931E+00	
3.086850E-01	6.956350E+00	
3.412871E-01	6.295111E+00	
3.635981E-01	5.577686E+00	
3.738964E-01	4.805209E+00	
3.705486E-01	3.978436E+00	
3.522405E-01	3.097435E+00	
3.188865E-01	2.161844E+00	
2.727037E-01	1.172214E+00	
7.407223E-02	8.135250E+00	
8.908837E-02	7.589274E+00	
1.024130E-01	6.981105E+00	
1.130859E-01	6.313631E+00	
1.203572E-01	5.588748E+00	
1.236174E-01	4.807705E+00	
1.223432E-01	3.971318E+00	
1.162005E-01	3.080103E+00	
1.052869E-01	2.134909E+00	
9.035139E-02	1.138031E+00	
-7.402732E-02	8.135255E+00	
-8.903410E-02	7.589278E+00	
-1.023517E-01	6.981108E+00	
-1.130237E-01	6.313629E+00	
-1.202999E-01	5.588745E+00	
-1.235704E-01	4.807698E+00	
-1.223103E-01	3.971311E+00	
-1.161795E-01	3.080098E+00	
-1.052697E-01	2.134910E+00	
-9.033329E-02	1.138031E+00	
-2.218183E-01	8.103542E+00	
-2.678621E-01	7.559941E+00	
-3.086300E-01	6.956359E+00	
-3.412288E-01	6.295107E+00	
-3.635446E-01	5.577676E+00	
-3.738540E-01	4.805188E+00	
-3.705176E-01	3.978418E+00	
-3.522162E-01	3.097423E+00	
-3.188689E-01	2.161841E+00	
-2.726867E-01	1.172218E+00	
-3.686573E-01	8.037708E+00	
-4.490730E-01	7.499316E+00	
-5.196593E-01	6.905630E+00	
-5.756864E-01	6.257210E+00	
-6.143379E-01	5.554606E+00	
-6.332478E-01	4.799039E+00	
-6.295298E-01	3.991621E+00	
-5.998674E-01	3.132183E+00	
-5.424638E-01	2.217832E+00	
-4.604119E-01	1.244461E+00	
-5.141799E-01	7.931596E+00	
-6.359561E-01	7.403236E+00	
-7.397336E-01	6.827346E+00	
-8.205236E-01	6.198676E+00	
-8.772393E-01	5.517772E+00	
-9.074113E-01	4.786790E+00	
-9.069224E-01	4.008076E+00	
-8.696776E-01	3.182636E+00	
-7.872601E-01	2.307201E+00	
-6.593138E-01	1.365091E+00	
-6.621403E-01	7.767322E+00	
-8.378681E-01	7.270005E+00	
-9.734560E-01	6.721212E+00	
-1.079042E+00	6.118435E+00	
-1.155530E+00	5.464810E+00	
-1.200579E+00	4.764532E+00	
-1.209246E+00	4.022157E+00	
-1.173185E+00	3.241860E+00	
-1.077665E+00	2.425914E+00	
-8.871411E-01	1.564848E+00	
-5.226594E-01	8.166368E+00	
-6.734998E-01	7.802075E+00	
-7.990111E-01	7.378085E+00	
-9.039534E-01	6.893402E+00	
-9.871335E-01	6.350825E+00	
-1.045150E+00	5.753983E+00	
-1.072587E+00	5.106786E+00	
-1.061110E+00	4.412857E+00	
-9.965944E-01	3.674129E+00	
-8.454821E-01	2.881510E+00	
-4.101312E-01	8.304000E+00	
-5.160498E-01	7.921202E+00	
-6.110336E-01	7.479453E+00	
-6.902207E-01	6.976163E+00	
-7.513960E-01	6.412420E+00	
-7.913633E-01	5.790372E+00	
-8.056470E-01	5.112118E+00	
-7.881311E-01	4.378532E+00	
-7.307072E-01	3.586515E+00	
-6.330303E-01	2.720334E+00	
-2.957514E-01	8.394983E+00	
-3.665147E-01	8.006901E+00	
-4.312452E-01	7.553468E+00	
-4.858435E-01	7.035934E+00	
-5.273789E-01	6.455360E+00	
-5.531516E-01	5.813172E+00	
-5.600507E-01	5.110501E+00	
-5.447109E-01	4.347293E+00	
-5.053494E-01	3.520969E+00	
-4.449835E-01	2.627838E+00	
-1.785293E-01	8.452167E+00	
-2.193496E-01	8.061301E+00	
-2.568540E-01	7.601303E+00	
-2.885989E-01	7.074441E+00	
-3.125625E-01	6.482351E+00	
-3.269413E-01	5.826332E+00	
-3.299939E-01	5.107292E+00	
-3.203469E-01	4.325515E+00	
-2.978953E-01	3.480934E+00	
-2.648338E-01	2.574446E+00	
-5.967928E-02	8.479912E+00	
-7.303754E-02	8.087734E+00	
-8.531555E-02	7.624652E+00	
-9.571183E-02	7.093233E+00	
-1.035294E-01	6.495340E+00	
-1.081469E-01	5.832339E+00	
-1.090156E-01	5.105207E+00	
-1.057781E-01	4.314717E+00	
-9.851291E-02	3.462015E+00	
-8.797475E-02	2.549765E+00	
5.969030E-02	8.479913E+00	
7.304806E-02	8.087733E+00	
8.532881E-02	7.624650E+00	
9.572977E-02	7.093231E+00	
1.035504E-01	6.495339E+00	
1.081692E-01	5.832339E+00	
1.090366E-01	5.105209E+00	
1.057915E-01	4.314722E+00	
9.851475E-02	3.462021E+00	
8.796704E-02	2.549768E+00	
1.785424E-01	8.452171E+00	
2.193603E-01	8.061300E+00	
2.568633E-01	7.601299E+00	
2.886084E-01	7.074436E+00	
3.125753E-01	6.482347E+00	
3.269571E-01	5.826331E+00	
3.300100E-01	5.107297E+00	
3.203593E-01	4.325530E+00	
2.979005E-01	3.480949E+00	
2.648327E-01	2.574456E+00	
2.957630E-01	8.394990E+00	
3.665227E-01	8.006903E+00	
4.312508E-01	7.553465E+00	
4.858480E-01	7.035928E+00	
5.273839E-01	6.455352E+00	
5.531591E-01	5.813168E+00	
5.600592E-01	5.110506E+00	
5.447179E-01	4.347313E+00	
5.053538E-01	3.520990E+00	
4.449882E-01	2.627849E+00	
4.101406E-01	8.304012E+00	
5.160550E-01	7.921207E+00	
6.110348E-01	7.479454E+00	
6.902180E-01	6.976159E+00	
7.513914E-01	6.412412E+00	
7.913580E-01	5.790367E+00	
8.056429E-01	5.112123E+00	
7.881286E-01	4.378552E+00	
7.307078E-01	3.586536E+00	
6.330392E-01	2.720337E+00	
5.226712E-01	8.166386E+00	
6.735085E-01	7.802082E+00	
7.990198E-01	7.378088E+00	
9.039602E-01	6.893401E+00	
9.871359E-01	6.350820E+00	
1.045149E+00	5.753978E+00	
1.072584E+00	5.106791E+00	
1.061106E+00	4.412875E+00	
9.965970E-01	3.674141E+00	
8.454956E-01	2.881501E+00	
5.719089E-01	8.057109E+00	
7.319403E-01	7.647257E+00	
8.617472E-01	7.180310E+00	
9.679530E-01	6.654771E+00	
1.050132E+00	6.073555E+00	
1.105324E+00	5.440506E+00	
1.128380E+00	4.759776E+00	
1.111100E+00	4.035210E+00	
1.039344E+00	3.268886E+00	
8.790909E-01	2.451612E+00	
4.470863E-01	8.204404E+00	
5.590013E-01	7.771908E+00	
6.577113E-01	7.284176E+00	
7.383403E-01	6.737741E+00	
7.991050E-01	6.133529E+00	
8.371307E-01	5.473749E+00	
8.481632E-01	4.760622E+00	
8.262208E-01	3.995142E+00	
7.632651E-01	3.174242E+00	
6.592191E-01	2.281956E+00	
3.217512E-01	8.301008E+00	
3.962545E-01	7.861723E+00	
4.635398E-01	7.360357E+00	
5.193161E-01	6.797965E+00	
5.607309E-01	6.175484E+00	
5.852555E-01	5.494344E+00	
5.899326E-01	4.755736E+00	
5.715217E-01	3.959675E+00	
5.283881E-01	3.103620E+00	
4.637955E-01	2.183939E+00	
1.940038E-01	8.361466E+00	
2.368878E-01	7.918651E+00	
2.758585E-01	7.409684E+00	
3.083341E-01	6.836890E+00	
3.322832E-01	6.201924E+00	
3.459666E-01	5.506113E+00	
3.477290E-01	4.750407E+00	
3.362880E-01	3.935152E+00	
3.116494E-01	3.060371E+00	
2.761573E-01	2.127104E+00	
6.480603E-02	8.390735E+00	
7.882697E-02	7.946288E+00	
9.158557E-02	7.433777E+00	
1.022299E-01	6.855917E+00	
1.100497E-01	6.214666E+00	
1.144422E-01	5.511447E+00	
1.148875E-01	4.747281E+00	
1.110578E-01	3.923008E+00	
1.030725E-01	3.039891E+00	
9.173890E-02	2.100758E+00	
-6.485878E-02	8.390738E+00	
-7.887229E-02	7.946292E+00	
-9.162195E-02	7.433781E+00	
-1.022618E-01	6.855917E+00	
-1.100831E-01	6.214664E+00	
-1.144774E-01	5.511447E+00	
-1.149227E-01	4.747281E+00	
-1.110945E-01	3.923006E+00	
-1.031124E-01	3.039890E+00	
-9.177843E-02	2.100760E+00	
-1.940573E-01	8.361473E+00	
-2.369381E-01	7.918663E+00	
-2.759026E-01	7.409696E+00	
-3.083727E-01	6.836892E+00	
-3.323186E-01	6.201921E+00	
-3.459985E-01	5.506115E+00	
-3.477566E-01	4.750409E+00	
-3.363150E-01	3.935147E+00	
-3.116805E-01	3.060366E+00	
-2.761913E-01	2.127107E+00	
-3.217996E-01	8.301014E+00	
-3.963034E-01	7.861738E+00	
-4.635862E-01	7.360375E+00	
-5.193574E-01	6.797972E+00	
-5.607667E-01	6.175486E+00	
-5.852846E-01	5.494353E+00	
-5.899551E-01	4.755743E+00	
-5.715418E-01	3.959668E+00	
-5.284113E-01	3.103610E+00	
-4.638224E-01	2.183941E+00	
-4.471221E-01	8.204409E+00	
-5.590378E-01	7.771923E+00	
-6.577470E-01	7.284197E+00	
-7.383731E-01	6.737752E+00	
-7.991353E-01	6.133535E+00	
-8.371589E-01	5.473762E+00	
-8.481881E-01	4.760634E+00	
-8.262428E-01	3.995136E+00	
-7.632863E-01	3.174229E+00	
-6.592400E-01	2.281957E+00	
-5.719340E-01	8.057116E+00	
-7.319622E-01	7.647272E+00	
-8.617683E-01	7.180333E+00	
-9.679742E-01	6.654785E+00	
-1.050153E+00	6.073561E+00	
-1.105347E+00	5.440519E+00	
-1.128406E+00	4.759789E+00	
-1.111125E+00	4.035206E+00	
-1.039365E+00	3.268875E+00	
-8.791064E-01	2.451615E+00	
-6.196197E-01	7.924102E+00	
-7.883494E-01	7.469914E+00	
-9.220551E-01	6.961401E+00	
-1.029202E+00	6.396557E+00	
-1.110134E+00	5.778405E+00	
-1.162335E+00	5.111008E+00	
-1.180934E+00	4.398752E+00	
-1.157890E+00	3.645680E+00	
-1.079088E+00	2.854024E+00	
-9.101495E-01	2.014516E+00	
-4.828881E-01	8.080602E+00	
-6.004499E-01	7.599705E+00	
-7.025794E-01	7.067446E+00	
-7.844021E-01	6.479483E+00	
-8.445688E-01	5.836578E+00	
-8.805315E-01	5.140999E+00	
-8.882654E-01	4.395094E+00	
-8.619441E-01	3.599973E+00	
-7.936287E-01	2.752614E+00	
-6.835092E-01	1.836867E+00	
-3.469726E-01	8.182526E+00	
-4.249828E-01	7.693353E+00	
-4.946072E-01	7.145552E+00	
-5.513800E-01	6.539972E+00	
-5.925399E-01	5.877414E+00	
-6.157311E-01	5.159316E+00	
-6.181564E-01	4.386936E+00	
-5.967144E-01	3.560367E+00	
-5.499270E-01	2.677117E+00	
-4.812911E-01	1.733609E+00	
-2.090594E-01	8.246073E+00	
-2.538704E-01	7.752627E+00	
-2.941723E-01	7.196204E+00	
-3.272627E-01	6.579183E+00	
-3.511138E-01	5.903214E+00	
-3.640527E-01	5.169646E+00	
-3.645108E-01	4.379490E+00	
-3.513038E-01	3.533165E+00	
-3.245499E-01	2.630778E+00	
-2.867298E-01	1.673492E+00	
-6.986171E-02	8.276776E+00	
-8.449669E-02	7.781370E+00	
-9.768079E-02	7.220947E+00	
-1.085259E-01	6.598376E+00	
-1.163204E-01	5.915668E+00	
-1.204749E-01	5.174287E+00	
-1.204929E-01	4.375325E+00	
-1.160820E-01	3.519711E+00	
-1.074038E-01	2.608799E+00	
-9.530910E-02	1.645556E+00	
6.975915E-02	8.276780E+00	
8.439082E-02	7.781370E+00	
9.757879E-02	7.220943E+00	
1.084308E-01	6.598373E+00	
1.162286E-01	5.915667E+00	
1.203847E-01	5.174285E+00	
1.204089E-01	4.375320E+00	
1.160079E-01	3.519706E+00	
1.073351E-01	2.608798E+00	
9.523981E-02	1.645557E+00	
2.089646E-01	8.246081E+00	
2.537738E-01	7.752627E+00	
2.940754E-01	7.196196E+00	
3.271678E-01	6.579176E+00	
3.510217E-01	5.903213E+00	
3.639638E-01	5.169642E+00	
3.644271E-01	4.379476E+00	
3.512266E-01	3.533152E+00	
3.244780E-01	2.630774E+00	
2.866614E-01	1.673493E+00	
3.468916E-01	8.182535E+00	
4.249008E-01	7.693356E+00	
4.945227E-01	7.145544E+00	
5.512944E-01	6.539963E+00	
5.924554E-01	5.877410E+00	
6.156483E-01	5.159309E+00	
6.180736E-01	4.386920E+00	
5.966332E-01	3.560349E+00	
5.498516E-01	2.677107E+00	
4.812222E-01	1.733606E+00	
4.828258E-01	8.080610E+00	
6.003873E-01	7.599709E+00	
7.025131E-01	7.067443E+00	
7.843315E-01	6.479475E+00	
8.444972E-01	5.836572E+00	
8.804571E-01	5.140994E+00	
8.881863E-01	4.395081E+00	
8.618640E-01	3.599951E+00	
7.935540E-01	2.752597E+00	
6.834415E-01	1.836858E+00	
6.195774E-01	7.924111E+00	
7.883018E-01	7.469922E+00	
9.220034E-01	6.961402E+00	
1.029148E+00	6.396552E+00	
1.110072E+00	5.778404E+00	
1.162266E+00	5.111009E+00	
1.180862E+00	4.398741E+00	
1.157819E+00	3.645656E+00	
1.079020E+00	2.854001E+00	
9.100854E-01	2.014501E+00	
6.621512E-01	-7.767295E+00	
8.378758E-01	-7.269952E+00	
9.734554E-01	-6.721163E+00	
1.079037E+00	-6.118405E+00	
1.155526E+00	-5.464788E+00	
1.200572E+00	-4.764531E+00	
1.209243E+00	-4.022163E+00	
1.173183E+00	-3.241886E+00	
1.077660E+00	-2.425941E+00	
8.871371E-01	-1.564877E+00	
5.141839E-01	-7.931561E+00	
6.359544E-01	-7.403181E+00	
7.397316E-01	-6.827291E+00	
8.205229E-01	-6.198649E+00	
8.772344E-01	-5.517744E+00	
9.074026E-01	-4.786789E+00	
9.069151E-01	-4.008088E+00	
8.696707E-01	-3.182657E+00	
7.872464E-01	-2.307223E+00	
6.593024E-01	-1.365128E+00	
3.686633E-01	-8.037667E+00	
4.490825E-01	-7.499264E+00	
5.196764E-01	-6.905579E+00	
5.757033E-01	-6.257180E+00	
6.143578E-01	-5.554579E+00	
6.332693E-01	-4.799033E+00	
6.295444E-01	-3.991631E+00	
5.998729E-01	-3.132199E+00	
5.424670E-01	-2.217852E+00	
4.604114E-01	-1.244500E+00	
2.218283E-01	-8.103500E+00	
2.678724E-01	-7.559895E+00	
3.086448E-01	-6.956315E+00	
3.412489E-01	-6.295075E+00	
3.635634E-01	-5.577653E+00	
3.738721E-01	-4.805180E+00	
3.705307E-01	-3.978418E+00	
3.522206E-01	-3.097429E+00	
3.188654E-01	-2.161860E+00	
2.726812E-01	-1.172252E+00	
7.403712E-02	-8.135217E+00	
8.905274E-02	-7.589238E+00	
1.023795E-01	-6.981071E+00	
1.130567E-01	-6.313600E+00	
1.203354E-01	-5.588722E+00	
1.236045E-01	-4.807689E+00	
1.223399E-01	-3.971303E+00	
1.162013E-01	-3.080096E+00	
1.052844E-01	-2.134921E+00	
9.034321E-02	-1.138065E+00	
-7.405851E-02	-8.135215E+00	
-8.907000E-02	-7.589244E+00	
-1.023872E-01	-6.981075E+00	
-1.130560E-01	-6.313605E+00	
-1.203253E-01	-5.588726E+00	
-1.235883E-01	-4.807690E+00	
-1.223229E-01	-3.971302E+00	
-1.161893E-01	-3.080092E+00	
-1.052781E-01	-2.134920E+00	
-9.034152E-02	-1.138062E+00	
-2.218430E-01	-8.103497E+00	
-2.678864E-01	-7.559907E+00	
-3.086496E-01	-6.956331E+00	
-3.412419E-01	-6.295088E+00	
-3.635524E-01	-5.577664E+00	
-3.738545E-01	-4.805188E+00	
-3.705089E-01	-3.978415E+00	
-3.522040E-01	-3.097417E+00	
-3.188557E-01	-2.161854E+00	
-2.726750E-01	-1.172245E+00	
-3.686761E-01	-8.037664E+00	
-4.490910E-01	-7.499282E+00	
-5.196790E-01	-6.905604E+00	
-5.757047E-01	-6.257196E+00	
-6.143539E-01	-5.554596E+00	
-6.332585E-01	-4.799049E+00	
-6.295290E-01	-3.991629E+00	
-5.998601E-01	-3.132177E+00	
-5.424583E-01	-2.217844E+00	
-4.604056E-01	-1.244488E+00	
-5.141840E-01	-7.931560E+00	
-6.359533E-01	-7.403202E+00	
-7.397303E-01	-6.827320E+00	
-8.205182E-01	-6.198667E+00	
-8.772270E-01	-5.517767E+00	
-9.073964E-01	-4.786804E+00	
-9.069050E-01	-4.008095E+00	
-8.696534E-01	-3.182632E+00	
-7.872349E-01	-2.307210E+00	
-6.592937E-01	-1.365116E+00	
-6.621417E-01	-7.767296E+00	
-8.378676E-01	-7.269971E+00	
-9.734573E-01	-6.721184E+00	
-1.079045E+00	-6.118427E+00	
-1.155533E+00	-5.464810E+00	
-1.200583E+00	-4.764542E+00	
-1.209250E+00	-4.022182E+00	
-1.173182E+00	-3.241864E+00	
-1.077656E+00	-2.425923E+00	
-8.871287E-01	-1.564871E+00	
-5.226582E-01	-8.166383E+00	
-6.734937E-01	-7.802078E+00	
-7.990028E-01	-7.378084E+00	
-9.039434E-01	-6.893410E+00	
-9.871224E-01	-6.350836E+00	
-1.045140E+00	-5.753988E+00	
-1.072581E+00	-5.106791E+00	
-1.061106E+00	-4.412873E+00	
-9.965968E-01	-3.674141E+00	
-8.454936E-01	-2.881508E+00	
-4.101274E-01	-8.304007E+00	
-5.160413E-01	-7.921203E+00	
-6.110266E-01	-7.479453E+00	
-6.902134E-01	-6.976168E+00	
-7.513858E-01	-6.412429E+00	
-7.913547E-01	-5.790382E+00	
-8.056448E-01	-5.112128E+00	
-7.881333E-01	-4.378550E+00	
-7.307108E-01	-3.586533E+00	
-6.330381E-01	-2.720340E+00	
-2.957477E-01	-8.394984E+00	
-3.665091E-01	-8.006902E+00	
-4.312408E-01	-7.553471E+00	
-4.858403E-01	-7.035937E+00	
-5.273738E-01	-6.455367E+00	
-5.531460E-01	-5.813185E+00	
-5.600494E-01	-5.110518E+00	
-5.447137E-01	-4.347313E+00	
-5.053527E-01	-3.520986E+00	
-4.449880E-01	-2.627849E+00	
-1.785282E-01	-8.452164E+00	
-2.193482E-01	-8.061304E+00	
-2.568565E-01	-7.601310E+00	
-2.886036E-01	-7.074445E+00	
-3.125665E-01	-6.482355E+00	
-3.269444E-01	-5.826347E+00	
-3.299989E-01	-5.107315E+00	
-3.203545E-01	-4.325536E+00	
-2.979015E-01	-3.480949E+00	
-2.648356E-01	-2.574456E+00	
-5.968108E-02	-8.479905E+00	
-7.303702E-02	-8.087738E+00	
-8.531686E-02	-7.624663E+00	
-9.571556E-02	-7.093237E+00	
-1.035335E-01	-6.495344E+00	
-1.081512E-01	-5.832354E+00	
-1.090202E-01	-5.105231E+00	
-1.057815E-01	-4.314737E+00	
-9.851207E-02	-3.462026E+00	
-8.796915E-02	-2.549770E+00	
5.968519E-02	-8.479902E+00	
7.304495E-02	-8.087738E+00	
8.532506E-02	-7.624664E+00	
9.572450E-02	-7.093236E+00	
1.035439E-01	-6.495343E+00	
1.081611E-01	-5.832355E+00	
1.090284E-01	-5.105232E+00	
1.057877E-01	-4.314738E+00	
9.851762E-02	-3.462026E+00	
8.797555E-02	-2.549770E+00	
1.785354E-01	-8.452156E+00	
2.193568E-01	-8.061302E+00	
2.568640E-01	-7.601312E+00	
2.886099E-01	-7.074442E+00	
3.125755E-01	-6.482352E+00	
3.269568E-01	-5.826348E+00	
3.300107E-01	-5.107318E+00	
3.203634E-01	-4.325540E+00	
2.979082E-01	-3.480949E+00	
2.648420E-01	-2.574455E+00	
2.957549E-01	-8.394972E+00	
3.665197E-01	-8.006900E+00	
4.312529E-01	-7.553474E+00	
4.858514E-01	-7.035936E+00	
5.273837E-01	-6.455360E+00	
5.531568E-01	-5.813185E+00	
5.600596E-01	-5.110524E+00	
5.447230E-01	-4.347318E+00	
5.053624E-01	-3.520987E+00	
4.449971E-01	-2.627848E+00	
4.101379E-01	-8.303990E+00	
5.160578E-01	-7.921197E+00	
6.110434E-01	-7.479458E+00	
6.902294E-01	-6.976168E+00	
7.514015E-01	-6.412424E+00	
7.913670E-01	-5.790382E+00	
8.056544E-01	-5.112136E+00	
7.881434E-01	-4.378553E+00	
7.307226E-01	-3.586533E+00	
6.330493E-01	-2.720341E+00	
5.226730E-01	-8.166360E+00	
6.735106E-01	-7.802070E+00	
7.990212E-01	-7.378089E+00	
9.039622E-01	-6.893409E+00	
9.871407E-01	-6.350832E+00	
1.045157E+00	-5.753993E+00	
1.072594E+00	-5.106800E+00	
1.061119E+00	-4.412875E+00	
9.966105E-01	-3.674140E+00	
8.455050E-01	-2.881512E+00	
3.701269E-03	-8.352749E+00	
1.371993E-02	-8.310638E+00	
2.455182E-02	-8.211262E+00	
3.653469E-02	-8.052993E+00	
4.960937E-02	-7.834149E+00	
6.327840E-02	-7.553866E+00	
7.672043E-02	-7.212919E+00	
8.900957E-02	-6.814190E+00	
9.930017E-02	-6.362646E+00	
1.068880E-01	-5.865021E+00	
1.111778E-01	-5.329521E+00	
1.116660E-01	-4.765632E+00	
1.080491E-01	-4.183833E+00	
1.004720E-01	-3.594929E+00	
8.976639E-02	-3.008859E+00	
7.744207E-02	-2.433166E+00	
6.533851E-02	-1.871796E+00	
5.511409E-02	-1.324940E+00	
4.788431E-02	-7.899258E-01	
4.418864E-02	-2.624613E-01	
1.082859E-02	-8.371850E+00	
4.020406E-02	-8.330931E+00	
7.225731E-02	-8.233854E+00	
1.081836E-01	-8.078310E+00	
1.478895E-01	-7.861612E+00	
1.897494E-01	-7.581932E+00	
2.310213E-01	-7.239567E+00	
2.686979E-01	-6.837507E+00	
3.001961E-01	-6.381117E+00	
3.234951E-01	-5.877437E+00	
3.368822E-01	-5.334782E+00	
3.387492E-01	-4.762726E+00	
3.278833E-01	-4.172257E+00	
3.043763E-01	-3.575422E+00	
2.706592E-01	-2.983943E+00	
2.316758E-01	-2.406773E+00	
1.936111E-01	-1.848020E+00	
1.618838E-01	-1.306764E+00	
1.398035E-01	-7.787914E-01	
1.286491E-01	-2.587455E-01	
1.709956E-02	-8.408507E+00	
6.362691E-02	-8.370178E+00	
1.153173E-01	-8.278351E+00	
1.749744E-01	-8.129396E+00	
2.429124E-01	-7.918170E+00	
3.159123E-01	-7.640234E+00	
3.881336E-01	-7.294759E+00	
4.536238E-01	-6.885483E+00	
5.080501E-01	-6.419066E+00	
5.485560E-01	-5.903293E+00	
5.726448E-01	-5.346402E+00	
5.774292E-01	-4.757757E+00	
5.597798E-01	-4.148710E+00	
5.182145E-01	-3.533896E+00	
4.561741E-01	-2.929712E+00	
3.835723E-01	-2.349420E+00	
3.137599E-01	-1.797496E+00	
2.575359E-01	-1.269337E+00	
2.199045E-01	-7.565072E-01	
2.014262E-01	-2.513970E-01	
2.185368E-02	-8.459530E+00	
8.150955E-02	-8.425337E+00	
1.491088E-01	-8.342481E+00	
2.311487E-01	-8.206963E+00	
3.306502E-01	-8.008043E+00	
4.415559E-01	-7.734267E+00	
5.511962E-01	-7.382587E+00	
6.481871E-01	-6.960136E+00	
7.275270E-01	-6.478180E+00	
7.874081E-01	-5.944567E+00	
8.249842E-01	-5.366794E+00	
8.360698E-01	-4.753236E+00	
8.147995E-01	-4.114312E+00	
7.533214E-01	-3.465251E+00	
6.518721E-01	-2.834867E+00	
5.296468E-01	-2.249437E+00	
4.160775E-01	-1.714097E+00	
3.319265E-01	-1.212361E+00	
2.799411E-01	-7.238666E-01	
2.551794E-01	-2.407975E-01	
2.445595E-02	-8.520084E+00	
9.134895E-02	-8.491333E+00	
1.681843E-01	-8.420920E+00	
2.647775E-01	-8.307157E+00	
4.002011E-01	-8.142774E+00	
5.693456E-01	-7.879586E+00	
7.282516E-01	-7.505815E+00	
8.572630E-01	-7.062910E+00	
9.628673E-01	-6.560349E+00	
1.044626E+00	-6.004037E+00	
1.099591E+00	-5.399863E+00	
1.122643E+00	-4.754304E+00	
1.105640E+00	-4.074970E+00	
1.034536E+00	-3.372010E+00	
8.755965E-01	-2.667719E+00	
6.552904E-01	-2.074054E+00	
4.778315E-01	-1.598453E+00	
3.735580E-01	-1.139581E+00	
3.124168E-01	-6.835196E-01	
2.838904E-01	-2.278565E-01	
2.449303E-02	-8.584035E+00	
9.148432E-02	-8.561266E+00	
1.684818E-01	-8.504820E+00	
2.653881E-01	-8.416757E+00	
4.015596E-01	-8.304769E+00	
6.571531E-01	-1.847895E+00	
4.786666E-01	-1.468666E+00	
3.739891E-01	-1.060416E+00	
3.126611E-01	-6.402151E-01	
2.840612E-01	-2.140346E-01	
2.194700E-02	-8.644735E+00	
8.186055E-02	-8.627470E+00	
1.498786E-01	-8.583631E+00	
2.327112E-01	-8.517685E+00	
3.338165E-01	-8.441119E+00	
5.339153E-01	-1.670307E+00	
4.182075E-01	-1.352060E+00	
3.330409E-01	-9.871787E-01	
2.805772E-01	-5.996611E-01	
2.556221E-01	-2.010336E-01	
1.720684E-02	-8.695998E+00	
6.405310E-02	-8.682968E+00	
1.162515E-01	-8.648350E+00	
1.768208E-01	-8.596367E+00	
2.464259E-01	-8.533146E+00	
3.882433E-01	-1.567465E+00	
3.162623E-01	-1.267213E+00	
2.588879E-01	-9.294847E-01	
2.206833E-01	-5.666869E-01	
2.019647E-01	-1.903342E-01	
1.090730E-02	-8.732894E+00	
4.054011E-02	-8.722550E+00	
7.299559E-02	-8.693421E+00	
1.096156E-01	-8.648485E+00	
1.505217E-01	-8.591539E+00	
2.351458E-01	-1.507729E+00	
1.955453E-01	-1.215367E+00	
1.629565E-01	-8.913670E-01	
1.404267E-01	-5.440703E-01	
1.290790E-01	-1.828846E-01	
3.721791E-03	-8.752143E+00	
1.383912E-02	-8.743051E+00	
2.482194E-02	-8.716359E+00	
3.706014E-02	-8.674406E+00	
5.056754E-02	-8.620032E+00	
7.871076E-02	-1.480017E+00	
6.605866E-02	-1.190826E+00	
5.551774E-02	-8.727781E-01	
4.812054E-02	-5.327322E-01	
4.434978E-02	-1.791042E-01	
-3.746893E-03	-8.752145E+00	
-1.386351E-02	-8.743050E+00	
-2.484801E-02	-8.716358E+00	
-3.708590E-02	-8.674407E+00	
-5.059120E-02	-8.620033E+00	
-7.871462E-02	-1.480020E+00	
-6.606064E-02	-1.190825E+00	
-5.552252E-02	-8.727762E-01	
-4.812729E-02	-5.327322E-01	
-4.435668E-02	-1.791041E-01	
-1.093314E-02	-8.732896E+00	
-4.056605E-02	-8.722549E+00	
-7.301903E-02	-8.693422E+00	
-1.096352E-01	-8.648490E+00	
-1.505381E-01	-8.591542E+00	
-2.351561E-01	-1.507734E+00	
-1.955567E-01	-1.215365E+00	
-1.629686E-01	-8.913631E-01	
-1.404379E-01	-5.440712E-01	
-1.290891E-01	-1.828845E-01	
-1.722672E-02	-8.695997E+00	
-6.407532E-02	-8.682968E+00	
-1.162707E-01	-8.648355E+00	
-1.768352E-01	-8.596376E+00	
-2.464386E-01	-8.533150E+00	
-3.882603E-01	-1.567468E+00	
-3.162810E-01	-1.267210E+00	
-2.589051E-01	-9.294821E-01	
-2.206977E-01	-5.666904E-01	
-2.019779E-01	-1.903337E-01	
-2.195592E-02	-8.644728E+00	
-8.187395E-02	-8.627469E+00	
-1.498940E-01	-8.583638E+00	
-2.327259E-01	-8.517696E+00	
-3.338298E-01	-8.441122E+00	
-5.339322E-01	-1.670307E+00	
-4.182237E-01	-1.352058E+00	
-3.330554E-01	-9.871781E-01	
-2.805912E-01	-5.996660E-01	
-2.556374E-01	-2.010317E-01	
-2.449365E-02	-8.584023E+00	
-9.148972E-02	-8.561260E+00	
-1.684930E-01	-8.504823E+00	
-2.654027E-01	-8.416769E+00	
-4.015728E-01	-8.304775E+00	
-6.571626E-01	-1.847896E+00	
-4.786749E-01	-1.468666E+00	
-3.739987E-01	-1.060415E+00	
-3.126742E-01	-6.402177E-01	
-2.840781E-01	-2.140299E-01	
-2.445223E-02	-8.520069E+00	
-9.134839E-02	-8.491322E+00	
-1.681880E-01	-8.420919E+00	
-2.647850E-01	-8.307168E+00	
-4.002077E-01	-8.142784E+00	
-5.693440E-01	-7.879593E+00	
-7.282424E-01	-7.505827E+00	
-8.572533E-01	-7.062926E+00	
-9.628589E-01	-6.560355E+00	
-1.044618E+00	-6.004036E+00	
-1.099584E+00	-5.399868E+00	
-1.122642E+00	-4.754310E+00	
-1.105643E+00	-4.074962E+00	
-1.034539E+00	-3.371994E+00	
-8.755980E-01	-2.667712E+00	
-6.552927E-01	-2.074055E+00	
-4.778362E-01	-1.598450E+00	
-3.735666E-01	-1.139576E+00	
-3.124301E-01	-6.835176E-01	
-2.839070E-01	-2.278494E-01	
-2.184486E-02	-8.459511E+00	
-8.150447E-02	-8.425324E+00	
-1.491044E-01	-8.342477E+00	
-2.311454E-01	-8.206971E+00	
-3.306463E-01	-8.008057E+00	
-4.415483E-01	-7.734282E+00	
-5.511849E-01	-7.382603E+00	
-6.481736E-01	-6.960150E+00	
-7.275131E-01	-6.478186E+00	
-7.873943E-01	-5.944565E+00	
-8.249728E-01	-5.366794E+00	
-8.360622E-01	-4.753236E+00	
-8.147943E-01	-4.114302E+00	
-7.533162E-01	-3.465236E+00	
-6.518672E-01	-2.834860E+00	
-5.296456E-01	-2.249435E+00	
-4.160827E-01	-1.714090E+00	
-3.319372E-01	-1.212352E+00	
-2.799540E-01	-7.238620E-01	
-2.551921E-01	-2.407900E-01	
-1.708577E-02	-8.408481E+00	
-6.361921E-02	-8.370162E+00	
-1.153107E-01	-8.278348E+00	
-1.749646E-01	-8.129405E+00	
-2.429000E-01	-7.918186E+00	
-3.159005E-01	-7.640250E+00	
-3.881244E-01	-7.294774E+00	
-4.536166E-01	-6.885498E+00	
-5.080411E-01	-6.419074E+00	
-5.485435E-01	-5.903293E+00	
-5.726308E-01	-5.346400E+00	
-5.774174E-01	-4.757753E+00	
-5.597710E-01	-4.148699E+00	
-5.182061E-01	-3.533883E+00	
-4.561650E-01	-2.929703E+00	
-3.835673E-01	-2.349411E+00	
-3.137640E-01	-1.797480E+00	
-2.575465E-01	-1.269324E+00	
-2.199150E-01	-7.565038E-01	
-2.014330E-01	-2.513921E-01	
-1.081519E-02	-8.371816E+00	
-4.019647E-02	-8.330911E+00	
-7.225203E-02	-8.233851E+00	
-1.081760E-01	-8.078324E+00	
-1.478781E-01	-7.861630E+00	
-1.897385E-01	-7.581945E+00	
-2.310151E-01	-7.239578E+00	
-2.686955E-01	-6.837522E+00	
-3.001931E-01	-6.381128E+00	
-3.234887E-01	-5.877441E+00	
-3.368730E-01	-5.334781E+00	
-3.387395E-01	-4.762720E+00	
-3.278757E-01	-4.172243E+00	
-3.043707E-01	-3.575409E+00	
-2.706536E-01	-2.983935E+00	
-2.316711E-01	-2.406759E+00	
-1.936114E-01	-1.847995E+00	
-1.618897E-01	-1.306748E+00	
-1.398089E-01	-7.787920E-01	
-1.286524E-01	-2.587425E-01	
-3.694490E-03	-8.352712E+00	
-1.371531E-02	-8.310614E+00	
-2.454922E-02	-8.211260E+00	
-3.653112E-02	-8.053010E+00	
-4.960433E-02	-7.834169E+00	
-6.327371E-02	-7.553877E+00	
-7.671777E-02	-7.212926E+00	
-8.900846E-02	-6.814203E+00	
-9.929878E-02	-6.362659E+00	
-1.068854E-01	-5.865028E+00	
-1.111741E-01	-5.329521E+00	
-1.116621E-01	-4.765625E+00	
-1.080458E-01	-4.183818E+00	
-1.004699E-01	-3.594915E+00	
-8.976479E-02	-3.008851E+00	
-7.743992E-02	-2.433150E+00	
-6.533679E-02	-1.871767E+00	
-5.511460E-02	-1.324921E+00	
-4.788679E-02	-7.899283E-01	
-4.418920E-02	-2.624603E-01	
-6.087626E-03	-8.338513E+00	
-1.630810E-02	-8.267782E+00	
-2.753586E-02	-8.139386E+00	
-4.007440E-02	-7.951466E+00	
-5.380393E-02	-7.702172E+00	
-6.814121E-02	-7.390646E+00	
-8.216587E-02	-7.017901E+00	
-9.486797E-02	-6.587233E+00	
-1.053554E-01	-6.104129E+00	
-1.129159E-01	-5.575908E+00	
-1.169710E-01	-5.011350E+00	
-1.170476E-01	-4.420456E+00	
-1.128746E-01	-3.814153E+00	
-1.046323E-01	-3.203622E+00	
-9.319735E-02	-2.599064E+00	
-8.013030E-02	-2.008150E+00	
-6.731868E-02	-1.434885E+00	
-5.644692E-02	-8.794565E-01	
-4.862984E-02	-3.390740E-01	
-4.438454E-02	1.906789E-01	
-1.778456E-02	-8.357815E+00	
-4.776684E-02	-8.288684E+00	
-8.102270E-02	-8.162968E+00	
-1.186731E-01	-7.978073E+00	
-1.604419E-01	-7.731064E+00	
-2.044157E-01	-7.420065E+00	
-2.475214E-01	-7.045612E+00	
-2.864772E-01	-6.611180E+00	
-3.185653E-01	-6.122758E+00	
-3.417617E-01	-5.588036E+00	
-3.544209E-01	-5.015935E+00	
-3.550239E-01	-4.416550E+00	
-3.424529E-01	-3.801315E+00	
-3.169055E-01	-3.182670E+00	
-2.809472E-01	-2.572623E+00	
-2.396898E-01	-1.980267E+00	
-1.994762E-01	-1.409743E+00	
-1.658072E-01	-8.600578E-01	
-1.419841E-01	-3.268326E-01	
-1.292280E-01	1.954388E-01	
-2.799886E-02	-8.394870E+00	
-7.552880E-02	-8.329141E+00	
-1.292624E-01	-8.209501E+00	
-1.919702E-01	-8.031899E+00	
-2.636945E-01	-7.790731E+00	
-3.406340E-01	-7.481312E+00	
-4.162250E-01	-7.103062E+00	
-4.839743E-01	-6.660435E+00	
-5.393576E-01	-6.160974E+00	
-5.796021E-01	-5.613260E+00	
-6.023857E-01	-5.026154E+00	
-6.049779E-01	-4.409527E+00	
-5.843817E-01	-3.775171E+00	
-5.392651E-01	-3.138150E+00	
-4.733015E-01	-2.515221E+00	
-3.967374E-01	-1.919847E+00	
-3.232466E-01	-1.356458E+00	
-2.637918E-01	-8.202186E-01	
-2.233537E-01	-3.024105E-01	
-2.023425E-01	2.047839E-01	
-3.566907E-02	-8.446467E+00	
-9.666618E-02	-8.386070E+00	
-1.670848E-01	-8.276723E+00	
-2.536903E-01	-8.113989E+00	
-3.593512E-01	-7.886026E+00	
-4.768873E-01	-7.580493E+00	
-5.920337E-01	-7.194618E+00	
-6.923630E-01	-6.736957E+00	
-7.728599E-01	-6.220332E+00	
-8.321414E-01	-5.653428E+00	
-8.676833E-01	-5.044311E+00	
-8.755268E-01	-4.401805E+00	
-8.499582E-01	-3.736728E+00	
-7.832194E-01	-3.064738E+00	
-6.758186E-01	-2.415269E+00	
-5.475728E-01	-1.814989E+00	
-4.286075E-01	-1.268860E+00	
-3.400108E-01	-7.597655E-01	
-2.843575E-01	-2.667722E-01	
-2.563562E-01	2.181582E-01	
-3.982816E-02	-8.507721E+00	
-1.082683E-01	-8.454254E+00	
-1.884215E-01	-8.359111E+00	
-2.906717E-01	-8.220457E+00	
-4.357216E-01	-8.030269E+00	
-6.168142E-01	-7.734878E+00	
-7.843435E-01	-7.322908E+00	
-9.172184E-01	-6.841871E+00	
-1.023750E+00	-6.302447E+00	
-1.104262E+00	-5.711107E+00	
-1.156246E+00	-5.074158E+00	
-1.174867E+00	-4.398422E+00	
-1.152142E+00	-3.691817E+00	
-1.074042E+00	-2.964811E+00	
-9.064781E-01	-2.240232E+00	
-6.769920E-01	-1.632295E+00	
-4.921848E-01	-1.147782E+00	
-3.826721E-01	-6.827339E-01	
-3.173655E-01	-2.228439E-01	
-2.852110E-01	2.343856E-01	
-3.987480E-02	-8.572422E+00	
-1.084206E-01	-8.526539E+00	
-1.887483E-01	-8.447307E+00	
-2.913350E-01	-8.337098E+00	
-4.371896E-01	-8.204532E+00	
-6.789313E-01	-1.397344E+00	
-4.930532E-01	-1.012048E+00	
-3.831175E-01	-5.990200E-01	
-3.176148E-01	-1.757486E-01	
-2.853833E-01	2.516764E-01	
-3.579384E-02	-8.633830E+00	
-9.706407E-02	-8.594947E+00	
-1.679306E-01	-8.530093E+00	
-2.553843E-01	-8.444352E+00	
-3.627681E-01	-8.350517E+00	
-5.520184E-01	-1.212357E+00	
-4.308238E-01	-8.899613E-01	
-3.411602E-01	-5.215068E-01	
-2.850070E-01	-1.316059E-01	
-2.568042E-01	2.679681E-01	
-2.815925E-02	-8.685674E+00	
-7.602065E-02	-8.652234E+00	
-1.302901E-01	-8.597942E+00	
-1.939700E-01	-8.527637E+00	
-2.674788E-01	-8.448125E+00	
-4.016030E-01	-1.104525E+00	
-3.258464E-01	-8.008421E-01	
-2.651833E-01	-4.602994E-01	
-2.241451E-01	-9.562198E-02	
-2.028881E-01	2.814441E-01	
-1.792253E-02	-8.722974E+00	
-4.816847E-02	-8.693042E+00	
-8.184215E-02	-8.645078E+00	
-1.202244E-01	-8.582563E+00	
-1.632738E-01	-8.509756E+00	
-2.432976E-01	-1.041623E+00	
-2.014774E-01	-7.461678E-01	
-1.669008E-01	-4.197341E-01	
-1.426104E-01	-7.085880E-02	
-1.296600E-01	2.908883E-01	
-6.150803E-03	-8.742427E+00	
-1.647083E-02	-8.714155E+00	
-2.785053E-02	-8.669018E+00	
-4.065363E-02	-8.609808E+00	
-5.484149E-02	-8.539748E+00	
-8.143216E-02	-1.012363E+00	
-6.804513E-02	-7.202199E-01	
-5.684246E-02	-3.999025E-01	
-4.885411E-02	-5.841161E-02	
-4.454043E-02	2.957052E-01	
6.123287E-03	-8.742428E+00	
1.644610E-02	-8.714151E+00	
2.783630E-02	-8.669011E+00	
4.065273E-02	-8.609802E+00	
5.485187E-02	-8.539744E+00	
8.148710E-02	-1.012363E+00	
6.810028E-02	-7.202201E-01	
5.689330E-02	-3.999067E-01	
4.889530E-02	-5.841712E-02	
4.457130E-02	2.957004E-01	
1.789987E-02	-8.722973E+00	
4.815191E-02	-8.693031E+00	
8.183309E-02	-8.645060E+00	
1.202241E-01	-8.582545E+00	
1.632835E-01	-8.509741E+00	
2.433486E-01	-1.041623E+00	
2.015261E-01	-7.461693E-01	
1.669466E-01	-4.197440E-01	
1.426506E-01	-7.087379E-02	
1.296917E-01	2.908741E-01	
2.814627E-02	-8.685667E+00	
7.601521E-02	-8.652216E+00	
1.302899E-01	-8.597919E+00	
1.939735E-01	-8.527612E+00	
2.674879E-01	-8.448101E+00	
4.016461E-01	-1.104529E+00	
3.258865E-01	-8.008455E-01	
2.652232E-01	-4.603105E-01	
2.241837E-01	-9.564276E-02	
2.029206E-01	2.814210E-01	
3.579090E-02	-8.633815E+00	
9.706689E-02	-8.594923E+00	
1.679383E-01	-8.530066E+00	
2.553956E-01	-8.444324E+00	
3.627816E-01	-8.350489E+00	
5.520505E-01	-1.212365E+00	
4.308562E-01	-8.899636E-01	
3.411956E-01	-5.215163E-01	
2.850434E-01	-1.316288E-01	
2.568383E-01	2.679389E-01	
3.987742E-02	-8.572403E+00	
1.084278E-01	-8.526509E+00	
1.887619E-01	-8.447275E+00	
2.913543E-01	-8.337066E+00	
4.372129E-01	-8.204503E+00	
6.789538E-01	-1.397351E+00	
4.930785E-01	-1.012047E+00	
3.831455E-01	-5.990263E-01	
3.176465E-01	-1.757700E-01	
2.854179E-01	2.516464E-01	
3.983561E-02	-8.507698E+00	
1.082801E-01	-8.454219E+00	
1.884399E-01	-8.359071E+00	
2.906971E-01	-8.220420E+00	
4.357492E-01	-8.030238E+00	
6.168415E-01	-7.734851E+00	
7.843675E-01	-7.322876E+00	
9.172413E-01	-6.841843E+00	
1.023775E+00	-6.302431E+00	
1.104285E+00	-5.711101E+00	
1.156271E+00	-5.074154E+00	
1.174893E+00	-4.398412E+00	
1.152163E+00	-3.691805E+00	
1.074057E+00	-2.964812E+00	
9.064942E-01	-2.240245E+00	
6.770100E-01	-1.632301E+00	
4.922030E-01	-1.147779E+00	
3.826923E-01	-6.827377E-01	
3.173898E-01	-2.228601E-01	
2.852422E-01	2.343604E-01	
3.568384E-02	-8.446439E+00	
9.668575E-02	-8.386031E+00	
1.671064E-01	-8.276678E+00	
2.537130E-01	-8.113949E+00	
3.593754E-01	-7.885994E+00	
4.769115E-01	-7.580467E+00	
5.920558E-01	-7.194591E+00	
6.923830E-01	-6.736928E+00	
7.728803E-01	-6.220316E+00	
8.321638E-01	-5.653423E+00	
8.677056E-01	-5.044306E+00	
8.755472E-01	-4.401796E+00	
8.499750E-01	-3.736723E+00	
7.832336E-01	-3.064742E+00	
6.758320E-01	-2.415280E+00	
5.475871E-01	-1.814996E+00	
4.286205E-01	-1.268858E+00	
3.400233E-01	-7.597666E-01	
2.843763E-01	-2.667808E-01	
2.563820E-01	2.181393E-01	
2.802015E-02	-8.394835E+00	
7.555299E-02	-8.329101E+00	
1.292827E-01	-8.209459E+00	
1.919858E-01	-8.031859E+00	
2.637100E-01	-7.790698E+00	
3.406517E-01	-7.481286E+00	
4.162425E-01	-7.103036E+00	
4.839884E-01	-6.660409E+00	
5.393713E-01	-6.160955E+00	
5.796195E-01	-5.613252E+00	
6.024054E-01	-5.026149E+00	
6.049973E-01	-4.409520E+00	
5.843995E-01	-3.775169E+00	
5.392800E-01	-3.138157E+00	
4.733137E-01	-2.515233E+00	
3.967463E-01	-1.919855E+00	
3.232520E-01	-1.356460E+00	
2.637983E-01	-8.202159E-01	
2.233646E-01	-3.024122E-01	
2.023608E-01	2.047726E-01	
1.780405E-02	-8.357774E+00	
4.778690E-02	-8.288646E+00	
8.103693E-02	-8.162934E+00	
1.186818E-01	-7.978035E+00	
1.604515E-01	-7.731027E+00	
2.044288E-01	-7.420037E+00	
2.475326E-01	-7.045590E+00	
2.864838E-01	-6.611158E+00	
3.185701E-01	-6.122736E+00	
3.417699E-01	-5.588023E+00	
3.544351E-01	-5.015927E+00	
3.550420E-01	-4.416543E+00	
3.424702E-01	-3.801315E+00	
3.169188E-01	-3.182681E+00	
2.809561E-01	-2.572637E+00	
2.396946E-01	-1.980280E+00	
1.994766E-01	-1.409748E+00	
1.658059E-01	-8.600524E-01	
1.419869E-01	-3.268283E-01	
1.292372E-01	1.954350E-01	
6.095660E-03	-8.338469E+00	
1.631625E-02	-8.267747E+00	
2.754113E-02	-8.139357E+00	
4.007810E-02	-7.951430E+00	
5.380842E-02	-7.702132E+00	
6.814604E-02	-7.390617E+00	
8.216999E-02	-7.017883E+00	
9.487038E-02	-6.587214E+00	
1.053562E-01	-6.104108E+00	
1.129185E-01	-5.575889E+00	
1.169783E-01	-5.011336E+00	
1.170564E-01	-4.420449E+00	
1.128814E-01	-3.814156E+00	
1.046369E-01	-3.203636E+00	
9.320023E-02	-2.599081E+00	
8.013176E-02	-2.008166E+00	
6.731796E-02	-1.434894E+00	
5.644502E-02	-8.794499E-01	
4.862959E-02	-3.390652E-01	
4.438910E-02	1.906816E-01	
8.361842E-03	8.300401E+00	
1.871640E-02	8.201514E+00	
3.024912E-02	8.044835E+00	
4.322656E-02	7.828244E+00	
5.747483E-02	7.549861E+00	
7.229980E-02	7.208842E+00	
8.667376E-02	6.806557E+00	
9.950414E-02	6.346765E+00	
1.098210E-01	5.835636E+00	
1.168681E-01	5.281251E+00	
1.200540E-01	4.693167E+00	
1.188751E-01	4.082272E+00	
1.130058E-01	3.460378E+00	
1.025532E-01	2.839688E+00	
8.829317E-02	2.231575E+00	
7.162323E-02	1.645073E+00	
5.419523E-02	1.085928E+00	
3.734969E-02	5.565760E-01	
2.169058E-02	5.732034E-02	
7.090713E-03	-3.388884E-01	
2.440630E-02	8.319784E+00	
5.479432E-02	8.222874E+00	
8.898998E-02	8.069204E+00	
1.280339E-01	7.855896E+00	
1.714486E-01	7.579872E+00	
2.170117E-01	7.239220E+00	
2.612874E-01	6.834829E+00	
3.006726E-01	6.370708E+00	
3.322683E-01	5.853605E+00	
3.539586E-01	5.292020E+00	
3.640429E-01	4.695669E+00	
3.609226E-01	4.075471E+00	
3.433409E-01	3.443727E+00	
3.112883E-01	2.813833E+00	
2.670162E-01	2.198897E+00	
2.151957E-01	1.609260E+00	
1.614900E-01	1.050608E+00	
1.103769E-01	5.239376E-01	
6.371652E-02	2.763924E-02	
2.077228E-02	-3.667514E-01	
3.836044E-02	8.357011E+00	
8.658211E-02	8.264256E+00	
1.419530E-01	8.117388E+00	
2.071856E-01	7.911989E+00	
2.820233E-01	7.642031E+00	
3.620542E-01	7.302654E+00	
4.399560E-01	6.893573E+00	
5.086265E-01	6.420021E+00	
5.632633E-01	5.890525E+00	
6.010423E-01	5.314569E+00	
6.196290E-01	4.701791E+00	
6.161855E-01	4.062785E+00	
5.874888E-01	3.410135E+00	
5.318786E-01	2.759763E+00	
4.525740E-01	2.129391E+00	
3.591662E-01	1.533538E+00	
2.643460E-01	9.778038E-01	
1.775128E-01	4.587955E-01	
1.012952E-01	-3.009655E-02	
3.286570E-02	-4.203893E-01	
4.879823E-02	8.408869E+00	
1.107376E-01	8.322559E+00	
1.834575E-01	8.187176E+00	
2.739473E-01	7.997923E+00	
3.848816E-01	7.741869E+00	
5.079229E-01	7.405889E+00	
6.271721E-01	6.987489E+00	
7.290988E-01	6.496702E+00	
8.085679E-01	5.947950E+00	
8.644392E-01	5.350794E+00	
8.942620E-01	4.713975E+00	
8.939940E-01	4.046890E+00	
8.576389E-01	3.360978E+00	
7.769214E-01	2.672591E+00	
6.517628E-01	2.012099E+00	
5.013705E-01	1.407030E+00	
3.548435E-01	8.629650E-01	
2.313469E-01	3.633044E-01	
1.303220E-01	-1.118479E-01	
4.206726E-02	-4.953223E-01	
5.443324E-02	8.470449E+00	
1.239694E-01	8.392455E+00	
2.068594E-01	8.272891E+00	
3.139930E-01	8.109832E+00	
4.676009E-01	7.894502E+00	
6.592368E-01	7.567933E+00	
8.337075E-01	7.119164E+00	
9.684494E-01	6.601695E+00	
1.073422E+00	6.027398E+00	
1.149504E+00	5.403300E+00	
1.194380E+00	4.736168E+00	
1.203129E+00	4.033178E+00	
1.167441E+00	3.302646E+00	
1.072680E+00	2.555445E+00	
8.835706E-01	1.814978E+00	
6.273109E-01	1.197499E+00	
4.107567E-01	7.094146E-01	
2.622602E-01	2.448617E-01	
1.464379E-01	-2.102524E-01	
4.711041E-02	-5.845000E-01	
5.448998E-02	8.535494E+00	
1.241290E-01	8.466585E+00	
2.072064E-01	8.364728E+00	
3.146988E-01	8.232621E+00	
4.691548E-01	8.079777E+00	
6.292039E-01	9.334086E-01	
4.115987E-01	5.393459E-01	
2.626695E-01	1.175047E-01	
1.466233E-01	-3.147640E-01	
4.716440E-02	-6.787748E-01	
4.894180E-02	8.597218E+00	
1.111544E-01	8.536712E+00	
1.843435E-01	8.450868E+00	
2.757308E-01	8.345361E+00	
3.884884E-01	8.234251E+00	
5.057356E-01	7.216196E-01	
3.569985E-01	3.847926E-01	
2.324220E-01	-1.447734E-03	
1.308271E-01	-4.134527E-01	
4.221643E-02	-7.681556E-01	
3.854604E-02	8.649318E+00	
8.710336E-02	8.595383E+00	
1.430349E-01	8.521318E+00	
2.092958E-01	8.432559E+00	
2.860241E-01	8.336538E+00	
3.639423E-01	5.921688E-01	
2.668734E-01	2.684374E-01	
1.788011E-01	-9.774131E-02	
1.018894E-01	-4.956658E-01	
3.303526E-02	-8.434073E-01	
2.455644E-02	8.686786E+00	
5.520959E-02	8.637125E+00	
8.984768E-02	8.570145E+00	
1.296697E-01	8.489815E+00	
1.744475E-01	8.400789E+00	
2.187565E-01	5.139814E-01	
1.634410E-01	1.942404E-01	
1.114022E-01	-1.636555E-01	
6.421125E-02	-5.538542E-01	
2.092084E-02	-8.973634E-01	
8.433864E-03	8.706320E+00	
1.888923E-02	8.658699E+00	
3.058503E-02	8.594905E+00	
4.385097E-02	8.518143E+00	
5.858414E-02	8.431972E+00	
7.293053E-02	4.767969E-01	
5.492786E-02	1.581068E-01	
3.773078E-02	-1.967578E-01	
2.186613E-02	-5.838075E-01	
7.141199E-03	-9.254255E-01	
-8.399172E-03	8.706319E+00	
-1.885821E-02	8.658697E+00	
-3.055649E-02	8.594905E+00	
-4.382007E-02	8.518145E+00	
-5.854756E-02	8.431975E+00	
-7.291331E-02	4.767962E-01	
-5.491220E-02	1.581059E-01	
-3.771889E-02	-1.967607E-01	
-2.186206E-02	-5.838125E-01	
-7.141628E-03	-9.254250E-01	
-2.451599E-02	8.686782E+00	
-5.517210E-02	8.637118E+00	
-8.981266E-02	8.570144E+00	
-1.296346E-01	8.489820E+00	
-1.744083E-01	8.400799E+00	
-2.187402E-01	5.139756E-01	
-1.634299E-01	1.942379E-01	
-1.113916E-01	-1.636611E-01	
-6.420244E-02	-5.538661E-01	
-2.091742E-02	-8.973660E-01	
-3.851108E-02	8.649316E+00	
-8.706463E-02	8.595375E+00	
-1.429971E-01	8.521315E+00	
-2.092597E-01	8.432565E+00	
-2.859871E-01	8.336553E+00	
-3.639346E-01	5.921558E-01	
-2.668644E-01	2.684380E-01	
-1.787929E-01	-9.775142E-02	
-1.018875E-01	-4.956811E-01	
-3.303507E-02	-8.434135E-01	
-4.890686E-02	8.597220E+00	
-1.111197E-01	8.536704E+00	
-1.843099E-01	8.450863E+00	
-2.756987E-01	8.345366E+00	
-3.884546E-01	8.234269E+00	
-5.057117E-01	7.216059E-01	
-3.569853E-01	3.847845E-01	
-2.324192E-01	-1.460217E-03	
-1.308180E-01	-4.134657E-01	
-4.220998E-02	-7.681684E-01	
-5.445896E-02	8.535496E+00	
-1.240958E-01	8.466579E+00	
-2.071691E-01	8.364725E+00	
-3.146607E-01	8.232623E+00	
-4.691198E-01	8.079797E+00	
-6.291954E-01	9.333966E-01	
-4.115887E-01	5.393270E-01	
-2.626625E-01	1.174897E-01	
-1.466262E-01	-3.147781E-01	
-4.716831E-02	-6.787902E-01	
-5.439927E-02	8.470452E+00	
-1.239347E-01	8.392451E+00	
-2.068242E-01	8.272890E+00	
-3.139595E-01	8.109831E+00	
-4.675701E-01	7.894519E+00	
-6.592094E-01	7.567940E+00	
-8.336867E-01	7.119183E+00	
-9.684328E-01	6.601700E+00	
-1.073408E+00	6.027385E+00	
-1.149498E+00	5.403281E+00	
-1.194378E+00	4.736131E+00	
-1.203124E+00	4.033145E+00	
-1.167434E+00	3.302625E+00	
-1.072666E+00	2.555437E+00	
-8.835535E-01	1.814960E+00	
-6.272986E-01	1.197485E+00	
-4.107521E-01	7.093916E-01	
-2.622635E-01	2.448398E-01	
-1.464434E-01	-2.102717E-01	
-4.711330E-02	-5.845086E-01	
-4.877097E-02	8.408878E+00	
-1.107064E-01	8.322554E+00	
-1.834261E-01	8.187178E+00	
-2.739164E-01	7.997917E+00	
-3.848553E-01	7.741883E+00	
-5.078987E-01	7.405893E+00	
-6.271506E-01	6.987500E+00	
-7.290830E-01	6.496704E+00	
-8.085524E-01	5.947937E+00	
-8.644234E-01	5.350768E+00	
-8.942481E-01	4.713939E+00	
-8.939760E-01	4.046862E+00	
-8.576108E-01	3.360963E+00	
-7.768941E-01	2.672583E+00	
-6.517421E-01	2.012078E+00	
-5.013537E-01	1.407010E+00	
-3.548391E-01	8.629278E-01	
-2.313534E-01	3.632778E-01	
-1.303274E-01	-1.118637E-01	
-4.206809E-02	-4.953272E-01	
-3.834255E-02	8.357024E+00	
-8.655639E-02	8.264258E+00	
-1.419235E-01	8.117386E+00	
-2.071607E-01	7.911981E+00	
-2.820063E-01	7.642035E+00	
-3.620426E-01	7.302662E+00	
-4.399435E-01	6.893579E+00	
-5.086178E-01	6.420019E+00	
-5.632623E-01	5.890508E+00	
-6.010465E-01	5.314542E+00	
-6.196295E-01	4.701758E+00	
-6.161791E-01	4.062766E+00	
-5.874823E-01	3.410122E+00	
-5.318706E-01	2.759753E+00	
-4.525627E-01	2.129368E+00	
-3.591649E-01	1.533506E+00	
-2.643482E-01	9.777630E-01	
-1.775130E-01	4.587635E-01	
-1.012956E-01	-3.010590E-02	
-3.286453E-02	-4.203945E-01	
-2.439281E-02	8.319803E+00	
-5.477510E-02	8.222883E+00	
-8.897504E-02	8.069194E+00	
-1.280165E-01	7.855895E+00	
-1.714323E-01	7.579860E+00	
-2.170006E-01	7.239232E+00	
-2.612762E-01	6.834832E+00	
-3.006661E-01	6.370702E+00	
-3.322612E-01	5.853585E+00	
-3.539516E-01	5.291990E+00	
-3.640348E-01	4.695644E+00	
-3.609135E-01	4.075451E+00	
-3.433298E-01	3.443717E+00	
-3.112726E-01	2.813827E+00	
-2.670065E-01	2.198868E+00	
-2.151863E-01	1.609224E+00	
-1.614820E-01	1.050566E+00	
-1.103777E-01	5.239002E-01	
-6.372168E-02	2.763087E-02	
-2.077572E-02	-3.667543E-01	
-8.356813E-03	8.300423E+00	
-1.871139E-02	8.201527E+00	
-3.024111E-02	8.044821E+00	
-4.321932E-02	7.828248E+00	
-5.746565E-02	7.549844E+00	
-7.229520E-02	7.208850E+00	
-8.667591E-02	6.806558E+00	
-9.950197E-02	6.346760E+00	
-1.098191E-01	5.835615E+00	
-1.168760E-01	5.281213E+00	
-1.200606E-01	4.693153E+00	
-1.188774E-01	4.082247E+00	
-1.130093E-01	3.460373E+00	
-1.025577E-01	2.839679E+00	
-8.829393E-02	2.231546E+00	
-7.162371E-02	1.645037E+00	
-5.419932E-02	1.085882E+00	
-3.734563E-02	5.565423E-01	
-2.168559E-02	5.730482E-02	
-7.090933E-03	-3.388876E-01	
-1.371058E-03	8.342888E+00	
-1.113944E-02	8.329406E+00	
-2.153150E-02	8.259246E+00	
-3.291449E-02	8.131045E+00	
-4.528309E-02	7.943235E+00	
-5.823596E-02	7.694951E+00	
-7.105482E-02	7.386788E+00	
-8.289529E-02	7.021158E+00	
-9.295625E-02	6.602499E+00	
-1.005457E-01	6.136911E+00	
-1.050552E-01	5.632033E+00	
-1.059533E-01	5.096800E+00	
-1.029053E-01	4.541204E+00	
-9.601550E-02	3.975682E+00	
-8.606831E-02	3.409832E+00	
-7.451909E-02	2.851028E+00	
-6.315931E-02	2.303158E+00	
-5.361621E-02	1.766493E+00	
-4.699709E-02	1.238461E+00	
-4.385253E-02	7.148241E-01	
-4.045742E-03	8.361690E+00	
-3.267060E-02	8.348997E+00	
-6.338417E-02	8.280760E+00	
-9.744650E-02	8.154976E+00	
-1.349417E-01	7.969167E+00	
-1.745474E-01	7.721576E+00	
-2.138603E-01	7.412294E+00	
-2.501452E-01	7.043778E+00	
-2.809564E-01	6.620752E+00	
-3.042800E-01	6.149571E+00	
-3.183487E-01	5.637951E+00	
-3.214726E-01	5.094904E+00	
-3.123484E-01	4.530928E+00	
-2.909522E-01	3.957672E+00	
-2.595648E-01	3.386508E+00	
-2.229619E-01	2.826200E+00	
-1.871635E-01	2.280828E+00	
-1.574811E-01	1.749598E+00	
-1.372021E-01	1.228458E+00	
-1.276717E-01	7.121525E-01	
-6.479493E-03	8.397755E+00	
-5.176984E-02	8.386847E+00	
-1.011907E-01	8.323044E+00	
-1.575650E-01	8.203129E+00	
-2.214769E-01	8.022422E+00	
-2.903019E-01	7.776753E+00	
-3.589302E-01	7.465058E+00	
-4.219609E-01	7.090329E+00	
-4.752596E-01	6.658311E+00	
-5.158985E-01	6.175974E+00	
-5.412188E-01	5.650936E+00	
-5.481837E-01	5.092008E+00	
-5.335354E-01	4.510053E+00	
-4.956375E-01	3.919253E+00	
-4.376880E-01	3.335589E+00	
-3.692542E-01	2.772082E+00	
-3.033336E-01	2.233227E+00	
-2.505126E-01	1.714696E+00	
-2.157936E-01	1.208362E+00	
-1.998912E-01	7.068150E-01	
-8.396299E-03	8.447931E+00	
-6.641273E-02	8.439978E+00	
-1.309005E-01	8.383823E+00	
-2.080636E-01	8.275888E+00	
-3.010608E-01	8.106572E+00	
-4.049762E-01	7.865343E+00	
-5.087693E-01	7.548889E+00	
-6.021268E-01	7.162886E+00	
-6.800704E-01	6.716996E+00	
-7.403693E-01	6.218228E+00	
-7.798695E-01	5.673503E+00	
-7.941646E-01	5.090701E+00	
-7.772525E-01	4.479799E+00	
-7.212091E-01	3.855565E+00	
-6.259989E-01	3.246117E+00	
-5.101436E-01	2.677265E+00	
-4.023026E-01	2.154283E+00	
-3.228504E-01	1.661366E+00	
-2.746851E-01	1.178808E+00	
-2.532331E-01	6.990153E-01	
-9.476119E-03	8.507455E+00	
-7.448874E-02	8.503483E+00	
-1.476852E-01	8.458002E+00	
-2.382694E-01	8.369456E+00	
-3.636180E-01	8.231349E+00	
-5.202733E-01	8.001137E+00	
-6.700618E-01	7.666678E+00	
-7.948195E-01	7.263213E+00	
-8.991789E-01	6.798972E+00	
-9.819410E-01	6.279313E+00	
-1.039721E+00	5.709699E+00	
-1.067138E+00	5.096217E+00	
-1.055905E+00	4.446138E+00	
-9.919949E-01	3.769274E+00	
-8.421342E-01	3.087338E+00	
-6.316455E-01	2.509700E+00	
-4.620503E-01	2.044411E+00	
-3.633222E-01	1.593057E+00	
-3.065320E-01	1.142161E+00	
-2.817221E-01	6.893998E-01	
-9.502067E-03	8.570311E+00	
-7.461129E-02	8.570748E+00	
-1.479596E-01	8.537281E+00	
-2.388363E-01	8.471638E+00	
-3.648763E-01	8.380556E+00	
-6.334301E-01	2.292988E+00	
-4.628517E-01	1.920950E+00	
-3.637392E-01	1.518678E+00	
-3.067704E-01	1.102782E+00	
-2.818911E-01	6.790902E-01	
-8.459660E-03	8.629980E+00	
-6.672023E-02	8.634449E+00	
-1.316069E-01	8.611815E+00	
-2.095162E-01	8.565890E+00	
-3.040052E-01	8.506833E+00	
-5.142336E-01	2.123314E+00	
-4.043498E-01	1.810161E+00	
-3.239270E-01	1.449931E+00	
-2.753064E-01	1.065939E+00	
-2.536738E-01	6.694210E-01	
-6.556296E-03	8.680385E+00	
-5.215402E-02	8.687903E+00	
-1.020528E-01	8.673147E+00	
-1.592786E-01	8.639693E+00	
-2.247439E-01	8.592984E+00	
-3.737353E-01	2.025765E+00	
-3.057413E-01	1.729832E+00	
-2.518213E-01	1.395917E+00	
-2.165581E-01	1.036069E+00	
-2.004317E-01	6.615318E-01	
-4.102932E-03	8.716679E+00	
-3.297325E-02	8.726077E+00	
-6.406640E-02	8.715964E+00	
-9.877645E-02	8.688811E+00	
-1.373909E-01	8.647946E+00	
-2.262950E-01	1.969370E+00	
-1.890278E-01	1.680966E+00	
-1.585208E-01	1.360357E+00	
-1.378154E-01	1.015661E+00	
-1.281031E-01	6.561010E-01	
-1.379339E-03	8.735616E+00	
-1.123822E-02	8.745869E+00	
-2.177466E-02	8.737802E+00	
-3.339795E-02	8.713307E+00	
-4.617551E-02	8.674842E+00	
-7.574385E-02	1.943282E+00	
-6.385824E-02	1.657901E+00	
-5.401019E-02	1.343066E+00	
-4.722767E-02	1.005464E+00	
-4.401154E-02	6.533700E-01	
1.416154E-03	8.735615E+00	
1.127359E-02	8.745871E+00	
2.180431E-02	8.737806E+00	
3.341960E-02	8.713311E+00	
4.619003E-02	8.674845E+00	
7.573223E-02	1.943283E+00	
6.385010E-02	1.657898E+00	
5.401017E-02	1.343062E+00	
4.723683E-02	1.005459E+00	
4.403155E-02	6.533639E-01	
4.141198E-03	8.716680E+00	
3.300432E-02	8.726086E+00	
6.408944E-02	8.715975E+00	
9.879587E-02	8.688820E+00	
1.374082E-01	8.647953E+00	
2.262927E-01	1.969370E+00	
1.890289E-01	1.680956E+00	
1.585267E-01	1.360345E+00	
1.378281E-01	1.015647E+00	
1.281250E-01	6.560839E-01	
6.587447E-03	8.680390E+00	
5.217995E-02	8.687920E+00	
1.020755E-01	8.673161E+00	
1.592991E-01	8.639705E+00	
2.247593E-01	8.592996E+00	
3.737448E-01	2.025761E+00	
3.057554E-01	1.729819E+00	
2.518375E-01	1.395903E+00	
2.165779E-01	1.036048E+00	
2.004572E-01	6.615070E-01	
8.492708E-03	8.629988E+00	
6.675362E-02	8.634469E+00	
1.316377E-01	8.611832E+00	
2.095392E-01	8.565908E+00	
3.040209E-01	8.506851E+00	
5.142517E-01	2.123303E+00	
4.043732E-01	1.810144E+00	
3.239528E-01	1.449916E+00	
2.753339E-01	1.065914E+00	
2.537043E-01	6.693918E-01	
9.531828E-03	8.570322E+00	
7.463847E-02	8.570767E+00	
1.479831E-01	8.537305E+00	
2.388550E-01	8.471662E+00	
3.648920E-01	8.380578E+00	
6.334536E-01	2.292968E+00	
4.628809E-01	1.920930E+00	
3.637711E-01	1.518660E+00	
3.068049E-01	1.102755E+00	
2.819265E-01	6.790588E-01	
9.508556E-03	8.507468E+00	
7.451848E-02	8.503505E+00	
1.477117E-01	8.458029E+00	
2.382937E-01	8.369484E+00	
3.636394E-01	8.231374E+00	
5.202936E-01	8.001157E+00	
6.700794E-01	7.666687E+00	
7.948318E-01	7.263218E+00	
8.991844E-01	6.798978E+00	
9.819373E-01	6.279315E+00	
1.039710E+00	5.709698E+00	
1.067125E+00	5.096222E+00	
1.055899E+00	4.446148E+00	
9.920028E-01	3.769274E+00	
8.421521E-01	3.087321E+00	
6.316704E-01	2.509672E+00	
4.620810E-01	2.044388E+00	
3.633571E-01	1.593036E+00	
3.065687E-01	1.142133E+00	
2.817580E-01	6.893692E-01	
8.414995E-03	8.447947E+00	
6.642765E-02	8.440003E+00	
1.309173E-01	8.383849E+00	
2.080839E-01	8.275916E+00	
3.010848E-01	8.106595E+00	
4.050019E-01	7.865364E+00	
5.087925E-01	7.548904E+00	
6.021453E-01	7.162897E+00	
6.800834E-01	6.717008E+00	
7.403755E-01	6.218240E+00	
7.798692E-01	5.673507E+00	
7.941647E-01	5.090702E+00	
7.772580E-01	4.479799E+00	
7.212220E-01	3.855555E+00	
6.260187E-01	3.246094E+00	
5.101683E-01	2.677231E+00	
4.023326E-01	2.154254E+00	
3.228836E-01	1.661343E+00	
2.747196E-01	1.178779E+00	
2.532649E-01	6.989889E-01	
6.499029E-03	8.397774E+00	
5.179348E-02	8.386869E+00	
1.012195E-01	8.323066E+00	
1.575978E-01	8.203153E+00	
2.215075E-01	8.022447E+00	
2.903257E-01	7.776777E+00	
3.589505E-01	7.465075E+00	
4.219774E-01	7.090345E+00	
4.752698E-01	6.658329E+00	
5.159019E-01	6.175995E+00	
5.412167E-01	5.650944E+00	
5.481805E-01	5.092006E+00	
5.335374E-01	4.510045E+00	
4.956477E-01	3.919235E+00	
4.377049E-01	3.335560E+00	
3.692761E-01	2.772044E+00	
3.033598E-01	2.233193E+00	
2.505442E-01	1.714668E+00	
2.158265E-01	1.208335E+00	
1.999180E-01	7.067957E-01	
4.047017E-03	8.361714E+00	
3.267192E-02	8.349010E+00	
6.339184E-02	8.280780E+00	
9.745662E-02	8.154997E+00	
1.349552E-01	7.969195E+00	
1.745600E-01	7.721606E+00	
2.138740E-01	7.412308E+00	
2.501634E-01	7.043797E+00	
2.809758E-01	6.620773E+00	
3.042979E-01	6.149597E+00	
3.183611E-01	5.637964E+00	
3.214784E-01	5.094905E+00	
3.123479E-01	4.530920E+00	
2.909533E-01	3.957644E+00	
2.595729E-01	3.386474E+00	
2.229730E-01	2.826159E+00	
1.871797E-01	2.280788E+00	
1.575029E-01	1.749566E+00	
1.372251E-01	1.228433E+00	
1.276890E-01	7.121423E-01	
1.378911E-03	8.342918E+00	
1.114997E-02	8.329409E+00	
2.154417E-02	8.259266E+00	
3.292579E-02	8.131064E+00	
4.529292E-02	7.943262E+00	
5.824390E-02	7.694983E+00	
7.106052E-02	7.386800E+00	
8.289716E-02	7.021179E+00	
9.295591E-02	6.602520E+00	
1.005448E-01	6.136938E+00	
1.050522E-01	5.632052E+00	
1.059495E-01	5.096803E+00	
1.029038E-01	4.541198E+00	
9.601537E-02	3.975649E+00	
8.606963E-02	3.409795E+00	
7.452363E-02	2.850984E+00	
6.316599E-02	2.303114E+00	
5.362449E-02	1.766458E+00	
4.700469E-02	1.238439E+00	
4.385939E-02	7.148179E-01	
3.695543E-03	8.352743E+00	
1.371550E-02	8.310628E+00	
2.454935E-02	8.211255E+00	
3.653425E-02	8.052993E+00	
4.961029E-02	7.834153E+00	
6.327927E-02	7.553871E+00	
7.672130E-02	7.212926E+00	
8.901127E-02	6.814201E+00	
9.930056E-02	6.362662E+00	
1.068846E-01	5.865036E+00	
1.111726E-01	5.329524E+00	
1.116628E-01	4.765620E+00	
1.080481E-01	4.183815E+00	
1.004706E-01	3.594914E+00	
8.976375E-02	3.008844E+00	
7.743907E-02	2.433140E+00	
6.533577E-02	1.871758E+00	
5.511261E-02	1.324900E+00	
4.788522E-02	7.898918E-01	
4.418977E-02	2.624319E-01	
1.081551E-02	8.371846E+00	
4.019427E-02	8.330924E+00	
7.225105E-02	8.233849E+00	
1.081806E-01	8.078313E+00	
1.478883E-01	7.861617E+00	
1.897490E-01	7.581937E+00	
2.310222E-01	7.239576E+00	
2.687002E-01	6.837520E+00	
3.001965E-01	6.381129E+00	
3.234894E-01	5.877446E+00	
3.368718E-01	5.334784E+00	
3.387410E-01	4.762719E+00	
3.278806E-01	4.172241E+00	
3.043742E-01	3.575405E+00	
2.706531E-01	2.983925E+00	
2.316678E-01	2.406748E+00	
1.936062E-01	1.847985E+00	
1.618833E-01	1.306727E+00	
1.398046E-01	7.787586E-01	
1.286495E-01	2.587146E-01	
1.707911E-02	8.408508E+00	
6.361275E-02	8.370175E+00	
1.153083E-01	8.278350E+00	
1.749674E-01	8.129400E+00	
2.429053E-01	7.918175E+00	
3.159064E-01	7.640240E+00	
3.881303E-01	7.294769E+00	
4.536210E-01	6.885495E+00	
5.080437E-01	6.419073E+00	
5.485445E-01	5.903296E+00	
5.726314E-01	5.346404E+00	
5.774181E-01	4.757756E+00	
5.597726E-01	4.148699E+00	
5.182080E-01	3.533876E+00	
4.561644E-01	2.929689E+00	
3.835615E-01	2.349396E+00	
3.137539E-01	1.797468E+00	
2.575366E-01	1.269305E+00	
2.199077E-01	7.564739E-01	
2.014277E-01	2.513641E-01	
2.183095E-02	8.459537E+00	
8.149190E-02	8.425340E+00	
1.490953E-01	8.342484E+00	
2.311358E-01	8.206966E+00	
3.306375E-01	8.008048E+00	
4.415455E-01	7.734276E+00	
5.511879E-01	7.382599E+00	
6.481780E-01	6.960146E+00	
7.275161E-01	6.478183E+00	
7.873968E-01	5.944567E+00	
8.249734E-01	5.366796E+00	
8.360592E-01	4.753236E+00	
8.147893E-01	4.114303E+00	
7.533127E-01	3.465231E+00	
6.518650E-01	2.834843E+00	
5.296405E-01	2.249414E+00	
4.160727E-01	1.714074E+00	
3.319240E-01	1.212332E+00	
2.799402E-01	7.238336E-01	
2.551792E-01	2.407634E-01	
2.443316E-02	8.520093E+00	
9.132852E-02	8.491340E+00	
1.681667E-01	8.420925E+00	
2.647623E-01	8.307161E+00	
4.001868E-01	8.142780E+00	
5.693326E-01	7.879598E+00	
7.282409E-01	7.505828E+00	
8.572535E-01	7.062920E+00	
9.628579E-01	6.560352E+00	
1.044616E+00	6.004038E+00	
1.099581E+00	5.399866E+00	
1.122635E+00	4.754305E+00	
1.105633E+00	4.074963E+00	
1.034531E+00	3.371992E+00	
8.755930E-01	2.667696E+00	
6.552873E-01	2.074031E+00	
4.778271E-01	1.598430E+00	
3.735531E-01	1.139554E+00	
3.124133E-01	6.834882E-01	
2.838893E-01	2.278238E-01	
2.446896E-02	8.584045E+00	
9.146119E-02	8.561276E+00	
1.684610E-01	8.504828E+00	
2.653708E-01	8.416764E+00	
4.015468E-01	8.304778E+00	
6.571516E-01	1.847871E+00	
4.786636E-01	1.468642E+00	
3.739856E-01	1.060390E+00	
3.126591E-01	6.401860E-01	
2.840607E-01	2.140035E-01	
2.192105E-02	8.644746E+00	
8.183638E-02	8.627482E+00	
1.498558E-01	8.583641E+00	
2.326908E-01	8.517695E+00	
3.337996E-01	8.441131E+00	
5.339150E-01	1.670283E+00	
4.182071E-01	1.352034E+00	
3.330396E-01	9.871524E-01	
2.805758E-01	5.996332E-01	
2.556216E-01	2.010036E-01	
1.717938E-02	8.696012E+00	
6.402880E-02	8.682981E+00	
1.162288E-01	8.648361E+00	
1.767983E-01	8.596380E+00	
2.464039E-01	8.533162E+00	
3.882422E-01	1.567442E+00	
3.162617E-01	1.267186E+00	
2.588854E-01	9.294567E-01	
2.206793E-01	5.666591E-01	
2.019626E-01	1.903068E-01	
1.087716E-02	8.732912E+00	
4.051407E-02	8.722567E+00	
7.297349E-02	8.693434E+00	
1.095946E-01	8.648497E+00	
1.504993E-01	8.591554E+00	
2.351406E-01	1.507708E+00	
1.955405E-01	1.215339E+00	
1.629504E-01	8.913366E-01	
1.404199E-01	5.440427E-01	
1.290758E-01	1.828625E-01	
3.690334E-03	8.752164E+00	
1.381116E-02	8.743073E+00	
2.480015E-02	8.716377E+00	
3.704203E-02	8.674417E+00	
5.054984E-02	8.620046E+00	
7.869859E-02	1.479997E+00	
6.604814E-02	1.190800E+00	
5.550977E-02	8.727477E-01	
4.811505E-02	5.327063E-01	
4.434770E-02	1.790874E-01	
-3.774470E-03	8.752166E+00	
-1.388925E-02	8.743077E+00	
-2.486921E-02	8.716382E+00	
-3.710296E-02	8.674421E+00	
-5.060654E-02	8.620048E+00	
-7.873239E-02	1.480001E+00	
-6.607434E-02	1.190803E+00	
-5.552967E-02	8.727504E-01	
-4.812911E-02	5.327095E-01	
-4.435661E-02	1.790893E-01	
-1.095528E-02	8.732919E+00	
-4.058653E-02	8.722578E+00	
-7.303843E-02	8.693449E+00	
-1.096527E-01	8.648506E+00	
-1.505543E-01	8.591558E+00	
-2.351731E-01	1.507717E+00	
-1.955689E-01	1.215349E+00	
-1.629743E-01	8.913442E-01	
-1.404383E-01	5.440523E-01	
-1.290884E-01	1.828690E-01	
-1.724756E-02	8.696024E+00	
-6.409227E-02	8.682998E+00	
-1.162873E-01	8.648383E+00	
-1.768514E-01	8.596393E+00	
-2.464529E-01	8.533167E+00	
-3.882702E-01	1.567454E+00	
-3.162886E-01	1.267198E+00	
-2.589102E-01	9.294680E-01	
-2.207002E-01	5.666745E-01	
-2.019786E-01	1.903183E-01	
-2.197707E-02	8.644761E+00	
-8.189025E-02	8.627502E+00	
-1.499078E-01	8.583666E+00	
-2.327383E-01	8.517716E+00	
-3.338393E-01	8.441142E+00	
-5.339351E-01	1.670295E+00	
-4.182269E-01	1.352047E+00	
-3.330599E-01	9.871649E-01	
-2.805956E-01	5.996519E-01	
-2.556393E-01	2.010188E-01	
-2.451281E-02	8.584061E+00	
-9.150466E-02	8.561297E+00	
-1.685044E-01	8.504853E+00	
-2.654109E-01	8.416791E+00	
-4.015791E-01	8.304797E+00	
-6.571639E-01	1.847885E+00	
-4.786761E-01	1.468653E+00	
-3.740010E-01	1.060401E+00	
-3.126770E-01	6.402044E-01	
-2.840793E-01	2.140202E-01	
-2.446752E-02	8.520111E+00	
-9.136036E-02	8.491362E+00	
-1.681966E-01	8.420952E+00	
-2.647902E-01	8.307192E+00	
-4.002126E-01	8.142806E+00	
-5.693511E-01	7.879614E+00	
-7.282511E-01	7.505846E+00	
-8.572634E-01	7.062941E+00	
-9.628704E-01	6.560363E+00	
-1.044631E+00	6.004042E+00	
-1.099599E+00	5.399875E+00	
-1.122657E+00	4.754316E+00	
-1.105656E+00	4.074962E+00	
-1.034548E+00	3.371988E+00	
-8.756048E-01	2.667704E+00	
-6.552966E-01	2.074046E+00	
-4.778373E-01	1.598439E+00	
-3.735658E-01	1.139562E+00	
-3.124288E-01	6.835043E-01	
-2.839065E-01	2.278404E-01	
-2.185926E-02	8.459558E+00	
-8.151476E-02	8.425368E+00	
-1.491110E-01	8.342514E+00	
-2.311488E-01	8.206998E+00	
-3.306493E-01	8.008077E+00	
-4.415535E-01	7.734300E+00	
-5.511924E-01	7.382620E+00	
-6.481829E-01	6.960163E+00	
-7.275247E-01	6.478192E+00	
-7.874079E-01	5.944569E+00	
-8.249866E-01	5.366801E+00	
-8.360751E-01	4.753244E+00	
-8.148059E-01	4.114305E+00	
-7.533269E-01	3.465232E+00	
-6.518761E-01	2.834854E+00	
-5.296503E-01	2.249430E+00	
-4.160825E-01	1.714082E+00	
-3.319338E-01	1.212338E+00	
-2.799506E-01	7.238478E-01	
-2.551908E-01	2.407791E-01	
-1.710298E-02	8.408532E+00	
-6.363088E-02	8.370210E+00	
-1.153172E-01	8.278390E+00	
-1.749681E-01	8.129434E+00	
-2.429030E-01	7.918205E+00	
-3.159046E-01	7.640266E+00	
-3.881298E-01	7.294791E+00	
-4.536231E-01	6.885509E+00	
-5.080491E-01	6.419078E+00	
-5.485529E-01	5.903296E+00	
-5.726412E-01	5.346407E+00	
-5.774285E-01	4.757762E+00	
-5.597828E-01	4.148702E+00	
-5.182168E-01	3.533880E+00	
-4.561720E-01	2.929702E+00	
-3.835688E-01	2.349411E+00	
-3.137613E-01	1.797476E+00	
-2.575431E-01	1.269311E+00	
-2.199132E-01	7.564878E-01	
-2.014326E-01	2.513795E-01	
-1.083202E-02	8.371872E+00	
-4.020798E-02	8.330965E+00	
-7.225865E-02	8.233897E+00	
-1.081804E-01	8.078354E+00	
-1.478823E-01	7.861649E+00	
-1.897426E-01	7.581961E+00	
-2.310187E-01	7.239594E+00	
-2.686987E-01	6.837532E+00	
-3.001964E-01	6.381132E+00	
-3.234929E-01	5.877443E+00	
-3.368792E-01	5.334786E+00	
-3.387484E-01	4.762726E+00	
-3.278857E-01	4.172246E+00	
-3.043785E-01	3.575410E+00	
-2.706565E-01	2.983939E+00	
-2.316694E-01	2.406764E+00	
-1.936082E-01	1.847992E+00	
-1.618884E-01	1.306733E+00	
-1.398098E-01	7.787743E-01	
-1.286532E-01	2.587303E-01	
-3.701069E-03	8.352771E+00	
-1.372006E-02	8.310672E+00	
-2.455272E-02	8.211308E+00	
-3.653398E-02	8.053041E+00	
-4.960651E-02	7.834188E+00	
-6.327517E-02	7.553893E+00	
-7.671892E-02	7.212942E+00	
-8.900962E-02	6.814213E+00	
-9.929975E-02	6.362663E+00	
-1.068863E-01	5.865029E+00	
-1.111762E-01	5.329524E+00	
-1.116658E-01	4.765630E+00	
-1.080498E-01	4.183821E+00	
-1.004721E-01	3.594919E+00	
-8.976450E-02	3.008859E+00	
-7.743874E-02	2.433157E+00	
-6.533642E-02	1.871763E+00	
-5.511504E-02	1.324904E+00	
-4.788755E-02	7.899098E-01	
-4.418965E-02	2.624494E-01	
-6.094347E-03	8.338514E+00	
-1.631495E-02	8.267796E+00	
-2.753996E-02	8.139404E+00	
-4.007690E-02	7.951475E+00	
-5.380718E-02	7.702165E+00	
-6.814390E-02	7.390629E+00	
-8.216889E-02	7.017883E+00	
-9.487199E-02	6.587213E+00	
-1.053580E-01	6.104101E+00	
-1.129178E-01	5.575875E+00	
-1.169761E-01	5.011321E+00	
-1.170548E-01	4.420437E+00	
-1.128803E-01	3.814148E+00	
-1.046373E-01	3.203630E+00	
-9.320222E-02	2.599079E+00	
-8.013333E-02	2.008170E+00	
-6.732001E-02	1.434906E+00	
-5.644774E-02	8.794737E-01	
-4.862980E-02	3.390883E-01	
-4.438552E-02	-1.906687E-01	
-1.780155E-02	8.357818E+00	
-4.778362E-02	8.288694E+00	
-8.103435E-02	8.162981E+00	
-1.186803E-01	7.978080E+00	
-1.604493E-01	7.731059E+00	
-2.044258E-01	7.420048E+00	
-2.475308E-01	7.045593E+00	
-2.864851E-01	6.611160E+00	
-3.185742E-01	6.122729E+00	
-3.417717E-01	5.588004E+00	
-3.544312E-01	5.015910E+00	
-3.550362E-01	4.416532E+00	
-3.424667E-01	3.801309E+00	
-3.169169E-01	3.182677E+00	
-2.809569E-01	2.572638E+00	
-2.396992E-01	1.980285E+00	
-1.994818E-01	1.409760E+00	
-1.658088E-01	8.600741E-01	
-1.419855E-01	3.268466E-01	
-1.292313E-01	-1.954254E-01	
-2.802259E-02	8.394876E+00	
-7.555162E-02	8.329148E+00	
-1.292803E-01	8.209507E+00	
-1.919838E-01	8.031904E+00	
-2.637079E-01	7.790728E+00	
-3.406498E-01	7.481297E+00	
-4.162418E-01	7.103041E+00	
-4.839893E-01	6.660414E+00	
-5.393745E-01	6.160949E+00	
-5.796236E-01	5.613231E+00	
-6.024092E-01	5.026128E+00	
-6.050010E-01	4.409511E+00	
-5.844042E-01	3.775164E+00	
-5.392858E-01	3.138153E+00	
-4.733188E-01	2.515234E+00	
-3.967509E-01	1.919862E+00	
-3.232567E-01	1.356471E+00	
-2.637982E-01	8.202321E-01	
-2.233583E-01	3.024252E-01	
-2.023507E-01	-2.047658E-01	
-3.569478E-02	8.446474E+00	
-9.669158E-02	8.386075E+00	
-1.671084E-01	8.276725E+00	
-2.537116E-01	8.113993E+00	
-3.593733E-01	7.886025E+00	
-4.769111E-01	7.580480E+00	
-5.920584E-01	7.194598E+00	
-6.923877E-01	6.736934E+00	
-7.728850E-01	6.220311E+00	
-8.321710E-01	5.653404E+00	
-8.677167E-01	5.044287E+00	
-8.755595E-01	4.401787E+00	
-8.499870E-01	3.736719E+00	
-7.832450E-01	3.064738E+00	
-6.758410E-01	2.415278E+00	
-5.475909E-01	1.815001E+00	
-4.286216E-01	1.268869E+00	
-3.400223E-01	7.597761E-01	
-2.843694E-01	2.667884E-01	
-2.563718E-01	-2.181342E-01	
-3.985203E-02	8.507729E+00	
-1.082934E-01	8.454259E+00	
-1.884475E-01	8.359112E+00	
-2.906983E-01	8.220459E+00	
-4.357481E-01	8.030270E+00	
-6.168439E-01	7.734869E+00	
-7.843742E-01	7.322887E+00	
-9.172483E-01	6.841849E+00	
-1.023783E+00	6.302428E+00	
-1.104298E+00	5.711087E+00	
-1.156285E+00	5.074136E+00	
-1.174907E+00	4.398402E+00	
-1.152179E+00	3.691803E+00	
-1.074074E+00	2.964808E+00	
-9.065068E-01	2.240238E+00	
-6.770164E-01	1.632301E+00	
-4.922047E-01	1.147788E+00	
-3.826913E-01	6.827447E-01	
-3.173872E-01	2.228628E-01	
-2.852344E-01	-2.343590E-01	
-3.989898E-02	8.572430E+00	
-1.084457E-01	8.526545E+00	
-1.887760E-01	8.447310E+00	
-2.913647E-01	8.337101E+00	
-4.372196E-01	8.204533E+00	
-6.789624E-01	1.397345E+00	
-4.930825E-01	1.012052E+00	
-3.831469E-01	5.990318E-01	
-3.176450E-01	1.757696E-01	
-2.854131E-01	-2.516505E-01	
-3.582126E-02	8.633839E+00	
-9.709300E-02	8.594955E+00	
-1.679622E-01	8.530100E+00	
-2.554185E-01	8.444356E+00	
-3.628033E-01	8.350517E+00	
-5.520580E-01	1.212356E+00	
-4.308625E-01	8.899660E-01	
-3.411995E-01	5.215189E-01	
-2.850443E-01	1.316254E-01	
-2.568375E-01	-2.679451E-01	
-2.819087E-02	8.685686E+00	
-7.605526E-02	8.652245E+00	
-1.303267E-01	8.597951E+00	
-1.940093E-01	8.527644E+00	
-2.675227E-01	8.448128E+00	
-4.016501E-01	1.104522E+00	
-3.258933E-01	8.008476E-01	
-2.652292E-01	4.603102E-01	
-2.241874E-01	9.563709E-02	
-2.029241E-01	-2.814269E-01	
-1.795662E-02	8.722989E+00	
-4.820607E-02	8.693055E+00	
-8.188169E-02	8.645088E+00	
-1.202675E-01	8.582575E+00	
-1.633237E-01	8.509766E+00	
-2.433510E-01	1.041619E+00	
-2.015306E-01	7.461732E-01	
-1.669518E-01	4.197417E-01	
-1.426561E-01	7.086803E-02	
-1.296972E-01	-2.908799E-01	
-6.183905E-03	8.742446E+00	
-1.650753E-02	8.714171E+00	
-2.789201E-02	8.669032E+00	
-4.069997E-02	8.609825E+00	
-5.489432E-02	8.539766E+00	
-8.149234E-02	1.012360E+00	
-6.810470E-02	7.202244E-01	
-5.689784E-02	3.999047E-01	
-4.890092E-02	5.841235E-02	
-4.457650E-02	-2.957076E-01	
6.094025E-03	8.742449E+00	
1.641090E-02	8.714174E+00	
2.779257E-02	8.669031E+00	
4.060239E-02	8.609824E+00	
5.479669E-02	8.539768E+00	
8.142249E-02	1.012359E+00	
6.803778E-02	7.202219E-01	
5.683762E-02	3.999006E-01	
4.885048E-02	5.840674E-02	
4.453739E-02	-2.957133E-01	
1.787323E-02	8.723000E+00	
4.811755E-02	8.693063E+00	
8.178933E-02	8.645089E+00	
1.201738E-01	8.582572E+00	
1.632301E-01	8.509770E+00	
2.432847E-01	1.041617E+00	
2.014678E-01	7.461655E-01	
1.668957E-01	4.197291E-01	
1.426088E-01	7.085221E-02	
1.296593E-01	-2.908962E-01	
2.811960E-02	8.685699E+00	
7.598270E-02	8.652256E+00	
1.302514E-01	8.597956E+00	
1.939300E-01	8.527642E+00	
2.674413E-01	8.448132E+00	
4.015863E-01	1.104517E+00	
3.258347E-01	8.008343E-01	
2.651779E-01	4.602893E-01	
2.241437E-01	9.561307E-02	
2.028887E-01	-2.814525E-01	
3.576458E-02	8.633853E+00	
9.703736E-02	8.594967E+00	
1.679059E-01	8.530108E+00	
2.553596E-01	8.444358E+00	
3.627420E-01	8.350522E+00	
5.519964E-01	1.212346E+00	
4.308083E-01	8.899453E-01	
3.411537E-01	5.214898E-01	
2.850071E-01	1.315932E-01	
2.568092E-01	-2.679797E-01	
3.985415E-02	8.572444E+00	
1.084004E-01	8.526556E+00	
1.887310E-01	8.447319E+00	
2.913212E-01	8.337103E+00	
4.371781E-01	8.204538E+00	
6.789061E-01	1.397327E+00	
4.930349E-01	1.012023E+00	
3.831090E-01	5.989928E-01	
3.176180E-01	1.757278E-01	
2.853957E-01	-2.516940E-01	
3.981539E-02	8.507744E+00	
1.082542E-01	8.454271E+00	
1.884095E-01	8.359119E+00	
2.906654E-01	8.220457E+00	
4.357196E-01	8.030272E+00	
6.168130E-01	7.734884E+00	
7.843389E-01	7.322899E+00	
9.172106E-01	6.841852E+00	
1.023739E+00	6.302430E+00	
1.104245E+00	5.711095E+00	
1.156227E+00	5.074141E+00	
1.174848E+00	4.398392E+00	
1.152117E+00	3.691780E+00	
1.074011E+00	2.964783E+00	
9.064492E-01	2.240214E+00	
6.769690E-01	1.632273E+00	
4.921681E-01	1.147749E+00	
3.826643E-01	6.826966E-01	
3.173690E-01	2.228104E-01	
2.852267E-01	-2.344120E-01	
3.566457E-02	8.446491E+00	
9.666249E-02	8.386087E+00	
1.670806E-01	8.276729E+00	
2.536857E-01	8.113986E+00	
3.593489E-01	7.886026E+00	
4.768870E-01	7.580499E+00	
5.920314E-01	7.194614E+00	
6.923565E-01	6.736940E+00	
7.728516E-01	6.220318E+00	
8.321334E-01	5.653419E+00	
8.676737E-01	5.044295E+00	
8.755119E-01	4.401779E+00	
8.499349E-01	3.736701E+00	
7.831912E-01	3.064712E+00	
6.757930E-01	2.415244E+00	
5.475553E-01	1.814961E+00	
4.285959E-01	1.268821E+00	
3.400046E-01	7.597193E-01	
2.843619E-01	2.667256E-01	
2.563709E-01	-2.181939E-01	
2.799964E-02	8.394890E+00	
7.553336E-02	8.329157E+00	
1.292640E-01	8.209511E+00	
1.919649E-01	8.031898E+00	
2.636875E-01	7.790729E+00	
3.406307E-01	7.481315E+00	
4.162234E-01	7.103061E+00	
4.839695E-01	6.660422E+00	
5.393514E-01	6.160959E+00	
5.795985E-01	5.613249E+00	
6.023824E-01	5.026141E+00	
6.049697E-01	4.409508E+00	
5.843672E-01	3.775151E+00	
5.392461E-01	3.138126E+00	
4.732832E-01	2.515191E+00	
3.967232E-01	1.919812E+00	
3.232372E-01	1.356416E+00	
2.637894E-01	8.201641E-01	
2.233580E-01	3.023548E-01	
2.023545E-01	-2.048286E-01	
1.778610E-02	8.357829E+00	
4.777225E-02	8.288698E+00	
8.102465E-02	8.162986E+00	
1.186683E-01	7.978078E+00	
1.604359E-01	7.731058E+00	
2.044141E-01	7.420064E+00	
2.475212E-01	7.045612E+00	
2.864735E-01	6.611172E+00	
3.185588E-01	6.122742E+00	
3.417564E-01	5.588022E+00	
3.544185E-01	5.015922E+00	
3.550225E-01	4.416536E+00	
3.424490E-01	3.801300E+00	
3.168975E-01	3.182650E+00	
2.809365E-01	2.572591E+00	
2.396800E-01	1.980229E+00	
1.994699E-01	1.409695E+00	
1.658052E-01	8.599968E-01	
1.419874E-01	3.267713E-01	
1.292351E-01	-1.954892E-01	
6.088228E-03	8.338523E+00	
1.630970E-02	8.267797E+00	
2.753623E-02	8.139409E+00	
4.007370E-02	7.951474E+00	
5.380321E-02	7.702165E+00	
6.814102E-02	7.390641E+00	
8.216613E-02	7.017903E+00	
9.486733E-02	6.587228E+00	
1.053524E-01	6.104115E+00	
1.129134E-01	5.575890E+00	
1.169717E-01	5.011334E+00	
1.170488E-01	4.420443E+00	
1.128741E-01	3.814141E+00	
1.046302E-01	3.203605E+00	
9.319403E-02	2.599034E+00	
8.012732E-02	2.008109E+00	
6.731671E-02	1.434835E+00	
5.644611E-02	8.793920E-01	
4.863019E-02	3.390098E-01	
4.438849E-02	-1.907337E-01	
8.365400E-03	-8.300395E+00	
1.871708E-02	-8.201522E+00	
3.024564E-02	-8.044810E+00	
4.322784E-02	-7.828258E+00	
5.747374E-02	-7.549839E+00	
7.229592E-02	-7.208853E+00	
8.667763E-02	-6.806529E+00	
9.950470E-02	-6.346749E+00	
1.098115E-01	-5.835599E+00	
1.168654E-01	-5.281228E+00	
1.200528E-01	-4.693149E+00	
1.188647E-01	-4.082258E+00	
1.129950E-01	-3.460362E+00	
1.025520E-01	-2.839671E+00	
8.829166E-02	-2.231552E+00	
7.162582E-02	-1.645061E+00	
5.420374E-02	-1.085910E+00	
3.735029E-02	-5.565967E-01	
2.168862E-02	-5.733386E-02	
7.091018E-03	3.388438E-01	
2.440051E-02	-8.319783E+00	
5.478644E-02	-8.222871E+00	
8.898798E-02	-8.069191E+00	
1.280311E-01	-7.855903E+00	
1.714457E-01	-7.579854E+00	
2.170109E-01	-7.239224E+00	
2.612764E-01	-6.834805E+00	
3.006602E-01	-6.370685E+00	
3.322595E-01	-5.853570E+00	
3.539467E-01	-5.291999E+00	
3.640254E-01	-4.695645E+00	
3.609051E-01	-4.075454E+00	
3.433236E-01	-3.443715E+00	
3.112697E-01	-2.813821E+00	
2.670098E-01	-2.198881E+00	
2.151943E-01	-1.609250E+00	
1.614895E-01	-1.050594E+00	
1.103853E-01	-5.239551E-01	
6.372809E-02	-2.765654E-02	
2.077868E-02	3.667135E-01	
3.835943E-02	-8.357008E+00	
8.657430E-02	-8.264247E+00	
1.419434E-01	-8.117385E+00	
2.071760E-01	-7.911984E+00	
2.820158E-01	-7.642027E+00	
3.620456E-01	-7.302646E+00	
4.399442E-01	-6.893547E+00	
5.086137E-01	-6.419996E+00	
5.632466E-01	-5.890490E+00	
6.010255E-01	-5.314544E+00	
6.196055E-01	-4.701758E+00	
6.161526E-01	-4.062767E+00	
5.874617E-01	-3.410129E+00	
5.318615E-01	-2.759753E+00	
4.525566E-01	-2.129385E+00	
3.591608E-01	-1.533535E+00	
2.643593E-01	-9.778026E-01	
1.775262E-01	-4.588092E-01	
1.013020E-01	3.007902E-02	
3.286860E-02	4.203607E-01	
4.879395E-02	-8.408861E+00	
1.107308E-01	-8.322546E+00	
1.834481E-01	-8.187173E+00	
2.739348E-01	-7.997916E+00	
3.848714E-01	-7.741872E+00	
5.079121E-01	-7.405872E+00	
6.271581E-01	-6.987466E+00	
7.290828E-01	-6.496671E+00	
8.085462E-01	-5.947912E+00	
8.644082E-01	-5.350764E+00	
8.942283E-01	-4.713939E+00	
8.939623E-01	-4.046868E+00	
8.576015E-01	-3.360977E+00	
7.768877E-01	-2.672592E+00	
6.517477E-01	-2.012102E+00	
5.013649E-01	-1.407040E+00	
3.548430E-01	-8.629748E-01	
2.313573E-01	-3.633181E-01	
1.303356E-01	1.118338E-01	
4.207285E-02	4.953022E-01	
5.442405E-02	-8.470436E+00	
1.239584E-01	-8.392442E+00	
2.068459E-01	-8.272881E+00	
3.139776E-01	-8.109826E+00	
4.675826E-01	-7.894504E+00	
6.592175E-01	-7.567916E+00	
8.336868E-01	-7.119137E+00	
9.684239E-01	-6.601662E+00	
1.073394E+00	-6.027355E+00	
1.149477E+00	-5.403266E+00	
1.194352E+00	-4.736132E+00	
1.203093E+00	-4.033150E+00	
1.167405E+00	-3.302646E+00	
1.072653E+00	-2.555456E+00	
8.835472E-01	-1.814991E+00	
6.272987E-01	-1.197519E+00	
4.107586E-01	-7.094338E-01	
2.622671E-01	-2.448819E-01	
1.464473E-01	2.102390E-01	
4.711600E-02	5.844910E-01	
5.448019E-02	-8.535481E+00	
1.241195E-01	-8.466570E+00	
2.071930E-01	-8.364714E+00	
3.146839E-01	-8.232615E+00	
4.691379E-01	-8.079773E+00	
6.291924E-01	-9.334398E-01	
4.115927E-01	-5.393732E-01	
2.626680E-01	-1.175263E-01	
1.466236E-01	3.147476E-01	
4.716516E-02	6.787722E-01	
4.893565E-02	-8.597208E+00	
1.111465E-01	-8.536694E+00	
1.843324E-01	-8.450850E+00	
2.757124E-01	-8.345350E+00	
3.884620E-01	-8.234242E+00	
5.057130E-01	-7.216546E-01	
3.569805E-01	-3.848262E-01	
2.324131E-01	1.418803E-03	
1.308223E-01	4.134376E-01	
4.221279E-02	7.681502E-01	
3.852859E-02	-8.649305E+00	
8.708395E-02	-8.595363E+00	
1.430145E-01	-8.521298E+00	
2.092729E-01	-8.432541E+00	
2.859965E-01	-8.336525E+00	
3.639248E-01	-5.922069E-01	
2.668570E-01	-2.684735E-01	
1.787851E-01	9.770540E-02	
1.018783E-01	4.956487E-01	
3.303199E-02	8.433949E-01	
2.454018E-02	-8.686773E+00	
5.519683E-02	-8.637107E+00	
8.983493E-02	-8.570122E+00	
1.296518E-01	-8.489792E+00	
1.744209E-01	-8.400766E+00	
2.187341E-01	-5.140211E-01	
1.634221E-01	-1.942795E-01	
1.113873E-01	1.636179E-01	
6.419670E-02	5.538336E-01	
2.091300E-02	8.973399E-01	
8.411359E-03	-8.706306E+00	
1.886604E-02	-8.658686E+00	
3.056168E-02	-8.594877E+00	
4.382424E-02	-8.518116E+00	
5.855330E-02	-8.431940E+00	
7.292019E-02	-4.768378E-01	
5.491607E-02	-1.581466E-01	
3.771503E-02	1.967208E-01	
2.185681E-02	5.837796E-01	
7.140758E-03	9.253937E-01	
-8.420448E-03	-8.706307E+00	
-1.887545E-02	-8.658684E+00	
-3.057191E-02	-8.594878E+00	
-4.383691E-02	-8.518113E+00	
-5.857112E-02	-8.431938E+00	
-7.292394E-02	-4.768357E-01	
-5.492713E-02	-1.581415E-01	
-3.773268E-02	1.967223E-01	
-2.187378E-02	5.837775E-01	
-7.148186E-03	9.253863E-01	
-2.454751E-02	-8.686774E+00	
-5.520300E-02	-8.637107E+00	
-8.984066E-02	-8.570121E+00	
-1.296597E-01	-8.489786E+00	
-1.744321E-01	-8.400758E+00	
-2.187387E-01	-5.140067E-01	
-1.634361E-01	-1.942698E-01	
-1.113998E-01	1.636198E-01	
-6.420777E-02	5.538290E-01	
-2.091834E-02	8.973198E-01	
-3.852862E-02	-8.649304E+00	
-8.708419E-02	-8.595365E+00	
-1.430166E-01	-8.521293E+00	
-2.092779E-01	-8.432534E+00	
-2.860057E-01	-8.336510E+00	
-3.639251E-01	-5.921802E-01	
-2.668577E-01	-2.684663E-01	
-1.787893E-01	9.771165E-02	
-1.018897E-01	4.956456E-01	
-3.303871E-02	8.433627E-01	
-4.893336E-02	-8.597205E+00	
-1.111495E-01	-8.536693E+00	
-1.843395E-01	-8.450842E+00	
-2.757231E-01	-8.345340E+00	
-3.884701E-01	-8.234230E+00	
-5.056995E-01	-7.216266E-01	
-3.569744E-01	-3.848123E-01	
-2.324102E-01	1.424993E-03	
-1.308120E-01	4.134345E-01	
-4.220667E-02	7.681173E-01	
-5.447374E-02	-8.535479E+00	
-1.241090E-01	-8.466567E+00	
-2.071793E-01	-8.364708E+00	
-3.146699E-01	-8.232600E+00	
-4.691268E-01	-8.079765E+00	
-6.291821E-01	-9.334123E-01	
-4.115801E-01	-5.393537E-01	
-2.626556E-01	-1.175224E-01	
-1.466188E-01	3.147471E-01	
-4.716502E-02	6.787456E-01	
-5.442499E-02	-8.470437E+00	
-1.239611E-01	-8.392438E+00	
-2.068499E-01	-8.272878E+00	
-3.139792E-01	-8.109810E+00	
-4.675786E-01	-7.894499E+00	
-6.592095E-01	-7.567916E+00	
-8.336811E-01	-7.119153E+00	
-9.684161E-01	-6.601677E+00	
-1.073383E+00	-6.027379E+00	
-1.149473E+00	-5.403281E+00	
-1.194351E+00	-4.736142E+00	
-1.203099E+00	-4.033167E+00	
-1.167412E+00	-3.302632E+00	
-1.072648E+00	-2.555446E+00	
-8.835380E-01	-1.814986E+00	
-6.272824E-01	-1.197500E+00	
-4.107366E-01	-7.094140E-01	
-2.622500E-01	-2.448732E-01	
-1.464328E-01	2.102439E-01	
-4.710918E-02	5.844714E-01	
-4.878374E-02	-8.408863E+00	
-1.107187E-01	-8.322541E+00	
-1.834355E-01	-8.187170E+00	
-2.739220E-01	-7.997902E+00	
-3.848586E-01	-7.741871E+00	
-5.079009E-01	-7.405872E+00	
-6.271493E-01	-6.987477E+00	
-7.290798E-01	-6.496687E+00	
-8.085513E-01	-5.947930E+00	
-8.644236E-01	-5.350768E+00	
-8.942521E-01	-4.713948E+00	
-8.939835E-01	-4.046881E+00	
-8.576153E-01	-3.360972E+00	
-7.768965E-01	-2.672589E+00	
-6.517445E-01	-2.012105E+00	
-5.013491E-01	-1.407032E+00	
-3.548278E-01	-8.629491E-01	
-2.313424E-01	-3.633102E-01	
-1.303208E-01	1.118421E-01	
-4.206670E-02	4.952956E-01	
-3.836504E-02	-8.357008E+00	
-8.657889E-02	-8.264247E+00	
-1.419454E-01	-8.117380E+00	
-2.071759E-01	-7.911975E+00	
-2.820095E-01	-7.642027E+00	
-3.620351E-01	-7.302647E+00	
-4.399286E-01	-6.893560E+00	
-5.085973E-01	-6.420005E+00	
-5.632360E-01	-5.890502E+00	
-6.010211E-01	-5.314539E+00	
-6.196071E-01	-4.701763E+00	
-6.161642E-01	-4.062778E+00	
-5.874781E-01	-3.410129E+00	
-5.318652E-01	-2.759763E+00	
-4.525486E-01	-2.129400E+00	
-3.591486E-01	-1.533533E+00	
-2.643337E-01	-9.777843E-01	
-1.775003E-01	-4.587938E-01	
-1.012872E-01	3.009091E-02	
-3.286169E-02	4.203672E-01	
-2.439782E-02	-8.319783E+00	
-5.477963E-02	-8.222876E+00	
-8.897356E-02	-8.069191E+00	
-1.280151E-01	-7.855893E+00	
-1.714358E-01	-7.579856E+00	
-2.170049E-01	-7.239224E+00	
-2.612797E-01	-6.834815E+00	
-3.006712E-01	-6.370690E+00	
-3.322705E-01	-5.853579E+00	
-3.539614E-01	-5.291986E+00	
-3.640445E-01	-4.695647E+00	
-3.609249E-01	-4.075456E+00	
-3.433397E-01	-3.443722E+00	
-3.112775E-01	-2.813845E+00	
-2.670095E-01	-2.198902E+00	
-2.151864E-01	-1.609253E+00	
-1.614783E-01	-1.050587E+00	
-1.103782E-01	-5.239249E-01	
-6.372165E-02	-2.764775E-02	
-2.077339E-02	3.667321E-01	
-8.367935E-03	-8.300400E+00	
-1.872559E-02	-8.201520E+00	
-3.025511E-02	-8.044823E+00	
-4.322736E-02	-7.828246E+00	
-5.746840E-02	-7.549841E+00	
-7.229282E-02	-7.208846E+00	
-8.666409E-02	-6.806547E+00	
-9.948276E-02	-6.346748E+00	
-1.097997E-01	-5.835605E+00	
-1.168570E-01	-5.281212E+00	
-1.200446E-01	-4.693151E+00	
-1.188650E-01	-4.082252E+00	
-1.129978E-01	-3.460379E+00	
-1.025484E-01	-2.839700E+00	
-8.828778E-02	-2.231576E+00	
-7.161869E-02	-1.645071E+00	
-5.419469E-02	-1.085901E+00	
-3.734187E-02	-5.565637E-01	
-2.168330E-02	-5.732408E-02	
-7.090926E-03	3.388678E-01	
-1.369765E-03	-8.342893E+00	
-1.113749E-02	-8.329394E+00	
-2.152948E-02	-8.259249E+00	
-3.291265E-02	-8.131035E+00	
-4.528447E-02	-7.943267E+00	
-5.823685E-02	-7.694969E+00	
-7.105428E-02	-7.386828E+00	
-8.289337E-02	-7.021177E+00	
-9.295679E-02	-6.602523E+00	
-1.005455E-01	-6.136929E+00	
-1.050512E-01	-5.632036E+00	
-1.059491E-01	-5.096800E+00	
-1.029015E-01	-4.541183E+00	
-9.601369E-02	-3.975655E+00	
-8.607004E-02	-3.409800E+00	
-7.452292E-02	-2.850995E+00	
-6.316540E-02	-2.303125E+00	
-5.362218E-02	-1.766466E+00	
-4.700070E-02	-1.238445E+00	
-4.385543E-02	-7.148152E-01	
-4.047044E-03	-8.361687E+00	
-3.267152E-02	-8.348992E+00	
-6.338576E-02	-8.280757E+00	
-9.745202E-02	-8.154976E+00	
-1.349487E-01	-7.969195E+00	
-1.745545E-01	-7.721600E+00	
-2.138654E-01	-7.412325E+00	
-2.501437E-01	-7.043797E+00	
-2.809539E-01	-6.620777E+00	
-3.042761E-01	-6.149586E+00	
-3.183459E-01	-5.637955E+00	
-3.214666E-01	-5.094900E+00	
-3.123408E-01	-4.530910E+00	
-2.909502E-01	-3.957650E+00	
-2.595693E-01	-3.386481E+00	
-2.229724E-01	-2.826171E+00	
-1.871778E-01	-2.280797E+00	
-1.574979E-01	-1.749571E+00	
-1.372170E-01	-1.228437E+00	
-1.276797E-01	-7.121401E-01	
-6.479365E-03	-8.397749E+00	
-5.177380E-02	-8.386849E+00	
-1.011993E-01	-8.323040E+00	
-1.575757E-01	-8.203136E+00	
-2.214863E-01	-8.022442E+00	
-2.903083E-01	-7.776781E+00	
-3.589324E-01	-7.465079E+00	
-4.219577E-01	-7.090346E+00	
-4.752520E-01	-6.658332E+00	
-5.158867E-01	-6.175988E+00	
-5.412056E-01	-5.650942E+00	
-5.481720E-01	-5.092001E+00	
-5.335282E-01	-4.510040E+00	
-4.956376E-01	-3.919239E+00	
-4.376960E-01	-3.335570E+00	
-3.692692E-01	-2.772058E+00	
-3.033547E-01	-2.233201E+00	
-2.505379E-01	-1.714671E+00	
-2.158174E-01	-1.208336E+00	
-1.999076E-01	-7.067943E-01	
-8.398304E-03	-8.447927E+00	
-6.641285E-02	-8.439980E+00	
-1.309032E-01	-8.383825E+00	
-2.080736E-01	-8.275898E+00	
-3.010731E-01	-8.106590E+00	
-4.049855E-01	-7.865367E+00	
-5.087725E-01	-7.548904E+00	
-6.021220E-01	-7.162897E+00	
-6.800575E-01	-6.717011E+00	
-7.403539E-01	-6.218239E+00	
-7.798536E-01	-5.673508E+00	
-7.941519E-01	-5.090698E+00	
-7.772487E-01	-4.479795E+00	
-7.212141E-01	-3.855559E+00	
-6.260101E-01	-3.246104E+00	
-5.101604E-01	-2.677247E+00	
-4.023254E-01	-2.154263E+00	
-3.228768E-01	-1.661343E+00	
-2.747115E-01	-1.178778E+00	
-2.532546E-01	-6.989862E-01	
-9.483742E-03	-8.507452E+00	
-7.449532E-02	-8.503481E+00	
-1.476907E-01	-8.458010E+00	
-2.382763E-01	-8.369469E+00	
-3.636243E-01	-8.231367E+00	
-5.202773E-01	-8.001156E+00	
-6.700613E-01	-7.666686E+00	
-7.948129E-01	-7.263216E+00	
-8.991679E-01	-6.798983E+00	
-9.819278E-01	-6.279324E+00	
-1.039707E+00	-5.709702E+00	
-1.067124E+00	-5.096219E+00	
-1.055898E+00	-4.446145E+00	
-9.920005E-01	-3.769276E+00	
-8.421473E-01	-3.087330E+00	
-6.316641E-01	-2.509688E+00	
-4.620732E-01	-2.044395E+00	
-3.633466E-01	-1.593036E+00	
-3.065568E-01	-1.142130E+00	
-2.817464E-01	-6.893664E-01	
-9.511095E-03	-8.570306E+00	
-7.461974E-02	-8.570748E+00	
-1.479699E-01	-8.537289E+00	
-2.388443E-01	-8.471650E+00	
-3.648808E-01	-8.380570E+00	
-6.334474E-01	-2.292981E+00	
-4.628712E-01	-1.920936E+00	
-3.637592E-01	-1.518657E+00	
-3.067923E-01	-1.102752E+00	
-2.819173E-01	-6.790586E-01	
-8.469531E-03	-8.629976E+00	
-6.673379E-02	-8.634451E+00	
-1.316176E-01	-8.611820E+00	
-2.095223E-01	-8.565899E+00	
-3.040073E-01	-8.506843E+00	
-5.142462E-01	-2.123310E+00	
-4.043635E-01	-1.810147E+00	
-3.239433E-01	-1.449913E+00	
-2.753282E-01	-1.065914E+00	
-2.537019E-01	-6.693954E-01	
-6.570567E-03	-8.680382E+00	
-5.216639E-02	-8.687904E+00	
-1.020660E-01	-8.673150E+00	
-1.592885E-01	-8.639696E+00	
-2.247462E-01	-8.592989E+00	
-3.737418E-01	-2.025763E+00	
-3.057495E-01	-1.729819E+00	
-2.518333E-01	-1.395904E+00	
-2.165776E-01	-1.036052E+00	
-2.004599E-01	-6.615134E-01	
-4.119127E-03	-8.716674E+00	
-3.298819E-02	-8.726078E+00	
-6.407849E-02	-8.715966E+00	
-9.878564E-02	-8.688809E+00	
-1.373956E-01	-8.647943E+00	
-2.262945E-01	-1.969369E+00	
-1.890291E-01	-1.680956E+00	
-1.585258E-01	-1.360348E+00	
-1.378283E-01	-1.015655E+00	
-1.281284E-01	-6.560933E-01	
-1.401349E-03	-8.735613E+00	
-1.126163E-02	-8.745868E+00	
-2.179675E-02	-8.737801E+00	
-3.341458E-02	-8.713299E+00	
-4.618347E-02	-8.674832E+00	
-7.573654E-02	-1.943281E+00	
-6.385380E-02	-1.657895E+00	
-5.401162E-02	-1.343063E+00	
-4.723820E-02	-1.005469E+00	
-4.403484E-02	-6.533761E-01	
1.392464E-03	-8.735611E+00	
1.125367E-02	-8.745869E+00	
2.178653E-02	-8.737802E+00	
3.340522E-02	-8.713297E+00	
4.618049E-02	-8.674828E+00	
7.574227E-02	-1.943283E+00	
6.385616E-02	-1.657897E+00	
5.400730E-02	-1.343068E+00	
4.722332E-02	-1.005475E+00	
4.400766E-02	-6.533823E-01	
4.112246E-03	-8.716672E+00	
3.297953E-02	-8.726079E+00	
6.407141E-02	-8.715967E+00	
9.878174E-02	-8.688803E+00	
1.373973E-01	-8.647931E+00	
2.263013E-01	-1.969371E+00	
1.890333E-01	-1.680963E+00	
1.585224E-01	-1.360362E+00	
1.378132E-01	-1.015674E+00	
1.281009E-01	-6.561113E-01	
6.570355E-03	-8.680382E+00	
5.216214E-02	-8.687910E+00	
1.020603E-01	-8.673147E+00	
1.592885E-01	-8.639685E+00	
2.247502E-01	-8.592971E+00	
3.737506E-01	-2.025765E+00	
3.057562E-01	-1.729831E+00	
2.518321E-01	-1.395929E+00	
2.165645E-01	-1.036084E+00	
2.004349E-01	-6.615429E-01	
8.472060E-03	-8.629978E+00	
6.673479E-02	-8.634460E+00	
1.316187E-01	-8.611814E+00	
2.095246E-01	-8.565883E+00	
3.040126E-01	-8.506824E+00	
5.142549E-01	-2.123313E+00	
4.043698E-01	-1.810163E+00	
3.239441E-01	-1.449947E+00	
2.753207E-01	-1.065957E+00	
2.536839E-01	-6.694366E-01	
9.514103E-03	-8.570310E+00	
7.462295E-02	-8.570756E+00	
1.479731E-01	-8.537284E+00	
2.388501E-01	-8.471631E+00	
3.648916E-01	-8.380547E+00	
6.334554E-01	-2.292986E+00	
4.628751E-01	-1.920955E+00	
3.637598E-01	-1.518695E+00	
3.067899E-01	-1.102802E+00	
2.819086E-01	-6.791098E-01	
9.486848E-03	-8.507453E+00	
7.450467E-02	-8.503487E+00	
1.477033E-01	-8.458004E+00	
2.382879E-01	-8.369449E+00	
3.636363E-01	-8.231339E+00	
5.202904E-01	-8.001132E+00	
6.700726E-01	-7.666678E+00	
7.948260E-01	-7.263217E+00	
8.991862E-01	-6.798980E+00	
9.819490E-01	-6.279320E+00	
1.039729E+00	-5.709708E+00	
1.067146E+00	-5.096231E+00	
1.055917E+00	-4.446149E+00	
9.920144E-01	-3.769277E+00	
8.421594E-01	-3.087336E+00	
6.316726E-01	-2.509698E+00	
4.620762E-01	-2.044420E+00	
3.633466E-01	-1.593076E+00	
3.065551E-01	-1.142182E+00	
2.817439E-01	-6.894219E-01	
8.404029E-03	-8.447927E+00	
6.642143E-02	-8.439978E+00	
1.309164E-01	-8.383820E+00	
2.080856E-01	-8.275880E+00	
3.010858E-01	-8.106560E+00	
4.049987E-01	-7.865345E+00	
5.087835E-01	-7.548898E+00	
6.021342E-01	-7.162893E+00	
6.800768E-01	-6.717002E+00	
7.403752E-01	-6.218237E+00	
7.798745E-01	-5.673512E+00	
7.941751E-01	-5.090710E+00	
7.772691E-01	-4.479805E+00	
7.212282E-01	-3.855564E+00	
6.260195E-01	-3.246113E+00	
5.101670E-01	-2.677261E+00	
4.023296E-01	-2.154291E+00	
3.228777E-01	-1.661387E+00	
2.747116E-01	-1.178829E+00	
2.532557E-01	-6.990419E-01	
6.480262E-03	-8.397749E+00	
5.177994E-02	-8.386838E+00	
1.012088E-01	-8.323036E+00	
1.575872E-01	-8.203116E+00	
2.214964E-01	-8.022414E+00	
2.903150E-01	-7.776759E+00	
3.589431E-01	-7.465071E+00	
4.219731E-01	-7.090339E+00	
4.752682E-01	-6.658317E+00	
5.159054E-01	-6.175986E+00	
5.412256E-01	-5.650944E+00	
5.481926E-01	-5.092011E+00	
5.335494E-01	-4.510054E+00	
4.956553E-01	-3.919250E+00	
4.377062E-01	-3.335584E+00	
3.692739E-01	-2.772074E+00	
3.033578E-01	-2.233231E+00	
2.505419E-01	-1.714715E+00	
2.158218E-01	-1.208387E+00	
1.999120E-01	-7.068495E-01	
4.045161E-03	-8.361685E+00	
3.267186E-02	-8.348975E+00	
6.339461E-02	-8.280747E+00	
9.745945E-02	-8.154962E+00	
1.349541E-01	-7.969164E+00	
1.745564E-01	-7.721588E+00	
2.138689E-01	-7.412302E+00	
2.501565E-01	-7.043791E+00	
2.809657E-01	-6.620761E+00	
3.042873E-01	-6.149583E+00	
3.183575E-01	-5.637956E+00	
3.214837E-01	-5.094905E+00	
3.123568E-01	-4.530930E+00	
2.909615E-01	-3.957664E+00	
2.595797E-01	-3.386502E+00	
2.229772E-01	-2.826192E+00	
1.871800E-01	-2.280826E+00	
1.575005E-01	-1.749614E+00	
1.372212E-01	-1.228487E+00	
1.276848E-01	-7.121961E-01	
1.370273E-03	-8.342888E+00	
1.114049E-02	-8.329376E+00	
2.153312E-02	-8.259231E+00	
3.291569E-02	-8.131031E+00	
4.528453E-02	-7.943232E+00	
5.823774E-02	-7.694965E+00	
7.105870E-02	-7.386792E+00	
8.289859E-02	-7.021173E+00	
9.295942E-02	-6.602509E+00	
1.005504E-01	-6.136923E+00	
1.050584E-01	-5.632038E+00	
1.059556E-01	-5.096800E+00	
1.029093E-01	-4.541208E+00	
9.601970E-02	-3.975671E+00	
8.607261E-02	-3.409824E+00	
7.452606E-02	-2.851019E+00	
6.316618E-02	-2.303157E+00	
5.362257E-02	-1.766508E+00	
4.700250E-02	-1.238493E+00	
4.385791E-02	-7.148708E-01	
