flux
2
3200
6.874825E-01	-1.028406E+01	
8.908106E-01	-9.817933E+00	
1.062934E+00	-9.264644E+00	
1.208406E+00	-8.624032E+00	
1.324666E+00	-7.900731E+00	
1.406511E+00	-7.100525E+00	
1.446230E+00	-6.229646E+00	
1.432345E+00	-5.294049E+00	
1.345762E+00	-4.297526E+00	
1.141451E+00	-3.229209E+00	
5.418650E-01	-1.046857E+01	
6.853299E-01	-9.980213E+00	
8.152381E-01	-9.404394E+00	
9.246562E-01	-8.739172E+00	
1.009973E+00	-7.987168E+00	
1.066405E+00	-7.152364E+00	
1.087583E+00	-6.238703E+00	
1.065061E+00	-5.248584E+00	
9.878410E-01	-4.179188E+00	
8.554882E-01	-3.010883E+00	
3.917407E-01	-1.059156E+01	
4.879853E-01	-1.009693E+01	
5.765919E-01	-9.506192E+00	
6.519350E-01	-8.822135E+00	
7.097853E-01	-8.047373E+00	
7.462018E-01	-7.185008E+00	
7.567566E-01	-6.237792E+00	
7.367630E-01	-5.206979E+00	
6.837455E-01	-4.090556E+00	
6.017597E-01	-2.885177E+00	
2.368254E-01	-1.066923E+01	
2.924940E-01	-1.017118E+01	
3.438928E-01	-9.571951E+00	
3.876955E-01	-8.875521E+00	
4.210549E-01	-8.085196E+00	
4.413851E-01	-7.203932E+00	
4.462024E-01	-6.234241E+00	
4.335644E-01	-5.177899E+00	
4.032796E-01	-4.036334E+00	
3.582894E-01	-2.812423E+00	
7.922257E-02	-1.070701E+01	
9.746219E-02	-1.020731E+01	
1.143010E-01	-9.604060E+00	
1.286502E-01	-8.901564E+00	
1.395326E-01	-8.103395E+00	
1.460635E-01	-7.212594E+00	
1.474603E-01	-6.231793E+00	
1.432084E-01	-5.163457E+00	
1.333964E-01	-4.010679E+00	
1.190363E-01	-2.778727E+00	
-7.923379E-02	-1.070701E+01	
-9.747612E-02	-1.020730E+01	
-1.143178E-01	-9.604059E+00	
-1.286678E-01	-8.901565E+00	
-1.395482E-01	-8.103396E+00	
-1.460771E-01	-7.212595E+00	
-1.474725E-01	-6.231794E+00	
-1.432181E-01	-5.163458E+00	
-1.334050E-01	-4.010679E+00	
-1.190480E-01	-2.778724E+00	
-2.368455E-01	-1.066923E+01	
-2.925164E-01	-1.017117E+01	
-3.439177E-01	-9.571948E+00	
-3.877196E-01	-8.875524E+00	
-4.210754E-01	-8.085201E+00	
-4.414031E-01	-7.203933E+00	
-4.462203E-01	-6.234243E+00	
-4.335814E-01	-5.177903E+00	
-4.032946E-01	-4.036334E+00	
-3.583036E-01	-2.812417E+00	
-3.917669E-01	-1.059156E+01	
-4.880143E-01	-1.009692E+01	
-5.766246E-01	-9.506187E+00	
-6.519667E-01	-8.822141E+00	
-7.098124E-01	-8.047382E+00	
-7.462264E-01	-7.185010E+00	
-7.567825E-01	-6.237793E+00	
-7.367887E-01	-5.206985E+00	
-6.837672E-01	-4.090560E+00	
-6.017762E-01	-2.885173E+00	
-5.418925E-01	-1.046856E+01	
-6.853605E-01	-9.980199E+00	
-8.152736E-01	-9.404385E+00	
-9.246932E-01	-8.739181E+00	
-1.010008E+00	-7.987182E+00	
-1.066437E+00	-7.152366E+00	
-1.087615E+00	-6.238702E+00	
-1.065092E+00	-5.248593E+00	
-9.878667E-01	-4.179199E+00	
-8.555067E-01	-3.010885E+00	
-6.875131E-01	-1.028405E+01	
-8.908454E-01	-9.817915E+00	
-1.062970E+00	-9.264632E+00	
-1.208444E+00	-8.624041E+00	
-1.324704E+00	-7.900747E+00	
-1.406549E+00	-7.100528E+00	
-1.446267E+00	-6.229646E+00	
-1.432378E+00	-5.294062E+00	
-1.345788E+00	-4.297544E+00	
-1.141470E+00	-3.229218E+00	
-9.960364E-01	-9.411225E+00	
-1.254588E+00	-8.656332E+00	
-1.450113E+00	-7.833697E+00	
-1.599337E+00	-6.940212E+00	
-1.704859E+00	-5.981516E+00	
-1.764580E+00	-4.965007E+00	
-1.772873E+00	-3.898621E+00	
-1.719666E+00	-2.789873E+00	
-1.586556E+00	-1.643802E+00	
-1.327281E+00	-4.494954E-01	
-7.731244E-01	-9.654750E+00	
-9.523676E-01	-8.850603E+00	
-1.103152E+00	-7.985736E+00	
-1.218656E+00	-7.052899E+00	
-1.298242E+00	-6.053937E+00	
-1.339416E+00	-4.993482E+00	
-1.337532E+00	-3.876556E+00	
-1.285434E+00	-2.706633E+00	
-1.173099E+00	-1.481597E+00	
-1.001963E+00	-1.812901E-01	
-5.544209E-01	-9.811723E+00	
-6.728312E-01	-8.991282E+00	
-7.757711E-01	-8.098781E+00	
-8.565139E-01	-7.136101E+00	
-9.115022E-01	-6.105310E+00	
-9.380699E-01	-5.009851E+00	
-9.329890E-01	-3.853222E+00	
-8.926319E-01	-2.637512E+00	
-8.156619E-01	-1.361412E+00	
-7.076563E-01	-2.233318E-02	
-3.336900E-01	-9.909058E+00	
-4.015214E-01	-9.080189E+00	
-4.611065E-01	-8.172400E+00	
-5.083218E-01	-7.190440E+00	
-5.403739E-01	-6.138011E+00	
-5.552060E-01	-5.018550E+00	
-5.510072E-01	-3.835243E+00	
-5.265303E-01	-2.590657E+00	
-4.823503E-01	-1.287117E+00	
-4.223087E-01	7.141908E-02	
-1.114045E-01	-9.955946E+00	
-1.335254E-01	-9.123253E+00	
-1.530173E-01	-8.208412E+00	
-1.685168E-01	-7.217143E+00	
-1.790212E-01	-6.153865E+00	
-1.837859E-01	-5.022292E+00	
-1.822404E-01	-3.825756E+00	
-1.741079E-01	-2.567535E+00	
-1.597414E-01	-1.251693E+00	
-1.404492E-01	1.153286E-01	
1.114135E-01	-9.955945E+00	
1.335362E-01	-9.123253E+00	
1.530275E-01	-8.208413E+00	
1.685235E-01	-7.217145E+00	
1.790251E-01	-6.153865E+00	
1.837908E-01	-5.022290E+00	
1.822489E-01	-3.825754E+00	
1.741199E-01	-2.567534E+00	
1.597569E-01	-1.251690E+00	
1.404689E-01	1.153306E-01	
3.336949E-01	-9.909057E+00	
4.015245E-01	-9.080188E+00	
4.611089E-01	-8.172402E+00	
5.083239E-01	-7.190445E+00	
5.403764E-01	-6.138011E+00	
5.552113E-01	-5.018544E+00	
5.510165E-01	-3.835237E+00	
5.265421E-01	-2.590654E+00	
4.823632E-01	-1.287112E+00	
4.223241E-01	7.142491E-02	
5.544217E-01	-9.811726E+00	
6.728279E-01	-8.991284E+00	
7.757670E-01	-8.098783E+00	
8.565117E-01	-7.136104E+00	
9.115030E-01	-6.105308E+00	
9.380741E-01	-5.009841E+00	
9.329965E-01	-3.853212E+00	
8.926413E-01	-2.637508E+00	
8.156715E-01	-1.361406E+00	
7.076671E-01	-2.232422E-02	
7.731239E-01	-9.654756E+00	
9.523653E-01	-8.850606E+00	
1.103150E+00	-7.985737E+00	
1.218655E+00	-7.052900E+00	
1.298243E+00	-6.053933E+00	
1.339418E+00	-4.993470E+00	
1.337536E+00	-3.876544E+00	
1.285441E+00	-2.706628E+00	
1.173106E+00	-1.481592E+00	
1.001971E+00	-1.812778E-01	
9.960332E-01	-9.411228E+00	
1.254589E+00	-8.656337E+00	
1.450114E+00	-7.833697E+00	
1.599338E+00	-6.940210E+00	
1.704861E+00	-5.981512E+00	
1.764583E+00	-4.964995E+00	
1.772877E+00	-3.898607E+00	
1.719670E+00	-2.789867E+00	
1.586562E+00	-1.643796E+00	
1.327290E+00	-4.494801E-01	
1.227975E+00	7.850299E+00	
1.521496E+00	6.861640E+00	
1.724298E+00	5.829523E+00	
1.863890E+00	4.748156E+00	
1.947605E+00	3.623700E+00	
1.976303E+00	2.464623E+00	
1.946442E+00	1.279891E+00	
1.849520E+00	7.797661E-02	
1.668421E+00	-1.135332E+00	
1.358037E+00	-2.370358E+00	
9.444114E-01	8.133934E+00	
1.145088E+00	7.072202E+00	
1.304056E+00	5.980731E+00	
1.414952E+00	4.847435E+00	
1.479951E+00	3.673136E+00	
1.498752E+00	2.462686E+00	
1.468388E+00	1.221604E+00	
1.383027E+00	-4.601980E-02	
1.233687E+00	-1.341775E+00	
1.022676E+00	-2.685309E+00	
6.738088E-01	8.312460E+00	
8.047326E-01	7.225277E+00	
9.131473E-01	6.095040E+00	
9.915959E-01	4.922471E+00	
1.037286E+00	3.708789E+00	
1.048792E+00	2.457340E+00	
1.024029E+00	1.171823E+00	
9.603009E-01	-1.453278E-01	
8.569801E-01	-1.495128E+00	
7.200712E-01	-2.879875E+00	
4.043887E-01	8.421650E+00	
4.787866E-01	7.321407E+00	
5.413443E-01	6.169881E+00	
5.873683E-01	4.972102E+00	
6.142149E-01	3.731695E+00	
6.203643E-01	2.452090E+00	
6.046140E-01	1.136560E+00	
5.662559E-01	-2.121507E-01	
5.062648E-01	-1.591617E+00	
4.286445E-01	-2.997915E+00	
1.348444E-01	8.473855E+00	
1.590116E-01	7.367768E+00	
1.794359E-01	6.206503E+00	
1.945506E-01	4.996619E+00	
2.033696E-01	3.742843E+00	
2.052918E-01	2.449012E+00	
1.999365E-01	1.118532E+00	
1.872025E-01	-2.452146E-01	
1.675613E-01	-1.638186E+00	
1.423691E-01	-3.054159E+00	
-1.348088E-01	8.473857E+00	
-1.589724E-01	7.367770E+00	
-1.793950E-01	6.206503E+00	
-1.945111E-01	4.996618E+00	
-2.033324E-01	3.742842E+00	
-2.052593E-01	2.449009E+00	
-1.999052E-01	1.118533E+00	
-1.871687E-01	-2.452140E-01	
-1.675267E-01	-1.638186E+00	
-1.423329E-01	-3.054157E+00	
-4.043558E-01	8.421657E+00	
-4.787500E-01	7.321412E+00	
-5.413066E-01	6.169881E+00	
-5.873323E-01	4.972098E+00	
-6.141840E-01	3.731689E+00	
-6.203337E-01	2.452086E+00	
-6.045845E-01	1.136560E+00	
-5.662267E-01	-2.121468E-01	
-5.062284E-01	-1.591613E+00	
-4.286080E-01	-2.997916E+00	
-6.737761E-01	8.312469E+00	
-8.047001E-01	7.225281E+00	
-9.131129E-01	6.095043E+00	
-9.915593E-01	4.922464E+00	
-1.037251E+00	3.708779E+00	
-1.048763E+00	2.457335E+00	
-1.023999E+00	1.171824E+00	
-9.602673E-01	-1.453201E-01	
-8.569528E-01	-1.495127E+00	
-7.200446E-01	-2.879874E+00	
-9.443816E-01	8.133945E+00	
-1.145058E+00	7.072205E+00	
-1.304023E+00	5.980740E+00	
-1.414919E+00	4.847424E+00	
-1.479920E+00	3.673126E+00	
-1.498721E+00	2.462675E+00	
-1.468363E+00	1.221605E+00	
-1.383004E+00	-4.601108E-02	
-1.233656E+00	-1.341774E+00	
-1.022645E+00	-2.685307E+00	
-1.227950E+00	7.850313E+00	
-1.521468E+00	6.861644E+00	
-1.724265E+00	5.829539E+00	
-1.863853E+00	4.748140E+00	
-1.947570E+00	3.623691E+00	
-1.976271E+00	2.464608E+00	
-1.946409E+00	1.279892E+00	
-1.849490E+00	7.798011E-02	
-1.668395E+00	-1.135322E+00	
-1.358013E+00	-2.370364E+00	
-3.288537E-01	1.040554E+01	
-4.620702E-01	1.026223E+01	
-5.981900E-01	1.001872E+01	
-7.292611E-01	9.677810E+00	
-8.477466E-01	9.242747E+00	
-9.457246E-01	8.717284E+00	
-1.013961E+00	8.105527E+00	
-1.040406E+00	7.411431E+00	
-1.006668E+00	6.637257E+00	
-8.722376E-01	5.772977E+00	
-2.711530E-01	1.051753E+01	
-3.683315E-01	1.038065E+01	
-4.678575E-01	1.013596E+01	
-5.631766E-01	9.786966E+00	
-6.479672E-01	9.336866E+00	
-7.155170E-01	8.788692E+00	
-7.582031E-01	8.145041E+00	
-7.668982E-01	7.407057E+00	
-7.304303E-01	6.571424E+00	
-6.465219E-01	5.620470E+00	
-2.005560E-01	1.059752E+01	
-2.675856E-01	1.046486E+01	
-3.353698E-01	1.021905E+01	
-3.997869E-01	9.863604E+00	
-4.562477E-01	9.401480E+00	
-4.998362E-01	8.835217E+00	
-5.252522E-01	8.166619E+00	
-5.270822E-01	7.396005E+00	
-5.018853E-01	6.520812E+00	
-4.519018E-01	5.537191E+00	
-1.227318E-01	1.064983E+01	
-1.621567E-01	1.051901E+01	
-2.016013E-01	1.027213E+01	
-2.387746E-01	9.912115E+00	
-2.709876E-01	9.441643E+00	
-2.953201E-01	8.862975E+00	
-3.087985E-01	8.177755E+00	
-3.089214E-01	7.386822E+00	
-2.947413E-01	6.490618E+00	
-2.680856E-01	5.490746E+00	
-4.126451E-02	1.067573E+01	
-5.428654E-02	1.054555E+01	
-6.723984E-02	1.029798E+01	
-7.938741E-02	9.935585E+00	
-8.984631E-02	9.460845E+00	
-9.765935E-02	8.875919E+00	
-1.018905E-01	8.182521E+00	
-1.018238E-01	7.382112E+00	
-9.728023E-02	6.476604E+00	
-8.890516E-02	5.469728E+00	
4.130776E-02	1.067573E+01	
5.432936E-02	1.054555E+01	
6.728200E-02	1.029798E+01	
7.943062E-02	9.935583E+00	
8.989496E-02	9.460841E+00	
9.771542E-02	8.875915E+00	
1.019533E-01	8.182518E+00	
1.018901E-01	7.382111E+00	
9.734354E-02	6.476608E+00	
8.895888E-02	5.469734E+00	
1.227686E-01	1.064983E+01	
1.621939E-01	1.051901E+01	
2.016398E-01	1.027213E+01	
2.388165E-01	9.912110E+00	
2.710335E-01	9.441633E+00	
2.953707E-01	8.862966E+00	
3.088529E-01	8.177747E+00	
3.089771E-01	7.386821E+00	
2.947949E-01	6.490627E+00	
2.681342E-01	5.490761E+00	
2.005895E-01	1.059752E+01	
2.676211E-01	1.046486E+01	
3.354085E-01	1.021905E+01	
3.998285E-01	9.863595E+00	
4.562923E-01	9.401467E+00	
4.998825E-01	8.835204E+00	
5.252992E-01	8.166610E+00	
5.271286E-01	7.396005E+00	
5.019303E-01	6.520824E+00	
4.519434E-01	5.537211E+00	
2.711822E-01	1.051752E+01	
3.683629E-01	1.038064E+01	
4.678901E-01	1.013595E+01	
5.632093E-01	9.786956E+00	
6.480005E-01	9.336851E+00	
7.155515E-01	8.788679E+00	
7.582383E-01	8.145032E+00	
7.669355E-01	7.407056E+00	
7.304678E-01	6.571438E+00	
6.465553E-01	5.620496E+00	
3.288789E-01	1.040554E+01	
4.620977E-01	1.026223E+01	
5.982196E-01	1.001872E+01	
7.292933E-01	9.677798E+00	
8.477795E-01	9.242732E+00	
9.457548E-01	8.717271E+00	
1.013990E+00	8.105517E+00	
1.040434E+00	7.411430E+00	
1.006694E+00	6.637272E+00	
8.722626E-01	5.773006E+00	
6.874870E-01	1.028406E+01	
8.908171E-01	9.817933E+00	
1.062941E+00	9.264647E+00	
1.208416E+00	8.624038E+00	
1.324677E+00	7.900734E+00	
1.406523E+00	7.100520E+00	
1.446244E+00	6.229639E+00	
1.432360E+00	5.294043E+00	
1.345777E+00	4.297520E+00	
1.141465E+00	3.229199E+00	
5.418674E-01	1.046858E+01	
6.853361E-01	9.980216E+00	
8.152489E-01	9.404401E+00	
9.246689E-01	8.739179E+00	
1.009987E+00	7.987171E+00	
1.066419E+00	7.152361E+00	
1.087597E+00	6.238698E+00	
1.065075E+00	5.248579E+00	
9.878569E-01	4.179182E+00	
8.555048E-01	3.010873E+00	
3.917462E-01	1.059157E+01	
4.879955E-01	1.009694E+01	
5.766054E-01	9.506201E+00	
6.519483E-01	8.822142E+00	
7.097972E-01	8.047375E+00	
7.462138E-01	7.185005E+00	
7.567702E-01	6.237788E+00	
7.367782E-01	5.206976E+00	
6.837619E-01	4.090551E+00	
6.017762E-01	2.885167E+00	
2.368292E-01	1.066924E+01	
2.925013E-01	1.017119E+01	
3.439010E-01	9.571961E+00	
3.877030E-01	8.875528E+00	
4.210627E-01	8.085198E+00	
4.413948E-01	7.203931E+00	
4.462150E-01	6.234239E+00	
4.335792E-01	5.177897E+00	
4.032951E-01	4.036329E+00	
3.583036E-01	2.812411E+00	
7.921769E-02	1.070703E+01	
9.746034E-02	1.020732E+01	
1.143007E-01	9.604070E+00	
1.286518E-01	8.901572E+00	
1.395371E-01	8.103399E+00	
1.460714E-01	7.212596E+00	
1.474708E-01	6.231793E+00	
1.432197E-01	5.163456E+00	
1.334072E-01	4.010674E+00	
1.190455E-01	2.778713E+00	
-7.924647E-02	1.070703E+01	
-9.748533E-02	1.020732E+01	
-1.143227E-01	9.604071E+00	
-1.286679E-01	8.901576E+00	
-1.395442E-01	8.103404E+00	
-1.460707E-01	7.212599E+00	
-1.474657E-01	6.231795E+00	
-1.432121E-01	5.163457E+00	
-1.333998E-01	4.010673E+00	
-1.190429E-01	2.778710E+00	
-2.368610E-01	1.066925E+01	
-2.925278E-01	1.017119E+01	
-3.439234E-01	9.571966E+00	
-3.877198E-01	8.875540E+00	
-4.210721E-01	8.085212E+00	
-4.413987E-01	7.203938E+00	
-4.462164E-01	6.234243E+00	
-4.335783E-01	5.177901E+00	
-4.032915E-01	4.036328E+00	
-3.582995E-01	2.812403E+00	
-3.917827E-01	1.059159E+01	
-4.880262E-01	1.009695E+01	
-5.766312E-01	9.506210E+00	
-6.519691E-01	8.822161E+00	
-7.098118E-01	8.047396E+00	
-7.462238E-01	7.185016E+00	
-7.567785E-01	6.237793E+00	
-7.367839E-01	5.206983E+00	
-6.837623E-01	4.090554E+00	
-6.017711E-01	2.885160E+00	
-5.419084E-01	1.046860E+01	
-6.853722E-01	9.980231E+00	
-8.152815E-01	9.404413E+00	
-9.246981E-01	8.739204E+00	
-1.010010E+00	7.987198E+00	
-1.066435E+00	7.152375E+00	
-1.087609E+00	6.238705E+00	
-1.065084E+00	5.248591E+00	
-9.878593E-01	4.179192E+00	
-8.555010E-01	3.010872E+00	
-6.875277E-01	1.028408E+01	
-8.908555E-01	9.817951E+00	
-1.062977E+00	9.264662E+00	
-1.208448E+00	8.624066E+00	
-1.324706E+00	7.900767E+00	
-1.406546E+00	7.100541E+00	
-1.446260E+00	6.229652E+00	
-1.432369E+00	5.294060E+00	
-1.345781E+00	4.297536E+00	
-1.141465E+00	3.229202E+00	
-9.960644E-01	9.411218E+00	
-1.254617E+00	8.656334E+00	
-1.450141E+00	7.833703E+00	
-1.599368E+00	6.940219E+00	
-1.704893E+00	5.981526E+00	
-1.764614E+00	4.965022E+00	
-1.772907E+00	3.898638E+00	
-1.719699E+00	2.789892E+00	
-1.586588E+00	1.643821E+00	
-1.327313E+00	4.495084E-01	
-7.731549E-01	9.654746E+00	
-9.523989E-01	8.850603E+00	
-1.103182E+00	7.985743E+00	
-1.218685E+00	7.052909E+00	
-1.298275E+00	6.053950E+00	
-1.339451E+00	4.993497E+00	
-1.337567E+00	3.876572E+00	
-1.285468E+00	2.706650E+00	
-1.173131E+00	1.481614E+00	
-1.001995E+00	1.813037E-01	
-5.544518E-01	9.811721E+00	
-6.728625E-01	8.991283E+00	
-7.758022E-01	8.098786E+00	
-8.565451E-01	7.136112E+00	
-9.115347E-01	6.105326E+00	
-9.381050E-01	5.009868E+00	
-9.330244E-01	3.853237E+00	
-8.926652E-01	2.637527E+00	
-8.156934E-01	1.361428E+00	
-7.076878E-01	2.234778E-02	
-3.337221E-01	9.909057E+00	
-4.015546E-01	9.080190E+00	
-4.611413E-01	8.172405E+00	
-5.083569E-01	7.190451E+00	
-5.404080E-01	6.138027E+00	
-5.552392E-01	5.018568E+00	
-5.510402E-01	3.835257E+00	
-5.265623E-01	2.590670E+00	
-4.823807E-01	1.287132E+00	
-4.223396E-01	-7.140313E-02	
-1.114406E-01	9.955945E+00	
-1.335629E-01	9.123256E+00	
-1.530568E-01	8.208419E+00	
-1.685564E-01	7.217152E+00	
-1.790575E-01	6.153878E+00	
-1.838181E-01	5.022309E+00	
-1.822711E-01	3.825770E+00	
-1.741391E-01	2.567547E+00	
-1.597730E-01	1.251707E+00	
-1.404805E-01	-1.153121E-01	
1.113745E-01	9.955944E+00	
1.334967E-01	9.123257E+00	
1.529880E-01	8.208421E+00	
1.684853E-01	7.217153E+00	
1.789901E-01	6.153874E+00	
1.837595E-01	5.022304E+00	
1.822187E-01	3.825769E+00	
1.740883E-01	2.567547E+00	
1.597246E-01	1.251705E+00	
1.404382E-01	-1.153159E-01	
3.336572E-01	9.909057E+00	
4.014882E-01	9.080191E+00	
4.610750E-01	8.172409E+00	
5.082916E-01	7.190451E+00	
5.403447E-01	6.138018E+00	
5.551801E-01	5.018556E+00	
5.509860E-01	3.835252E+00	
5.265123E-01	2.590668E+00	
4.823348E-01	1.287125E+00	
4.222978E-01	-7.141298E-02	
5.543898E-01	9.811725E+00	
6.727979E-01	8.991285E+00	
7.757385E-01	8.098788E+00	
8.564830E-01	7.136111E+00	
9.114731E-01	6.105315E+00	
9.380442E-01	5.009852E+00	
9.329689E-01	3.853225E+00	
8.926172E-01	2.637520E+00	
8.156500E-01	1.361418E+00	
7.076463E-01	2.233503E-02	
7.730986E-01	9.654754E+00	
9.523398E-01	8.850606E+00	
1.103123E+00	7.985743E+00	
1.218628E+00	7.052907E+00	
1.298216E+00	6.053940E+00	
1.339394E+00	4.993478E+00	
1.337515E+00	3.876553E+00	
1.285423E+00	2.706637E+00	
1.173088E+00	1.481603E+00	
1.001953E+00	1.812892E-01	
9.960115E-01	9.411227E+00	
1.254566E+00	8.656337E+00	
1.450091E+00	7.833703E+00	
1.599316E+00	6.940217E+00	
1.704841E+00	5.981517E+00	
1.764565E+00	4.965000E+00	
1.772861E+00	3.898613E+00	
1.719655E+00	2.789875E+00	
1.586546E+00	1.643808E+00	
1.327274E+00	4.494919E-01	
1.227965E+00	-7.850269E+00	
1.521487E+00	-6.861621E+00	
1.724293E+00	-5.829511E+00	
1.863888E+00	-4.748134E+00	
1.947605E+00	-3.623685E+00	
1.976306E+00	-2.464623E+00	
1.946443E+00	-1.279900E+00	
1.849522E+00	-7.799190E-02	
1.668427E+00	1.135313E+00	
1.358040E+00	2.370335E+00	
9.444019E-01	-8.133904E+00	
1.145081E+00	-7.072186E+00	
1.304048E+00	-5.980719E+00	
1.414944E+00	-4.847416E+00	
1.479949E+00	-3.673126E+00	
1.498753E+00	-2.462686E+00	
1.468392E+00	-1.221612E+00	
1.383028E+00	4.600493E-02	
1.233683E+00	1.341756E+00	
1.022675E+00	2.685287E+00	
6.737971E-01	-8.312432E+00	
8.047238E-01	-7.225264E+00	
9.131417E-01	-6.095026E+00	
9.915968E-01	-4.922460E+00	
1.037292E+00	-3.708783E+00	
1.048801E+00	-2.457342E+00	
1.024035E+00	-1.171829E+00	
9.603041E-01	1.453162E-01	
8.569843E-01	1.495109E+00	
7.200699E-01	2.879855E+00	
4.043779E-01	-8.421623E+00	
4.787751E-01	-7.321397E+00	
5.413341E-01	-6.169871E+00	
5.873607E-01	-4.972097E+00	
6.142128E-01	-3.731693E+00	
6.203628E-01	-2.452091E+00	
6.046117E-01	-1.136562E+00	
5.662514E-01	2.121415E-01	
5.062540E-01	1.591601E+00	
4.286327E-01	2.997899E+00	
1.348312E-01	-8.473827E+00	
1.589995E-01	-7.367759E+00	
1.794274E-01	-6.206496E+00	
1.945471E-01	-4.996618E+00	
2.033686E-01	-3.742845E+00	
2.052924E-01	-2.449013E+00	
1.999358E-01	-1.118533E+00	
1.871996E-01	2.452089E-01	
1.675570E-01	1.638174E+00	
1.423574E-01	3.054147E+00	
-1.348193E-01	-8.473830E+00	
-1.589849E-01	-7.367758E+00	
-1.794113E-01	-6.206498E+00	
-1.945281E-01	-4.996619E+00	
-2.033486E-01	-3.742845E+00	
-2.052743E-01	-2.449011E+00	
-1.999202E-01	-1.118533E+00	
-1.871847E-01	2.452091E-01	
-1.675461E-01	1.638178E+00	
-1.423523E-01	3.054149E+00	
-4.043610E-01	-8.421631E+00	
-4.787564E-01	-7.321396E+00	
-5.413156E-01	-6.169874E+00	
-5.873430E-01	-4.972099E+00	
-6.141927E-01	-3.731696E+00	
-6.203409E-01	-2.452087E+00	
-6.045927E-01	-1.136559E+00	
-5.662363E-01	2.121436E-01	
-5.062408E-01	1.591609E+00	
-4.286253E-01	2.997909E+00	
-6.737840E-01	-8.312439E+00	
-8.047139E-01	-7.225262E+00	
-9.131316E-01	-6.095031E+00	
-9.915847E-01	-4.922461E+00	
-1.037280E+00	-3.708789E+00	
-1.048792E+00	-2.457333E+00	
-1.024031E+00	-1.171822E+00	
-9.602957E-01	1.453148E-01	
-8.569743E-01	1.495121E+00	
-7.200643E-01	2.879871E+00	
-9.443867E-01	-8.133910E+00	
-1.145065E+00	-7.072184E+00	
-1.304032E+00	-5.980725E+00	
-1.414931E+00	-4.847414E+00	
-1.479936E+00	-3.673136E+00	
-1.498736E+00	-2.462674E+00	
-1.468378E+00	-1.221601E+00	
-1.383022E+00	4.600334E-02	
-1.233678E+00	1.341766E+00	
-1.022664E+00	2.685303E+00	
-1.227961E+00	-7.850272E+00	
-1.521486E+00	-6.861618E+00	
-1.724290E+00	-5.829519E+00	
-1.863884E+00	-4.748126E+00	
-1.947607E+00	-3.623696E+00	
-1.976309E+00	-2.464611E+00	
-1.946444E+00	-1.279887E+00	
-1.849521E+00	-7.798869E-02	
-1.668424E+00	1.135316E+00	
-1.358037E+00	2.370353E+00	
-3.288717E-01	-1.040554E+01	
-4.620871E-01	-1.026223E+01	
-5.982057E-01	-1.001872E+01	
-7.292751E-01	-9.677807E+00	
-8.477582E-01	-9.242749E+00	
-9.457340E-01	-8.717301E+00	
-1.013971E+00	-8.105550E+00	
-1.040419E+00	-7.411450E+00	
-1.006683E+00	-6.637282E+00	
-8.722541E-01	-5.773008E+00	
-2.711703E-01	-1.051752E+01	
-3.683512E-01	-1.038064E+01	
-4.678749E-01	-1.013595E+01	
-5.631935E-01	-9.786964E+00	
-6.479862E-01	-9.336868E+00	
-7.155347E-01	-8.788707E+00	
-7.582181E-01	-8.145064E+00	
-7.669158E-01	-7.407081E+00	
-7.304527E-01	-6.571452E+00	
-6.465457E-01	-5.620502E+00	
-2.005718E-01	-1.059752E+01	
-2.676011E-01	-1.046485E+01	
-3.353859E-01	-1.021905E+01	
-3.998050E-01	-9.863605E+00	
-4.562699E-01	-9.401484E+00	
-4.998601E-01	-8.835229E+00	
-5.252739E-01	-8.166640E+00	
-5.271035E-01	-7.396033E+00	
-5.019098E-01	-6.520843E+00	
-4.519273E-01	-5.537221E+00	
-1.227451E-01	-1.064983E+01	
-1.621713E-01	-1.051900E+01	
-2.016164E-01	-1.027213E+01	
-2.387932E-01	-9.912121E+00	
-2.710122E-01	-9.441653E+00	
-2.953490E-01	-8.862987E+00	
-3.088272E-01	-8.177773E+00	
-3.089487E-01	-7.386851E+00	
-2.947684E-01	-6.490651E+00	
-2.681122E-01	-5.490775E+00	
-4.127835E-02	-1.067573E+01	
-5.430136E-02	-1.054555E+01	
-6.725547E-02	-1.029798E+01	
-7.940587E-02	-9.935595E+00	
-8.986967E-02	-9.460861E+00	
-9.768700E-02	-8.875933E+00	
-1.019212E-01	-8.182539E+00	
-1.018566E-01	-7.382142E+00	
-9.731399E-02	-6.476638E+00	
-8.893666E-02	-5.469755E+00	
4.129365E-02	-1.067573E+01	
5.431353E-02	-1.054555E+01	
6.726495E-02	-1.029799E+01	
7.941110E-02	-9.935598E+00	
8.986998E-02	-9.460863E+00	
9.768446E-02	-8.875934E+00	
1.019173E-01	-8.182540E+00	
1.018510E-01	-7.382143E+00	
9.730454E-02	-6.476640E+00	
8.892319E-02	-5.469756E+00	
1.227586E-01	-1.064983E+01	
1.621851E-01	-1.051901E+01	
2.016291E-01	-1.027213E+01	
2.388024E-01	-9.912129E+00	
2.710142E-01	-9.441661E+00	
2.953443E-01	-8.862991E+00	
3.088202E-01	-8.177774E+00	
3.089402E-01	-7.386855E+00	
2.947572E-01	-6.490658E+00	
2.680985E-01	-5.490779E+00	
2.005815E-01	-1.059752E+01	
2.676125E-01	-1.046486E+01	
3.353968E-01	-1.021906E+01	
3.998120E-01	-9.863619E+00	
4.562708E-01	-9.401501E+00	
4.998556E-01	-8.835236E+00	
5.252670E-01	-8.166642E+00	
5.270935E-01	-7.396041E+00	
5.018953E-01	-6.520853E+00	
4.519102E-01	-5.537227E+00	
2.711756E-01	-1.051752E+01	
3.683554E-01	-1.038064E+01	
4.678803E-01	-1.013596E+01	
5.631966E-01	-9.786984E+00	
6.479853E-01	-9.336888E+00	
7.155332E-01	-8.788716E+00	
7.582144E-01	-8.145069E+00	
7.669062E-01	-7.407095E+00	
7.304363E-01	-6.571467E+00	
6.465250E-01	-5.620510E+00	
3.288715E-01	-1.040554E+01	
4.620867E-01	-1.026223E+01	
5.982046E-01	-1.001873E+01	
7.292743E-01	-9.677828E+00	
8.477578E-01	-9.242772E+00	
9.457320E-01	-8.717311E+00	
1.013967E+00	-8.105559E+00	
1.040409E+00	-7.411472E+00	
1.006666E+00	-6.637303E+00	
8.722320E-01	-5.773019E+00	
-8.602713E-04	-1.039680E+01	
1.281902E-02	-1.041090E+01	
2.715432E-02	-1.034511E+01	
4.268444E-02	-1.019779E+01	
5.947126E-02	-9.967020E+00	
7.703230E-02	-9.651770E+00	
9.445047E-02	-9.252880E+00	
1.106132E-01	-8.773716E+00	
1.244357E-01	-8.220297E+00	
1.349543E-01	-7.601086E+00	
1.413074E-01	-6.926680E+00	
1.427415E-01	-6.209570E+00	
1.387785E-01	-5.463782E+00	
1.295505E-01	-4.703982E+00	
1.161095E-01	-3.943786E+00	
1.004194E-01	-3.193703E+00	
8.489868E-02	-2.459616E+00	
7.173542E-02	-1.742507E+00	
6.240383E-02	-1.039493E+00	
5.762058E-02	-3.454746E-01	
-2.420104E-03	-1.042334E+01	
3.764254E-02	-1.043810E+01	
7.996298E-02	-1.037457E+01	
1.263784E-01	-1.023028E+01	
1.771817E-01	-1.000212E+01	
2.307945E-01	-9.687844E+00	
2.841613E-01	-9.287591E+00	
3.336783E-01	-8.804685E+00	
3.760183E-01	-8.245490E+00	
4.083638E-01	-7.618757E+00	
4.281883E-01	-6.935187E+00	
4.330939E-01	-6.207402E+00	
4.212472E-01	-5.450139E+00	
3.925846E-01	-4.679734E+00	
3.501789E-01	-3.912187E+00	
3.004772E-01	-3.159910E+00	
2.516115E-01	-2.429023E+00	
2.107254E-01	-1.719051E+00	
1.821979E-01	-1.025090E+00	
1.677646E-01	-3.406608E-01	
-3.578324E-03	-1.047425E+01	
5.976437E-02	-1.049060E+01	
1.277307E-01	-1.043236E+01	
2.043190E-01	-1.029549E+01	
2.906134E-01	-1.007400E+01	
3.834939E-01	-9.762454E+00	
4.764790E-01	-9.359333E+00	
5.624644E-01	-8.868446E+00	
6.357767E-01	-8.297382E+00	
6.922053E-01	-7.655639E+00	
7.278871E-01	-6.953811E+00	
7.385163E-01	-6.204313E+00	
7.195721E-01	-5.422438E+00	
6.688011E-01	-4.628002E+00	
5.905287E-01	-3.843241E+00	
4.977007E-01	-3.086326E+00	
4.078689E-01	-2.363909E+00	
3.352845E-01	-1.670694E+00	
2.866149E-01	-9.962495E-01	
2.626917E-01	-3.311445E-01	
-4.257989E-03	-1.054506E+01	
7.681502E-02	-1.056420E+01	
1.653265E-01	-1.051523E+01	
2.697222E-01	-1.039360E+01	
3.945717E-01	-1.018704E+01	
5.340821E-01	-9.881811E+00	
6.743003E-01	-9.473179E+00	
8.016894E-01	-8.967974E+00	
9.091602E-01	-8.378637E+00	
9.930915E-01	-7.714744E+00	
1.048769E+00	-6.986065E+00	
1.069942E+00	-6.203862E+00	
1.048339E+00	-5.382341E+00	
9.732360E-01	-4.542225E+00	
8.446680E-01	-3.722178E+00	
6.877175E-01	-2.957611E+00	
5.410838E-01	-2.256159E+00	
4.322062E-01	-1.596982E+00	
3.649006E-01	-9.539862E-01	
3.328297E-01	-3.174137E-01	
-4.531643E-03	-1.062905E+01	
8.628677E-02	-1.065210E+01	
1.866332E-01	-1.061619E+01	
3.088669E-01	-1.051927E+01	
4.756760E-01	-1.035302E+01	
6.838808E-01	-1.006354E+01	
8.856071E-01	-9.633397E+00	
1.056563E+00	-9.106101E+00	
1.201123E+00	-8.492542E+00	
1.316719E+00	-7.800366E+00	
1.398181E+00	-7.037582E+00	
1.437857E+00	-6.213193E+00	
1.424347E+00	-5.337897E+00	
1.338694E+00	-4.425914E+00	
1.136300E+00	-3.507527E+00	
8.516541E-01	-2.730665E+00	
6.216138E-01	-2.106430E+00	
4.865008E-01	-1.502721E+00	
4.072744E-01	-9.017159E-01	
3.703086E-01	-3.006473E-01	
-4.498630E-03	-1.071775E+01	
8.647024E-02	-1.074519E+01	
1.870519E-01	-1.072403E+01	
3.097267E-01	-1.065634E+01	
4.775778E-01	-1.055062E+01	
8.544033E-01	-2.437290E+00	
6.228476E-01	-1.938210E+00	
4.871368E-01	-1.400117E+00	
4.076311E-01	-8.455870E-01	
3.705533E-01	-2.827326E-01	
-4.170124E-03	-1.080197E+01	
7.729296E-02	-1.083340E+01	
1.664077E-01	-1.082552E+01	
2.719190E-01	-1.078304E+01	
3.990109E-01	-1.071886E+01	
6.940180E-01	-2.207099E+00	
5.442313E-01	-1.787058E+00	
4.338477E-01	-1.305174E+00	
3.658299E-01	-7.930066E-01	
3.334711E-01	-2.658764E-01	
-3.467198E-03	-1.087316E+01	
6.035010E-02	-1.090749E+01	
1.290396E-01	-1.090923E+01	
2.069114E-01	-1.088271E+01	
2.955486E-01	-1.083492E+01	
5.045996E-01	-2.074175E+00	
4.115641E-01	-1.677160E+00	
3.372702E-01	-1.230395E+00	
2.877540E-01	-7.502520E-01	
2.634860E-01	-2.520042E-01	
-2.329003E-03	-1.092443E+01	
3.811156E-02	-1.096047E+01	
8.099931E-02	-1.096782E+01	
1.283891E-01	-1.094938E+01	
1.808842E-01	-1.090938E+01	
3.056016E-01	-1.997081E+00	
2.544644E-01	-1.610081E+00	
2.122963E-01	-1.181012E+00	
1.831115E-01	-7.209340E-01	
1.684069E-01	-2.423495E-01	
-8.237842E-04	-1.095120E+01	
1.299737E-02	-1.098797E+01	
2.754539E-02	-1.099776E+01	
4.343465E-02	-1.098272E+01	
6.083156E-02	-1.094593E+01	
1.022881E-01	-1.961340E+00	
8.595451E-02	-1.578351E+00	
7.232328E-02	-1.156943E+00	
6.274782E-02	-7.062428E-01	
5.786525E-02	-2.374535E-01	
8.274286E-04	-1.095120E+01	
-1.299715E-02	-1.098797E+01	
-2.754766E-02	-1.099776E+01	
-4.344048E-02	-1.098272E+01	
-6.084057E-02	-1.094593E+01	
-1.023049E-01	-1.961338E+00	
-8.597233E-02	-1.578353E+00	
-7.233654E-02	-1.156946E+00	
-6.275547E-02	-7.062452E-01	
-5.786939E-02	-2.374546E-01	
2.333796E-03	-1.092443E+01	
-3.811009E-02	-1.096047E+01	
-8.100434E-02	-1.096781E+01	
-1.284013E-01	-1.094937E+01	
-1.809018E-01	-1.090938E+01	
-3.056160E-01	-1.997076E+00	
-2.544773E-01	-1.610085E+00	
-2.123061E-01	-1.181020E+00	
-1.831189E-01	-7.209395E-01	
-1.684128E-01	-2.423524E-01	
3.467265E-03	-1.087315E+01	
-6.035292E-02	-1.090748E+01	
-1.290500E-01	-1.090921E+01	
-2.069305E-01	-1.088270E+01	
-2.955728E-01	-1.083491E+01	
-5.046118E-01	-2.074172E+00	
-4.115732E-01	-1.677167E+00	
-3.372774E-01	-1.230405E+00	
-2.877607E-01	-7.502581E-01	
-2.634922E-01	-2.520083E-01	
4.160128E-03	-1.080197E+01	
-7.730577E-02	-1.083338E+01	
-1.664246E-01	-1.082550E+01	
-2.719406E-01	-1.078302E+01	
-3.990367E-01	-1.071885E+01	
-6.940312E-01	-2.207100E+00	
-5.442412E-01	-1.787068E+00	
-4.338546E-01	-1.305187E+00	
-3.658339E-01	-7.930140E-01	
-3.334723E-01	-2.658824E-01	
4.481444E-03	-1.071774E+01	
-8.649151E-02	-1.074517E+01	
-1.870740E-01	-1.072400E+01	
-3.097489E-01	-1.065632E+01	
-4.776027E-01	-1.055060E+01	
-8.544183E-01	-2.437295E+00	
-6.228586E-01	-1.938223E+00	
-4.871419E-01	-1.400135E+00	
-4.076291E-01	-8.455994E-01	
-3.705455E-01	-2.827422E-01	
4.513759E-03	-1.062903E+01	
-8.631039E-02	-1.065208E+01	
-1.866581E-01	-1.061617E+01	
-3.088905E-01	-1.051925E+01	
-4.757007E-01	-1.035301E+01	
-6.839114E-01	-1.006352E+01	
-8.856426E-01	-9.633378E+00	
-1.056598E+00	-9.106089E+00	
-1.201161E+00	-8.492548E+00	
-1.316760E+00	-7.800379E+00	
-1.398224E+00	-7.037587E+00	
-1.437894E+00	-6.213198E+00	
-1.424378E+00	-5.337915E+00	
-1.338720E+00	-4.425938E+00	
-1.136320E+00	-3.507542E+00	
-8.516674E-01	-2.730675E+00	
-6.216201E-01	-2.106449E+00	
-4.865000E-01	-1.502745E+00	
-4.072661E-01	-9.017355E-01	
-3.702943E-01	-3.006614E-01	
4.242492E-03	-1.054504E+01	
-7.683492E-02	-1.056418E+01	
-1.653498E-01	-1.051521E+01	
-2.697452E-01	-1.039358E+01	
-3.945950E-01	-1.018702E+01	
-5.341078E-01	-9.881789E+00	
-6.743296E-01	-9.473157E+00	
-8.017229E-01	-8.967961E+00	
-9.091972E-01	-8.378639E+00	
-9.931309E-01	-7.714755E+00	
-1.048807E+00	-6.986073E+00	
-1.069976E+00	-6.203873E+00	
-1.048367E+00	-5.382365E+00	
-9.732592E-01	-4.542254E+00	
-8.446842E-01	-3.722200E+00	
-6.877247E-01	-2.957629E+00	
-5.410821E-01	-2.256186E+00	
-4.321986E-01	-1.597013E+00	
-3.648900E-01	-9.540105E-01	
-3.328168E-01	-3.174314E-01	
3.565894E-03	-1.047422E+01	
-5.977749E-02	-1.049057E+01	
-1.277465E-01	-1.043233E+01	
-2.043380E-01	-1.029547E+01	
-2.906339E-01	-1.007398E+01	
-3.835150E-01	-9.762430E+00	
-4.765013E-01	-9.359308E+00	
-5.624895E-01	-8.868428E+00	
-6.358059E-01	-8.297381E+00	
-6.922368E-01	-7.655649E+00	
-7.279175E-01	-6.953822E+00	
-7.385425E-01	-6.204329E+00	
-7.195936E-01	-5.422466E+00	
-6.688188E-01	-4.628036E+00	
-5.905415E-01	-3.843271E+00	
-4.977048E-01	-3.086355E+00	
-4.078631E-01	-2.363944E+00	
-3.352744E-01	-1.670727E+00	
-2.866068E-01	-9.962730E-01	
-2.626857E-01	-3.311632E-01	
2.411952E-03	-1.042332E+01	
-3.764885E-02	-1.043807E+01	
-7.997019E-02	-1.037454E+01	
-1.263892E-01	-1.023025E+01	
-1.771958E-01	-1.000210E+01	
-2.308089E-01	-9.687821E+00	
-2.841744E-01	-9.287566E+00	
-3.336922E-01	-8.804665E+00	
-3.760351E-01	-8.245485E+00	
-4.083827E-01	-7.618766E+00	
-4.282067E-01	-6.935201E+00	
-4.331100E-01	-6.207423E+00	
-4.212603E-01	-5.450171E+00	
-3.925949E-01	-4.679771E+00	
-3.501865E-01	-3.912221E+00	
-3.004805E-01	-3.159947E+00	
-2.516088E-01	-2.429065E+00	
-2.107194E-01	-1.719084E+00	
-1.821947E-01	-1.025108E+00	
-1.677631E-01	-3.406804E-01	
8.563238E-04	-1.039678E+01	
-1.282183E-02	-1.041087E+01	
-2.715705E-02	-1.034508E+01	
-4.268888E-02	-1.019776E+01	
-5.947712E-02	-9.966995E+00	
-7.703797E-02	-9.651748E+00	
-9.445541E-02	-9.252856E+00	
-1.106184E-01	-8.773694E+00	
-1.244421E-01	-8.220290E+00	
-1.349614E-01	-7.601094E+00	
-1.413140E-01	-6.926695E+00	
-1.427472E-01	-6.209592E+00	
-1.387835E-01	-5.463816E+00	
-1.295544E-01	-4.704021E+00	
-1.161119E-01	-3.943822E+00	
-1.004204E-01	-3.193744E+00	
-8.489842E-02	-2.459662E+00	
-7.173410E-02	-1.742541E+00	
-6.240239E-02	-1.039508E+00	
-5.762101E-02	-3.454937E-01	
-1.472212E-02	-1.030342E+01	
-2.969287E-02	-1.012994E+01	
-4.654778E-02	-9.874134E+00	
-6.563425E-02	-9.532971E+00	
-8.661736E-02	-9.103785E+00	
-1.084199E-01	-8.585801E+00	
-1.294696E-01	-7.981438E+00	
-1.481251E-01	-7.296902E+00	
-1.630178E-01	-6.541901E+00	
-1.731482E-01	-5.728859E+00	
-1.777850E-01	-4.872162E+00	
-1.763771E-01	-3.987686E+00	
-1.686766E-01	-3.092317E+00	
-1.550780E-01	-2.202992E+00	
-1.369294E-01	-1.334963E+00	
-1.164945E-01	-4.996763E-01	
-9.643712E-02	2.967641E-01	
-7.907471E-02	1.053695E+00	
-6.586655E-02	1.774508E+00	
-5.738762E-02	2.464710E+00	
-4.294172E-02	-1.033126E+01	
-8.690416E-02	-1.016103E+01	
-1.369304E-01	-9.909925E+00	
-1.943934E-01	-9.573730E+00	
-2.584058E-01	-9.148021E+00	
-3.254538E-01	-8.630415E+00	
-3.902798E-01	-8.022700E+00	
-4.475412E-01	-7.331557E+00	
-4.930823E-01	-6.567679E+00	
-5.241013E-01	-5.744230E+00	
-5.385676E-01	-4.875894E+00	
-5.347309E-01	-3.978709E+00	
-5.114379E-01	-3.070300E+00	
-4.693885E-01	-2.169361E+00	
-4.125595E-01	-1.293617E+00	
-3.483698E-01	-4.563983E-01	
-2.857716E-01	3.361417E-01	
-2.323352E-01	1.085116E+00	
-1.923697E-01	1.796260E+00	
-1.671094E-01	2.476696E+00	
-6.744633E-02	-1.038474E+01	
-1.372546E-01	-1.022132E+01	
-2.183729E-01	-9.980780E+00	
-3.145781E-01	-9.656544E+00	
-4.251528E-01	-9.239795E+00	
-5.431225E-01	-8.723659E+00	
-6.572610E-01	-8.108420E+00	
-7.569666E-01	-7.402804E+00	
-8.353993E-01	-6.620406E+00	
-8.889556E-01	-5.776078E+00	
-9.149920E-01	-4.884549E+00	
-9.103654E-01	-3.961591E+00	
-8.716016E-01	-3.025361E+00	
-7.975885E-01	-2.098237E+00	
-6.941866E-01	-1.204509E+00	
-5.762564E-01	-3.633859E-01	
-4.630957E-01	4.188881E-01	
-3.698055E-01	1.149096E+00	
-3.027651E-01	1.839286E+00	
-2.617230E-01	2.499973E+00	
-8.572546E-02	-1.045927E+01	
-1.754690E-01	-1.030635E+01	
-2.821734E-01	-1.008357E+01	
-4.159966E-01	-9.783777E+00	
-5.804792E-01	-9.387619E+00	
-7.624093E-01	-8.875735E+00	
-9.373747E-01	-8.245448E+00	
-1.085061E+00	-7.513168E+00	
-1.198371E+00	-6.701784E+00	
-1.276580E+00	-5.826466E+00	
-1.317206E+00	-4.900824E+00	
-1.315690E+00	-3.939173E+00	
-1.265034E+00	-2.958360E+00	
-1.155498E+00	-1.981689E+00	
-9.890310E-01	-1.051189E+00	
-7.943739E-01	-2.041189E-01	
-6.139926E-01	5.531631E-01	
-4.768930E-01	1.245211E+00	
-3.856613E-01	1.901443E+00	
-3.316768E-01	2.532842E+00	
-9.558425E-02	-1.054779E+01	
-1.963964E-01	-1.040837E+01	
-3.181587E-01	-1.021001E+01	
-4.769130E-01	-9.949916E+00	
-7.058997E-01	-9.614949E+00	
-9.910427E-01	-9.115478E+00	
-1.247471E+00	-8.437099E+00	
-1.441572E+00	-7.663305E+00	
-1.589784E+00	-6.813169E+00	
-1.694657E+00	-5.898164E+00	
-1.754100E+00	-4.929196E+00	
-1.762527E+00	-3.917712E+00	
-1.709939E+00	-2.876577E+00	
-1.578076E+00	-1.822072E+00	
-1.321156E+00	-7.874202E-01	
-9.802337E-01	6.769199E-02	
-7.051049E-01	7.368624E-01	
-5.369509E-01	1.366765E+00	
-4.305983E-01	1.977473E+00	
-3.690837E-01	2.572311E+00	
-9.568560E-02	-1.064133E+01	
-1.966765E-01	-1.051664E+01	
-3.187490E-01	-1.034559E+01	
-4.781061E-01	-1.013245E+01	
-7.085451E-01	-9.891837E+00	
-9.834953E-01	4.144756E-01	
-7.065710E-01	9.421319E-01	
-5.377019E-01	1.498519E+00	
-4.310085E-01	2.058765E+00	
-3.693410E-01	2.614201E+00	
-8.598819E-02	-1.073011E+01	
-1.761975E-01	-1.061906E+01	
-2.836981E-01	-1.047274E+01	
-4.190471E-01	-1.030001E+01	
-5.866259E-01	-1.012230E+01	
-8.018743E-01	6.901445E-01	
-6.177335E-01	1.127528E+00	
-4.788320E-01	1.620893E+00	
-3.867279E-01	2.135189E+00	
-3.323494E-01	2.653824E+00	
-6.776557E-02	-1.080505E+01	
-1.381439E-01	-1.070471E+01	
-2.202199E-01	-1.057666E+01	
-3.181759E-01	-1.042939E+01	
-4.319630E-01	-1.027428E+01	
-5.844902E-01	8.544422E-01	
-4.674931E-01	1.264368E+00	
-3.721509E-01	1.718297E+00	
-3.040696E-01	2.197971E+00	
-2.625516E-01	2.686938E+00	
-4.319461E-02	-1.085894E+01	
-8.761196E-02	-1.076562E+01	
-1.383914E-01	-1.064861E+01	
-1.971830E-01	-1.051419E+01	
-2.635045E-01	-1.036959E+01	
-3.544967E-01	9.516681E-01	
-2.891678E-01	1.349468E+00	
-2.341888E-01	1.783518E+00	
-1.934107E-01	2.241609E+00	
-1.677733E-01	2.710456E+00	
-1.481413E-02	-1.088703E+01	
-2.995589E-02	-1.079709E+01	
-4.709456E-02	-1.068506E+01	
-6.667200E-02	-1.055611E+01	
-8.848624E-02	-1.041581E+01	
-1.187302E-01	9.972895E-01	
-9.769451E-02	1.390212E+00	
-7.976553E-02	1.815682E+00	
-6.625348E-02	2.263734E+00	
-5.763181E-02	2.722589E+00	
1.482299E-02	-1.088702E+01	
2.996841E-02	-1.079709E+01	
4.710665E-02	-1.068506E+01	
6.668186E-02	-1.055611E+01	
8.849466E-02	-1.041581E+01	
1.187521E-01	9.972897E-01	
9.771610E-02	1.390211E+00	
7.978875E-02	1.815684E+00	
6.628089E-02	2.263736E+00	
5.766183E-02	2.722590E+00	
4.320039E-02	-1.085893E+01	
8.761865E-02	-1.076562E+01	
1.383996E-01	-1.064861E+01	
1.971916E-01	-1.051419E+01	
2.635116E-01	-1.036959E+01	
3.545153E-01	9.516697E-01	
2.891888E-01	1.349469E+00	
2.342117E-01	1.783522E+00	
1.934357E-01	2.241615E+00	
1.678013E-01	2.710458E+00	
6.776462E-02	-1.080504E+01	
1.381427E-01	-1.070471E+01	
2.202213E-01	-1.057666E+01	
3.181801E-01	-1.042939E+01	
4.319673E-01	-1.027429E+01	
5.845051E-01	8.544480E-01	
4.675119E-01	1.264371E+00	
3.721702E-01	1.718301E+00	
3.040885E-01	2.197978E+00	
2.625733E-01	2.686945E+00	
8.597998E-02	-1.073011E+01	
1.761910E-01	-1.061905E+01	
2.836935E-01	-1.047274E+01	
4.190444E-01	-1.030001E+01	
5.866250E-01	-1.012231E+01	
8.018868E-01	6.901553E-01	
6.177483E-01	1.127532E+00	
4.788456E-01	1.620896E+00	
3.867396E-01	2.135196E+00	
3.323622E-01	2.653835E+00	
9.567427E-02	-1.064133E+01	
1.966685E-01	-1.051663E+01	
3.187412E-01	-1.034558E+01	
4.780978E-01	-1.013245E+01	
7.085375E-01	-9.891839E+00	
9.835044E-01	4.144882E-01	
7.065798E-01	9.421357E-01	
5.377098E-01	1.498519E+00	
4.310147E-01	2.058771E+00	
3.693458E-01	2.614213E+00	
9.557279E-02	-1.054778E+01	
1.963882E-01	-1.040837E+01	
3.181494E-01	-1.021001E+01	
4.769018E-01	-9.949916E+00	
7.058899E-01	-9.614949E+00	
9.910362E-01	-9.115476E+00	
1.247470E+00	-8.437101E+00	
1.441572E+00	-7.663306E+00	
1.589782E+00	-6.813167E+00	
1.694658E+00	-5.898157E+00	
1.754105E+00	-4.929182E+00	
1.762533E+00	-3.917698E+00	
1.709946E+00	-2.876569E+00	
1.578084E+00	-1.822064E+00	
1.321163E+00	-7.874069E-01	
9.802362E-01	6.770366E-02	
7.051063E-01	7.368657E-01	
5.369531E-01	1.366766E+00	
4.306012E-01	1.977477E+00	
3.690844E-01	2.572321E+00	
8.571328E-02	-1.045925E+01	
1.754583E-01	-1.030634E+01	
2.821633E-01	-1.008357E+01	
4.159873E-01	-9.783777E+00	
5.804705E-01	-9.387617E+00	
7.624022E-01	-8.875730E+00	
9.373697E-01	-8.245446E+00	
1.085058E+00	-7.513170E+00	
1.198370E+00	-6.701781E+00	
1.276582E+00	-5.826454E+00	
1.317214E+00	-4.900807E+00	
1.315701E+00	-3.939158E+00	
1.265047E+00	-2.958350E+00	
1.155508E+00	-1.981682E+00	
9.890364E-01	-1.051182E+00	
7.943727E-01	-2.041115E-01	
6.139888E-01	5.531670E-01	
4.768910E-01	1.245214E+00	
3.856602E-01	1.901447E+00	
3.316758E-01	2.532850E+00	
6.743286E-02	-1.038472E+01	
1.372415E-01	-1.022131E+01	
2.183637E-01	-9.980775E+00	
3.145727E-01	-9.656542E+00	
4.251469E-01	-9.239794E+00	
5.431135E-01	-8.723655E+00	
6.572513E-01	-8.108416E+00	
7.569617E-01	-7.402801E+00	
8.354005E-01	-6.620400E+00	
8.889609E-01	-5.776062E+00	
9.150006E-01	-4.884527E+00	
9.103772E-01	-3.961574E+00	
8.716142E-01	-3.025352E+00	
7.975993E-01	-2.098234E+00	
6.941926E-01	-1.204509E+00	
5.762563E-01	-3.633847E-01	
4.630925E-01	4.188925E-01	
3.698017E-01	1.149100E+00	
3.027621E-01	1.839291E+00	
2.617219E-01	2.499982E+00	
4.293027E-02	-1.033124E+01	
8.689222E-02	-1.016102E+01	
1.369233E-01	-9.909914E+00	
1.943912E-01	-9.573727E+00	
2.584016E-01	-9.148025E+00	
3.254436E-01	-8.630415E+00	
3.902690E-01	-8.022692E+00	
4.475370E-01	-7.331546E+00	
4.930856E-01	-6.567667E+00	
5.241086E-01	-5.744212E+00	
5.385746E-01	-4.875872E+00	
5.347362E-01	-3.978691E+00	
5.114432E-01	-3.070290E+00	
4.693947E-01	-2.169358E+00	
4.125655E-01	-1.293620E+00	
3.483729E-01	-4.564023E-01	
2.857702E-01	3.361436E-01	
2.323325E-01	1.085120E+00	
1.923674E-01	1.796266E+00	
1.671090E-01	2.476708E+00	
1.471718E-02	-1.030340E+01	
2.968798E-02	-1.012992E+01	
4.654516E-02	-9.874118E+00	
6.563318E-02	-9.532966E+00	
8.661463E-02	-9.103793E+00	
1.084151E-01	-8.585804E+00	
1.294654E-01	-7.981427E+00	
1.481243E-01	-7.296884E+00	
1.630212E-01	-6.541883E+00	
1.731533E-01	-5.728840E+00	
1.777878E-01	-4.872143E+00	
1.763778E-01	-3.987668E+00	
1.686784E-01	-3.092305E+00	
1.550816E-01	-2.202989E+00	
1.369325E-01	-1.334968E+00	
1.164956E-01	-4.996840E-01	
9.643600E-02	2.967631E-01	
7.907317E-02	1.053700E+00	
6.586685E-02	1.774515E+00	
5.738858E-02	2.464723E+00	
2.908977E-02	9.458083E+00	
4.421565E-02	9.109973E+00	
6.230017E-02	8.683217E+00	
8.346551E-02	8.173682E+00	
1.069938E-01	7.578132E+00	
1.312878E-01	6.896220E+00	
1.542266E-01	6.131812E+00	
1.737275E-01	5.293701E+00	
1.882191E-01	4.394678E+00	
1.967042E-01	3.450453E+00	
1.985747E-01	2.478434E+00	
1.934667E-01	1.497137E+00	
1.812956E-01	5.256308E-01	
1.625606E-01	-4.173233E-01	
1.386336E-01	-1.314953E+00	
1.116822E-01	-2.154356E+00	
8.411323E-02	-2.927733E+00	
5.779361E-02	-3.632193E+00	
3.351523E-02	-4.267849E+00	
1.095383E-02	-4.752301E+00	
8.477299E-02	9.485114E+00	
1.292908E-01	9.142586E+00	
1.831941E-01	8.722592E+00	
2.472657E-01	8.219544E+00	
3.194790E-01	7.628011E+00	
3.946078E-01	6.945763E+00	
4.655477E-01	6.176147E+00	
5.255531E-01	5.328873E+00	
5.698536E-01	4.418299E+00	
5.957677E-01	3.461232E+00	
6.017665E-01	2.475525E+00	
5.866844E-01	1.479856E+00	
5.498782E-01	4.939348E-01	
4.923985E-01	-4.618419E-01	
4.183379E-01	-1.368422E+00	
3.348781E-01	-2.211298E+00	
2.502363E-01	-2.983002E+00	
1.706498E-01	-3.682830E+00	
9.841212E-02	-4.313728E+00	
3.207066E-02	-4.795326E+00	
1.329415E-01	9.537114E+00	
2.039044E-01	9.206067E+00	
2.919687E-01	8.801078E+00	
4.003822E-01	8.313543E+00	
5.266378E-01	7.732481E+00	
6.603745E-01	7.050158E+00	
7.863773E-01	6.268695E+00	
8.912319E-01	5.401185E+00	
9.673088E-01	4.466365E+00	
1.011717E+00	3.483489E+00	
1.023006E+00	2.470556E+00	
9.991300E-01	1.445867E+00	
9.375098E-01	4.294978E-01	
8.376879E-01	-5.547065E-01	
7.058618E-01	-1.481444E+00	
5.566914E-01	-2.330906E+00	
4.083971E-01	-3.096330E+00	
2.739040E-01	-3.783582E+00	
1.562530E-01	-4.402865E+00	
5.069325E-02	-4.878089E+00	
1.686831E-01	9.609707E+00	
2.602776E-01	9.296032E+00	
3.770226E-01	8.915923E+00	
5.300128E-01	8.460102E+00	
7.214533E-01	7.903618E+00	
9.316228E-01	7.222928E+00	
1.127349E+00	6.417655E+00	
1.282913E+00	5.512643E+00	
1.391576E+00	4.539647E+00	
1.455359E+00	3.518398E+00	
1.473927E+00	2.465504E+00	
1.444366E+00	1.397482E+00	
1.360947E+00	3.328434E-01	
1.214927E+00	-7.038939E-01	
1.009065E+00	-1.669945E+00	
7.723312E-01	-2.528309E+00	
5.460747E-01	-3.273477E+00	
3.562944E-01	-3.930707E+00	
2.008124E-01	-4.528872E+00	
6.483574E-02	-4.993618E+00	
1.878752E-01	9.696065E+00	
2.910199E-01	9.404413E+00	
4.249000E-01	9.058167E+00	
6.080297E-01	8.653978E+00	
8.817264E-01	8.174880E+00	
1.221978E+00	7.502087E+00	
1.513033E+00	6.625277E+00	
1.714282E+00	5.661834E+00	
1.852849E+00	4.637686E+00	
1.936006E+00	3.567298E+00	
1.964584E+00	2.463749E+00	
1.935059E+00	1.340151E+00	
1.839000E+00	2.106977E-01	
1.659408E+00	-9.073609E-01	
1.351605E+00	-1.980143E+00	
9.587558E-01	-2.847694E+00	
6.306089E-01	-3.508495E+00	
4.034400E-01	-4.112639E+00	
2.255142E-01	-4.680349E+00	
7.258928E-02	-5.131043E+00	
1.880304E-01	9.787371E+00	
2.913767E-01	9.519598E+00	
4.256180E-01	9.211103E+00	
6.094644E-01	8.868018E+00	
8.849113E-01	8.509983E+00	
9.621595E-01	-3.246206E+00	
6.321227E-01	-3.768167E+00	
4.041822E-01	-4.308077E+00	
2.258492E-01	-4.841170E+00	
7.268219E-02	-5.276315E+00	
1.691011E-01	9.873987E+00	
2.611994E-01	9.628426E+00	
3.788672E-01	9.354184E+00	
5.336697E-01	9.063586E+00	
7.288158E-01	8.785008E+00	
7.801709E-01	-3.569639E+00	
5.499526E-01	-4.004989E+00	
3.582197E-01	-4.490928E+00	
2.017041E-01	-4.993167E+00	
6.509562E-02	-5.414093E+00	
1.334511E-01	9.946991E+00	
2.050345E-01	9.719104E+00	
2.942133E-01	9.470353E+00	
4.047003E-01	9.212706E+00	
5.347767E-01	8.961110E+00	
5.653165E-01	-3.772332E+00	
4.129539E-01	-4.184877E+00	
2.762266E-01	-4.639501E+00	
1.573411E-01	-5.119995E+00	
5.101292E-02	-5.530201E+00	
8.519257E-02	9.999401E+00	
1.302013E-01	9.783286E+00	
1.849720E-01	9.550120E+00	
2.506119E-01	9.309066E+00	
3.255627E-01	9.069777E+00	
3.413056E-01	-3.896386E+00	
2.537687E-01	-4.300723E+00	
1.725005E-01	-4.741650E+00	
9.928895E-02	-5.209943E+00	
3.232839E-02	-5.613543E+00	
2.926669E-02	1.002668E+01	
4.457731E-02	9.816325E+00	
6.298829E-02	9.590263E+00	
8.472975E-02	9.356304E+00	
1.092413E-01	9.122001E+00	
1.140453E-01	-3.955805E+00	
8.543703E-02	-4.357449E+00	
5.849953E-02	-4.793130E+00	
3.385285E-02	-5.256322E+00	
1.105306E-02	-5.656924E+00	
-2.922149E-02	1.002668E+01	
-4.453583E-02	9.816324E+00	
-6.295110E-02	9.590260E+00	
-8.469422E-02	9.356306E+00	
-1.092056E-01	9.122000E+00	
-1.140070E-01	-3.955804E+00	
-8.540157E-02	-4.357453E+00	
-5.847210E-02	-4.793134E+00	
-3.383205E-02	-5.256324E+00	
-1.104375E-02	-5.656933E+00	
-8.515148E-02	9.999394E+00	
-1.301651E-01	9.783280E+00	
-1.849404E-01	9.550113E+00	
-2.505830E-01	9.309068E+00	
-3.255346E-01	9.069775E+00	
-3.412682E-01	-3.896379E+00	
-2.537304E-01	-4.300734E+00	
-1.724724E-01	-4.741665E+00	
-9.927338E-02	-5.209954E+00	
-3.232396E-02	-5.613566E+00	
-1.334181E-01	9.946980E+00	
-2.050042E-01	9.719094E+00	
-2.941817E-01	9.470346E+00	
-4.046680E-01	9.212705E+00	
-5.347443E-01	8.961110E+00	
-5.652812E-01	-3.772319E+00	
-4.129269E-01	-4.184903E+00	
-2.762116E-01	-4.639523E+00	
-1.573284E-01	-5.120014E+00	
-5.100684E-02	-5.530235E+00	
-1.690701E-01	9.873974E+00	
-2.611686E-01	9.628416E+00	
-3.788398E-01	9.354176E+00	
-5.336419E-01	9.063587E+00	
-7.287864E-01	8.785007E+00	
-7.801546E-01	-3.569632E+00	
-5.499362E-01	-4.005017E+00	
-3.582037E-01	-4.490961E+00	
-2.017031E-01	-4.993192E+00	
-6.509813E-02	-5.414130E+00	
-1.880162E-01	9.787360E+00	
-2.913604E-01	9.519588E+00	
-4.255992E-01	9.211094E+00	
-6.094446E-01	8.868021E+00	
-8.848895E-01	8.509984E+00	
-9.621424E-01	-3.246214E+00	
-6.321173E-01	-3.768191E+00	
-4.041839E-01	-4.308121E+00	
-2.258515E-01	-4.841199E+00	
-7.268276E-02	-5.276349E+00	
-1.878584E-01	9.696055E+00	
-2.910022E-01	9.404404E+00	
-4.248825E-01	9.058158E+00	
-6.080178E-01	8.653976E+00	
-8.817157E-01	8.174886E+00	
-1.221965E+00	7.502101E+00	
-1.513014E+00	6.625289E+00	
-1.714262E+00	5.661849E+00	
-1.852834E+00	4.637670E+00	
-1.935989E+00	3.567289E+00	
-1.964564E+00	2.463734E+00	
-1.935039E+00	1.340153E+00	
-1.838981E+00	2.106974E-01	
-1.659393E+00	-9.073576E-01	
-1.351598E+00	-1.980152E+00	
-9.587521E-01	-2.847710E+00	
-6.306145E-01	-3.508532E+00	
-4.034497E-01	-4.112682E+00	
-2.255180E-01	-4.680374E+00	
-7.258946E-02	-5.131077E+00	
-1.686838E-01	9.609698E+00	
-2.602730E-01	9.296028E+00	
-3.770120E-01	8.915915E+00	
-5.299971E-01	8.460099E+00	
-7.214324E-01	7.903630E+00	
-9.315983E-01	7.222942E+00	
-1.127324E+00	6.417672E+00	
-1.282889E+00	5.512653E+00	
-1.391548E+00	4.539635E+00	
-1.455331E+00	3.518387E+00	
-1.473899E+00	2.465494E+00	
-1.444333E+00	1.397484E+00	
-1.360918E+00	3.328392E-01	
-1.214902E+00	-7.038956E-01	
-1.009048E+00	-1.669964E+00	
-7.723334E-01	-2.528337E+00	
-5.460820E-01	-3.273516E+00	
-3.562995E-01	-3.930750E+00	
-2.008222E-01	-4.528897E+00	
-6.484190E-02	-4.993645E+00	
-1.329304E-01	9.537111E+00	
-2.038960E-01	9.206061E+00	
-2.919618E-01	8.801078E+00	
-4.003704E-01	8.313542E+00	
-5.266244E-01	7.732497E+00	
-6.603612E-01	7.050172E+00	
-7.863642E-01	6.268713E+00	
-8.912209E-01	5.401192E+00	
-9.673005E-01	4.466358E+00	
-1.011707E+00	3.483474E+00	
-1.022995E+00	2.470551E+00	
-9.991236E-01	1.445864E+00	
-9.375052E-01	4.294923E-01	
-8.376851E-01	-5.547121E-01	
-7.058667E-01	-1.481475E+00	
-5.566974E-01	-2.330943E+00	
-4.084087E-01	-3.096370E+00	
-2.739187E-01	-3.783624E+00	
-1.562640E-01	-4.402891E+00	
-5.069852E-02	-4.878105E+00	
-8.477777E-02	9.485114E+00	
-1.292914E-01	9.142578E+00	
-1.831879E-01	8.722598E+00	
-2.472572E-01	8.219544E+00	
-3.194661E-01	7.628032E+00	
-3.945938E-01	6.945772E+00	
-4.655317E-01	6.176172E+00	
-5.255330E-01	5.328875E+00	
-5.698350E-01	4.418293E+00	
-5.957487E-01	3.461219E+00	
-6.017477E-01	2.475520E+00	
-5.866678E-01	1.479847E+00	
-5.498644E-01	4.939314E-01	
-4.923893E-01	-4.618561E-01	
-4.183316E-01	-1.368455E+00	
-3.348776E-01	-2.211340E+00	
-2.502430E-01	-2.983050E+00	
-1.706563E-01	-3.682867E+00	
-9.841815E-02	-4.313755E+00	
-3.207441E-02	-4.795332E+00	
-2.908753E-02	9.458083E+00	
-4.421314E-02	9.109970E+00	
-6.230054E-02	8.683222E+00	
-8.346576E-02	8.173685E+00	
-1.069973E-01	7.578151E+00	
-1.312931E-01	6.896230E+00	
-1.542255E-01	6.131843E+00	
-1.737295E-01	5.293698E+00	
-1.882209E-01	4.394677E+00	
-1.967001E-01	3.450442E+00	
-1.985776E-01	2.478420E+00	
-1.934733E-01	1.497131E+00	
-1.812973E-01	5.256265E-01	
-1.625602E-01	-4.173390E-01	
-1.386361E-01	-1.314990E+00	
-1.116850E-01	-2.154399E+00	
-8.411201E-02	-2.927783E+00	
-5.779559E-02	-3.632231E+00	
-3.351867E-02	-4.267876E+00	
-1.095445E-02	-4.752303E+00	
1.627437E-02	9.731183E+00	
4.909887E-03	9.931698E+00	
-5.836774E-03	1.006064E+01	
-1.665694E-02	1.011783E+01	
-2.800935E-02	1.010228E+01	
-4.003733E-02	1.001274E+01	
-5.254349E-02	9.848435E+00	
-6.502886E-02	9.609612E+00	
-7.677026E-02	9.298199E+00	
-8.690523E-02	8.918045E+00	
-9.450833E-02	8.475170E+00	
-9.867884E-02	7.977807E+00	
-9.874170E-02	7.436074E+00	
-9.455755E-02	6.861302E+00	
-8.680613E-02	6.264459E+00	
-7.700903E-02	5.654383E+00	
-6.715835E-02	5.036309E+00	
-5.915355E-02	4.411403E+00	
-5.437827E-02	3.777530E+00	
-5.364207E-02	3.130418E+00	
4.730916E-02	9.754432E+00	
1.414392E-02	9.952980E+00	
-1.731826E-02	1.008157E+01	
-4.924724E-02	1.013965E+01	
-8.309579E-02	1.012566E+01	
-1.193329E-01	1.003763E+01	
-1.573232E-01	9.874046E+00	
-1.954647E-01	9.634628E+00	
-2.315039E-01	9.320963E+00	
-2.628076E-01	8.936719E+00	
-2.865372E-01	8.487829E+00	
-2.998222E-01	7.982604E+00	
-3.002818E-01	7.431800E+00	
-2.870978E-01	6.848208E+00	
-2.622158E-01	6.244919E+00	
-2.306359E-01	5.632546E+00	
-1.990697E-01	5.016729E+00	
-1.737132E-01	4.397621E+00	
-1.587092E-01	3.771532E+00	
-1.561581E-01	3.133128E+00	
7.388943E-02	9.798948E+00	
2.175058E-02	9.993768E+00	
-2.801077E-02	1.012200E+01	
-7.931905E-02	1.018245E+01	
-1.349758E-01	1.017236E+01	
-1.959418E-01	1.008813E+01	
-2.609513E-01	9.926546E+00	
-3.269143E-01	9.686233E+00	
-3.897390E-01	9.368223E+00	
-4.449094E-01	8.975934E+00	
-4.876228E-01	8.515057E+00	
-5.127231E-01	7.993761E+00	
-5.149764E-01	7.423356E+00	
-4.911556E-01	6.819647E+00	
-4.437338E-01	6.201177E+00	
-3.827909E-01	5.583766E+00	
-3.228429E-01	4.973995E+00	
-2.762604E-01	4.368416E+00	
-2.495171E-01	3.758990E+00	
-2.444618E-01	3.138064E+00	
9.335872E-02	9.860732E+00	
2.701888E-02	1.005046E+01	
-3.672633E-02	1.017881E+01	
-1.039822E-01	1.024420E+01	
-1.800119E-01	1.024230E+01	
-2.668605E-01	1.016601E+01	
-3.620529E-01	1.000887E+01	
-4.598142E-01	9.767636E+00	
-5.535763E-01	9.443407E+00	
-6.370851E-01	9.039429E+00	
-7.037362E-01	8.560927E+00	
-7.460478E-01	8.015304E+00	
-7.550709E-01	7.413089E+00	
-7.198839E-01	6.770906E+00	
-6.386033E-01	6.121216E+00	
-5.308236E-01	5.495004E+00	
-4.286478E-01	4.900633E+00	
-3.559418E-01	4.322490E+00	
-3.174768E-01	3.739708E+00	
-3.096595E-01	3.144473E+00	
1.036856E-01	9.933888E+00	
2.965066E-02	1.011768E+01	
-4.182904E-02	1.024682E+01	
-1.185216E-01	1.032014E+01	
-2.108994E-01	1.033476E+01	
-3.269085E-01	1.027640E+01	
-4.591551E-01	1.012591E+01	
-5.944403E-01	9.883636E+00	
-7.247682E-01	9.551497E+00	
-8.426316E-01	9.132711E+00	
-9.401546E-01	8.631818E+00	
-1.008171E+00	8.054740E+00	
-1.034719E+00	7.409225E+00	
-1.001528E+00	6.706392E+00	
-8.684397E-01	5.971360E+00	
-6.608624E-01	5.329502E+00	
-4.927154E-01	4.795812E+00	
-4.005134E-01	4.262403E+00	
-3.541963E-01	3.715013E+00	
-3.444751E-01	3.151630E+00	
1.037183E-01	1.001108E+01	
2.957910E-02	1.018866E+01	
-4.204209E-02	1.031894E+01	
-1.189814E-01	1.040165E+01	
-2.119159E-01	1.043856E+01	
-6.628947E-01	5.110966E+00	
-4.936243E-01	4.676931E+00	
-4.009868E-01	4.196444E+00	
-3.544764E-01	3.688144E+00	
-3.446943E-01	3.158996E+00	
9.345819E-02	1.008442E+01	
2.683812E-02	1.025608E+01	
-3.727597E-02	1.038726E+01	
-1.051628E-01	1.047816E+01	
-1.824241E-01	1.053225E+01	
-5.354589E-01	4.943067E+00	
-4.309663E-01	4.571067E+00	
-3.571673E-01	4.135872E+00	
-3.182087E-01	3.663247E+00	
-3.102339E-01	3.166135E+00	
7.401111E-02	1.014650E+01	
2.153527E-02	1.031310E+01	
-2.866811E-02	1.044456E+01	
-8.071287E-02	1.054080E+01	
-1.376856E-01	1.060385E+01	
-3.878402E-01	4.851221E+00	
-3.255599E-01	4.496140E+00	
-2.777434E-01	4.089184E+00	
-2.504142E-01	3.643647E+00	
-2.451707E-01	3.172517E+00	
4.741695E-02	1.019131E+01	
1.398326E-02	1.035420E+01	
-1.782969E-02	1.048547E+01	
-5.032449E-02	1.058442E+01	
-8.513809E-02	1.065201E+01	
-2.343707E-01	4.799890E+00	
-2.011612E-01	4.451981E+00	
-1.748833E-01	4.059248E+00	
-1.594236E-01	3.630794E+00	
-1.567256E-01	3.177428E+00	
1.633411E-02	1.021473E+01	
4.867899E-03	1.037567E+01	
-6.010854E-03	1.050669E+01	
-1.704410E-02	1.060673E+01	
-2.874869E-02	1.067622E+01	
-7.835872E-02	4.776646E+00	
-6.792463E-02	4.431582E+00	
-5.958350E-02	4.045028E+00	
-5.463819E-02	3.624609E+00	
-5.384826E-02	3.180126E+00	
-1.628397E-02	1.021473E+01	
-4.816521E-03	1.037567E+01	
6.059810E-03	1.050669E+01	
1.708991E-02	1.060673E+01	
2.879261E-02	1.067622E+01	
7.840269E-02	4.776650E+00	
6.796271E-02	4.431584E+00	
5.961890E-02	4.045029E+00	
5.467225E-02	3.624610E+00	
5.388016E-02	3.180127E+00	
-4.737217E-02	1.019130E+01	
-1.393416E-02	1.035420E+01	
1.787898E-02	1.048547E+01	
5.036946E-02	1.058443E+01	
8.517710E-02	1.065201E+01	
2.344122E-01	4.799901E+00	
2.011974E-01	4.451987E+00	
1.749177E-01	4.059249E+00	
1.594566E-01	3.630797E+00	
1.567565E-01	3.177432E+00	
-7.397307E-02	1.014649E+01	
-2.149489E-02	1.031310E+01	
2.870756E-02	1.044456E+01	
8.074858E-02	1.054081E+01	
1.377190E-01	1.060386E+01	
3.878764E-01	4.851240E+00	
3.255929E-01	4.496147E+00	
2.777754E-01	4.089186E+00	
2.504439E-01	3.643652E+00	
2.451969E-01	3.172524E+00	
-9.342735E-02	1.008441E+01	
-2.680969E-02	1.025608E+01	
3.730111E-02	1.038726E+01	
1.051887E-01	1.047818E+01	
1.824515E-01	1.053225E+01	
5.354885E-01	4.943088E+00	
4.309946E-01	4.571075E+00	
3.571938E-01	4.135876E+00	
3.182312E-01	3.663257E+00	
3.102510E-01	3.166147E+00	
-1.037064E-01	1.001107E+01	
-2.956709E-02	1.018866E+01	
4.205646E-02	1.031895E+01	
1.190001E-01	1.040166E+01	
2.119390E-01	1.043857E+01	
6.629178E-01	5.110990E+00	
4.936452E-01	4.676940E+00	
4.010038E-01	4.196453E+00	
3.544874E-01	3.688159E+00	
3.447006E-01	3.159012E+00	
-1.036718E-01	9.933878E+00	
-2.963915E-02	1.011768E+01	
4.184345E-02	1.024682E+01	
1.185394E-01	1.032015E+01	
2.109202E-01	1.033476E+01	
3.269295E-01	1.027640E+01	
4.591766E-01	1.012590E+01	
5.944646E-01	9.883628E+00	
7.247940E-01	9.551482E+00	
8.426568E-01	9.132699E+00	
9.401783E-01	8.631808E+00	
1.008192E+00	8.054732E+00	
1.034735E+00	7.409227E+00	
1.001542E+00	6.706408E+00	
8.684549E-01	5.971390E+00	
6.608782E-01	5.329528E+00	
4.927276E-01	4.795825E+00	
4.005193E-01	4.262418E+00	
3.541972E-01	3.715032E+00	
3.444740E-01	3.151648E+00	
-9.335988E-02	9.860725E+00	
-2.701856E-02	1.005046E+01	
3.672886E-02	1.017881E+01	
1.039913E-01	1.024420E+01	
1.800279E-01	1.024229E+01	
2.668817E-01	1.016600E+01	
3.620776E-01	1.000886E+01	
4.598413E-01	9.767625E+00	
5.536080E-01	9.443389E+00	
6.371202E-01	9.039417E+00	
7.037678E-01	8.560921E+00	
7.460685E-01	8.015305E+00	
7.550813E-01	7.413099E+00	
7.198888E-01	6.770922E+00	
6.386081E-01	6.121243E+00	
5.308300E-01	5.495030E+00	
4.286517E-01	4.900652E+00	
3.559416E-01	4.322510E+00	
3.174743E-01	3.739730E+00	
3.096573E-01	3.144491E+00	
-7.388558E-02	9.798944E+00	
-2.174616E-02	9.993762E+00	
2.802134E-02	1.012200E+01	
7.933274E-02	1.018244E+01	
1.349938E-01	1.017236E+01	
1.959621E-01	1.008812E+01	
2.609711E-01	9.926534E+00	
3.269346E-01	9.686220E+00	
3.897601E-01	9.368203E+00	
4.449316E-01	8.975920E+00	
4.876444E-01	8.515057E+00	
5.127412E-01	7.993771E+00	
5.149864E-01	7.423375E+00	
4.911582E-01	6.819667E+00	
4.437345E-01	6.201202E+00	
3.827907E-01	5.583792E+00	
3.228416E-01	4.974018E+00	
2.762573E-01	4.368439E+00	
2.495144E-01	3.759011E+00	
2.444612E-01	3.138080E+00	
-4.731526E-02	9.754433E+00	
-1.415252E-02	9.952970E+00	
1.731233E-02	1.008156E+01	
4.924754E-02	1.013963E+01	
8.310508E-02	1.012564E+01	
1.193489E-01	1.003762E+01	
1.573409E-01	9.874032E+00	
1.954834E-01	9.634615E+00	
2.315227E-01	9.320942E+00	
2.628262E-01	8.936705E+00	
2.865526E-01	8.487833E+00	
2.998339E-01	7.982617E+00	
3.002907E-01	7.431826E+00	
2.871012E-01	6.848233E+00	
2.622171E-01	6.244944E+00	
2.306380E-01	5.632573E+00	
1.990697E-01	5.016754E+00	
1.737103E-01	4.397646E+00	
1.587059E-01	3.771551E+00	
1.561576E-01	3.133141E+00	
-1.627213E-02	9.731186E+00	
-4.906115E-03	9.931688E+00	
5.841165E-03	1.006063E+01	
1.666194E-02	1.011781E+01	
2.801601E-02	1.010226E+01	
4.004389E-02	1.001273E+01	
5.254813E-02	9.848422E+00	
6.503021E-02	9.609601E+00	
7.676972E-02	9.298178E+00	
8.690704E-02	8.918029E+00	
9.451336E-02	8.475176E+00	
9.868518E-02	7.977821E+00	
9.874619E-02	7.436105E+00	
9.456044E-02	6.861330E+00	
8.680844E-02	6.264484E+00	
7.700994E-02	5.654411E+00	
6.715926E-02	5.036335E+00	
5.915265E-02	4.411431E+00	
5.437620E-02	3.777547E+00	
5.364171E-02	3.130428E+00	
-8.598648E-04	1.039678E+01	
1.281927E-02	1.041088E+01	
2.715506E-02	1.034510E+01	
4.268583E-02	1.019778E+01	
5.947317E-02	9.967023E+00	
7.703411E-02	9.651780E+00	
9.445113E-02	9.252888E+00	
1.106124E-01	8.773720E+00	
1.244352E-01	8.220298E+00	
1.349553E-01	7.601086E+00	
1.413080E-01	6.926678E+00	
1.427400E-01	6.209562E+00	
1.387766E-01	5.463767E+00	
1.295505E-01	4.703964E+00	
1.161111E-01	3.943771E+00	
1.004213E-01	3.193694E+00	
8.490115E-02	2.459611E+00	
7.173823E-02	1.742503E+00	
6.240551E-02	1.039493E+00	
5.762091E-02	3.454822E-01	
-2.422494E-03	1.042332E+01	
3.764087E-02	1.043808E+01	
7.996270E-02	1.037455E+01	
1.263802E-01	1.023027E+01	
1.771852E-01	1.000212E+01	
2.307985E-01	9.687854E+00	
2.841636E-01	9.287596E+00	
3.336783E-01	8.804687E+00	
3.760179E-01	8.245493E+00	
4.083652E-01	7.618759E+00	
4.281901E-01	6.935183E+00	
4.330929E-01	6.207392E+00	
4.212441E-01	5.450125E+00	
3.925840E-01	4.679720E+00	
3.501828E-01	3.912174E+00	
3.004828E-01	3.159901E+00	
2.516159E-01	2.429017E+00	
2.107291E-01	1.719046E+00	
1.822016E-01	1.025089E+00	
1.677664E-01	3.406664E-01	
-3.582376E-03	1.047423E+01	
5.976197E-02	1.049058E+01	
1.277311E-01	1.043235E+01	
2.043232E-01	1.029549E+01	
2.906203E-01	1.007401E+01	
3.835003E-01	9.762462E+00	
4.764832E-01	9.359336E+00	
5.624675E-01	8.868447E+00	
6.357798E-01	8.297386E+00	
6.922080E-01	7.655642E+00	
7.278886E-01	6.953805E+00	
7.385170E-01	6.204300E+00	
7.195738E-01	5.422425E+00	
6.688060E-01	4.627992E+00	
5.905373E-01	3.843232E+00	
4.977101E-01	3.086316E+00	
4.078759E-01	2.363901E+00	
3.352890E-01	1.670689E+00	
2.866183E-01	9.962484E-01	
2.626932E-01	3.311468E-01	
-4.264384E-03	1.054505E+01	
7.681160E-02	1.056419E+01	
1.653271E-01	1.051522E+01	
2.697277E-01	1.039360E+01	
3.945797E-01	1.018704E+01	
5.340886E-01	9.881817E+00	
6.743052E-01	9.473181E+00	
8.016946E-01	8.967976E+00	
9.091658E-01	8.378640E+00	
9.930958E-01	7.714745E+00	
1.048772E+00	6.986059E+00	
1.069947E+00	6.203851E+00	
1.048348E+00	5.382331E+00	
9.732476E-01	4.542217E+00	
8.446795E-01	3.722170E+00	
6.877276E-01	2.957599E+00	
5.410923E-01	2.256148E+00	
4.322134E-01	1.596976E+00	
3.649062E-01	9.539837E-01	
3.328319E-01	3.174122E-01	
-4.538381E-03	1.062904E+01	
8.628413E-02	1.065209E+01	
1.866346E-01	1.061619E+01	
3.088714E-01	1.051927E+01	
4.756826E-01	1.035303E+01	
6.838872E-01	1.006354E+01	
8.856120E-01	9.633398E+00	
1.056567E+00	9.106103E+00	
1.201129E+00	8.492546E+00	
1.316727E+00	7.800367E+00	
1.398191E+00	7.037577E+00	
1.437868E+00	6.213185E+00	
1.424360E+00	5.337890E+00	
1.338708E+00	4.425907E+00	
1.136314E+00	3.507518E+00	
8.516667E-01	2.730653E+00	
6.216255E-01	2.106418E+00	
4.865113E-01	1.502713E+00	
4.072819E-01	9.017103E-01	
3.703113E-01	3.006408E-01	
-4.505797E-03	1.071774E+01	
8.646729E-02	1.074518E+01	
1.870523E-01	1.072403E+01	
3.097288E-01	1.065635E+01	
4.775801E-01	1.055062E+01	
8.544184E-01	2.437277E+00	
6.228623E-01	1.938197E+00	
4.871487E-01	1.400107E+00	
4.076384E-01	8.455768E-01	
3.705557E-01	2.827211E-01	
-4.182309E-03	1.080197E+01	
7.728486E-02	1.083340E+01	
1.664041E-01	1.082552E+01	
2.719184E-01	1.078304E+01	
3.990119E-01	1.071887E+01	
6.940344E-01	2.207086E+00	
5.442459E-01	1.787043E+00	
4.338588E-01	1.305159E+00	
3.658364E-01	7.929914E-01	
3.334731E-01	2.658605E-01	
-3.486493E-03	1.087316E+01	
6.033534E-02	1.090750E+01	
1.290304E-01	1.090924E+01	
2.069080E-01	1.088272E+01	
2.955500E-01	1.083493E+01	
5.046144E-01	2.074160E+00	
4.115760E-01	1.677142E+00	
3.372794E-01	1.230376E+00	
2.877603E-01	7.502328E-01	
2.634884E-01	2.519838E-01	
-2.351351E-03	1.092444E+01	
3.809396E-02	1.096048E+01	
8.098623E-02	1.096784E+01	
1.283811E-01	1.094939E+01	
1.808824E-01	1.090940E+01	
3.056128E-01	1.997063E+00	
2.544726E-01	1.610061E+00	
2.123031E-01	1.180992E+00	
1.831171E-01	7.209124E-01	
1.684093E-01	2.423244E-01	
-8.468305E-04	1.095121E+01	
1.297887E-02	1.098798E+01	
2.752892E-02	1.099778E+01	
4.342067E-02	1.098274E+01	
6.082211E-02	1.094596E+01	
1.022953E-01	1.961319E+00	
8.595996E-02	1.578329E+00	
7.232765E-02	1.156922E+00	
6.275114E-02	7.062196E-01	
5.786658E-02	2.374247E-01	
8.010095E-04	1.095122E+01	
-1.301953E-02	1.098799E+01	
-2.756827E-02	1.099778E+01	
-4.345954E-02	1.098274E+01	
-6.085664E-02	1.094596E+01	
-1.022996E-01	1.961316E+00	
-8.596753E-02	1.578329E+00	
-7.233357E-02	1.156924E+00	
-6.275462E-02	7.062205E-01	
-5.786941E-02	2.374246E-01	
2.303704E-03	1.092445E+01	
-3.813752E-02	1.096049E+01	
-8.102858E-02	1.096784E+01	
-1.284226E-01	1.094940E+01	
-1.809201E-01	1.090941E+01	
-3.056104E-01	1.997055E+00	
-2.544718E-01	1.610060E+00	
-2.123029E-01	1.180995E+00	
-1.831186E-01	7.209127E-01	
-1.684133E-01	2.423228E-01	
3.438528E-03	1.087317E+01	
-6.038101E-02	1.090751E+01	
-1.290749E-01	1.090923E+01	
-2.069517E-01	1.088273E+01	
-2.955913E-01	1.083494E+01	
-5.046062E-01	2.074152E+00	
-4.115677E-01	1.677141E+00	
-3.372736E-01	1.230377E+00	
-2.877593E-01	7.502291E-01	
-2.634921E-01	2.519790E-01	
4.136298E-03	1.080199E+01	
-7.732945E-02	1.083341E+01	
-1.664468E-01	1.082552E+01	
-2.719607E-01	1.078305E+01	
-3.990553E-01	1.071889E+01	
-6.940267E-01	2.207080E+00	
-5.442371E-01	1.787041E+00	
-4.338513E-01	1.305157E+00	
-3.658317E-01	7.929831E-01	
-3.334716E-01	2.658522E-01	
4.461244E-03	1.071776E+01	
-8.651091E-02	1.074520E+01	
-1.870931E-01	1.072403E+01	
-3.097680E-01	1.065635E+01	
-4.776207E-01	1.055064E+01	
-8.544150E-01	2.437273E+00	
-6.228563E-01	1.938196E+00	
-4.871400E-01	1.400104E+00	
-4.076277E-01	8.455675E-01	
-3.705449E-01	2.827107E-01	
4.493556E-03	1.062906E+01	
-8.632917E-02	1.065210E+01	
-1.866762E-01	1.061620E+01	
-3.089089E-01	1.051928E+01	
-4.757175E-01	1.035305E+01	
-6.839238E-01	1.006356E+01	
-8.856506E-01	9.633418E+00	
-1.056603E+00	9.106122E+00	
-1.201162E+00	8.492576E+00	
-1.316758E+00	7.800403E+00	
-1.398218E+00	7.037605E+00	
-1.437887E+00	6.213206E+00	
-1.424371E+00	5.337913E+00	
-1.338714E+00	4.425928E+00	
-1.136316E+00	3.507525E+00	
-8.516641E-01	2.730652E+00	
-6.216184E-01	2.106421E+00	
-4.864992E-01	1.502714E+00	
-4.072656E-01	9.017033E-01	
-3.702941E-01	3.006291E-01	
4.222336E-03	1.054506E+01	
-7.685399E-02	1.056420E+01	
-1.653672E-01	1.051524E+01	
-2.697611E-01	1.039361E+01	
-3.946085E-01	1.018706E+01	
-5.341180E-01	9.881835E+00	
-6.743361E-01	9.473201E+00	
-8.017253E-01	8.967998E+00	
-9.091951E-01	8.378671E+00	
-9.931253E-01	7.714782E+00	
-1.048800E+00	6.986091E+00	
-1.069970E+00	6.203880E+00	
-1.048363E+00	5.382362E+00	
-9.732551E-01	4.542243E+00	
-8.446802E-01	3.722183E+00	
-6.877218E-01	2.957604E+00	
-5.410806E-01	2.256156E+00	
-4.321976E-01	1.596982E+00	
-3.648891E-01	9.539782E-01	
-3.328163E-01	3.173984E-01	
3.550237E-03	1.047425E+01	
-5.979291E-02	1.049060E+01	
-1.277601E-01	1.043236E+01	
-2.043484E-01	1.029550E+01	
-2.906414E-01	1.007402E+01	
-3.835206E-01	9.762479E+00	
-4.765051E-01	9.359354E+00	
-5.624906E-01	8.868470E+00	
-6.358035E-01	8.297417E+00	
-6.922321E-01	7.655677E+00	
-7.279126E-01	6.953840E+00	
-7.385388E-01	6.204335E+00	
-7.195905E-01	5.422463E+00	
-6.688157E-01	4.628026E+00	
-5.905388E-01	3.843252E+00	
-4.977032E-01	3.086329E+00	
-4.078620E-01	2.363914E+00	
-3.352726E-01	1.670696E+00	
-2.866043E-01	9.962408E-01	
-2.626844E-01	3.311285E-01	
2.403840E-03	1.042334E+01	
-3.765742E-02	1.043810E+01	
-7.997736E-02	1.037457E+01	
-1.263933E-01	1.023029E+01	
-1.771973E-01	1.000214E+01	
-2.308096E-01	9.687870E+00	
-2.841753E-01	9.287613E+00	
-3.336926E-01	8.804708E+00	
-3.760342E-01	8.245524E+00	
-4.083808E-01	7.618796E+00	
-4.282045E-01	6.935218E+00	
-4.331075E-01	6.207428E+00	
-4.212577E-01	5.450168E+00	
-3.925927E-01	4.679760E+00	
-3.501855E-01	3.912202E+00	
-3.004804E-01	3.159920E+00	
-2.516082E-01	2.429036E+00	
-2.107171E-01	1.719055E+00	
-1.821914E-01	1.025076E+00	
-1.677615E-01	3.406429E-01	
8.536225E-04	1.039680E+01	
-1.282464E-02	1.041090E+01	
-2.715870E-02	1.034512E+01	
-4.268922E-02	1.019780E+01	
-5.947663E-02	9.967042E+00	
-7.703751E-02	9.651797E+00	
-9.445526E-02	9.252903E+00	
-1.106183E-01	8.773738E+00	
-1.244419E-01	8.220329E+00	
-1.349612E-01	7.601124E+00	
-1.413136E-01	6.926713E+00	
-1.427463E-01	6.209597E+00	
-1.387824E-01	5.463812E+00	
-1.295539E-01	4.704009E+00	
-1.161121E-01	3.943801E+00	
-1.004205E-01	3.193717E+00	
-8.489772E-02	2.459634E+00	
-7.173288E-02	1.742512E+00	
-6.240117E-02	1.039476E+00	
-5.762041E-02	3.454540E-01	
-1.472193E-02	1.030340E+01	
-2.969390E-02	1.012991E+01	
-4.655134E-02	9.874108E+00	
-6.563939E-02	9.532951E+00	
-8.662097E-02	9.103773E+00	
-1.084231E-01	8.585790E+00	
-1.294742E-01	7.981423E+00	
-1.481308E-01	7.296893E+00	
-1.630249E-01	6.541907E+00	
-1.731561E-01	5.728872E+00	
-1.777912E-01	4.872174E+00	
-1.763815E-01	3.987699E+00	
-1.686825E-01	3.092335E+00	
-1.550853E-01	2.203015E+00	
-1.369354E-01	1.334991E+00	
-1.164987E-01	4.997013E-01	
-9.643962E-02	-2.967507E-01	
-7.907609E-02	-1.053693E+00	
-6.586936E-02	-1.774514E+00	
-5.739223E-02	-2.464719E+00	
-4.294382E-02	1.033124E+01	
-8.690761E-02	1.016101E+01	
-1.369384E-01	9.909903E+00	
-1.944052E-01	9.573711E+00	
-2.584170E-01	9.148007E+00	
-3.254626E-01	8.630404E+00	
-3.902903E-01	8.022688E+00	
-4.475560E-01	7.331551E+00	
-4.930983E-01	6.567685E+00	
-5.241164E-01	5.744243E+00	
-5.385826E-01	4.875904E+00	
-5.347457E-01	3.978722E+00	
-5.114522E-01	3.070320E+00	
-4.694043E-01	2.169385E+00	
-4.125756E-01	1.293642E+00	
-3.483815E-01	4.564195E-01	
-2.857789E-01	-3.361306E-01	
-2.323419E-01	-1.085114E+00	
-1.923773E-01	-1.796265E+00	
-1.671195E-01	-2.476703E+00	
-6.745293E-02	1.038472E+01	
-1.372643E-01	1.022130E+01	
-2.183861E-01	9.980763E+00	
-3.145937E-01	9.656526E+00	
-4.251689E-01	9.239779E+00	
-5.431395E-01	8.723647E+00	
-6.572808E-01	8.108414E+00	
-7.569905E-01	7.402801E+00	
-8.354240E-01	6.620411E+00	
-8.889781E-01	5.776089E+00	
-9.150144E-01	4.884561E+00	
-9.103906E-01	3.961605E+00	
-8.716278E-01	3.025381E+00	
-7.976132E-01	2.098262E+00	
-6.942082E-01	1.204531E+00	
-5.762732E-01	3.634008E-01	
-4.631081E-01	-4.188796E-01	
-3.698168E-01	-1.149093E+00	
-3.027789E-01	-1.839288E+00	
-2.617394E-01	-2.499977E+00	
-8.573451E-02	1.045925E+01	
-1.754805E-01	1.030633E+01	
-2.821866E-01	1.008356E+01	
-4.160121E-01	9.783761E+00	
-5.804965E-01	9.387604E+00	
-7.624290E-01	8.875726E+00	
-9.373976E-01	8.245445E+00	
-1.085087E+00	7.513169E+00	
-1.198399E+00	6.701788E+00	
-1.276607E+00	5.826475E+00	
-1.317234E+00	4.900838E+00	
-1.315719E+00	3.939189E+00	
-1.265065E+00	2.958379E+00	
-1.155527E+00	1.981711E+00	
-9.890563E-01	1.051207E+00	
-7.943956E-01	2.041296E-01	
-6.140118E-01	-5.531572E-01	
-4.769114E-01	-1.245208E+00	
-3.856802E-01	-1.901443E+00	
-3.316963E-01	-2.532846E+00	
-9.559467E-02	1.054778E+01	
-1.964093E-01	1.040836E+01	
-3.181734E-01	1.021000E+01	
-4.769298E-01	9.949904E+00	
-7.059202E-01	9.614936E+00	
-9.910646E-01	9.115470E+00	
-1.247495E+00	8.437099E+00	
-1.441600E+00	7.663309E+00	
-1.589813E+00	6.813173E+00	
-1.694688E+00	5.898173E+00	
-1.754132E+00	4.929210E+00	
-1.762559E+00	3.917729E+00	
-1.709971E+00	2.876597E+00	
-1.578107E+00	1.822091E+00	
-1.321185E+00	7.874345E-01	
-9.802606E-01	-6.768316E-02	
-7.051312E-01	-7.368576E-01	
-5.369763E-01	-1.366763E+00	
-4.306216E-01	-1.977473E+00	
-3.691053E-01	-2.572315E+00	
-9.569722E-02	1.064132E+01	
-1.966920E-01	1.051662E+01	
-3.187670E-01	1.034557E+01	
-4.781270E-01	1.013244E+01	
-7.085695E-01	9.891828E+00	
-9.835269E-01	-4.144674E-01	
-7.066020E-01	-9.421277E-01	
-5.377315E-01	-1.498518E+00	
-4.310354E-01	-2.058769E+00	
-3.693648E-01	-2.614207E+00	
-8.600405E-02	1.073011E+01	
-1.762167E-01	1.061905E+01	
-2.837202E-01	1.047273E+01	
-4.190718E-01	1.030000E+01	
-5.866537E-01	1.012230E+01	
-8.019070E-01	-6.901361E-01	
-6.177663E-01	-1.127525E+00	
-4.788634E-01	-1.620894E+00	
-3.867571E-01	-2.135195E+00	
-3.323757E-01	-2.653833E+00	
-6.778724E-02	1.080504E+01	
-1.381673E-01	1.070470E+01	
-2.202458E-01	1.057666E+01	
-3.182042E-01	1.042939E+01	
-4.319926E-01	1.027428E+01	
-5.845230E-01	-8.544326E-01	
-4.675268E-01	-1.264365E+00	
-3.721841E-01	-1.718299E+00	
-3.041006E-01	-2.197979E+00	
-2.625791E-01	-2.686951E+00	
-4.322031E-02	1.085893E+01	
-8.763952E-02	1.076561E+01	
-1.384213E-01	1.064861E+01	
-1.972146E-01	1.051419E+01	
-2.635364E-01	1.036959E+01	
-3.545291E-01	-9.516569E-01	
-2.892011E-01	-1.349465E+00	
-2.342218E-01	-1.783521E+00	
-1.934420E-01	-2.241620E+00	
-1.678016E-01	-2.710472E+00	
-1.484236E-02	1.088703E+01	
-2.998698E-02	1.079708E+01	
-4.712716E-02	1.068506E+01	
-6.670654E-02	1.055611E+01	
-8.852203E-02	1.041581E+01	
-1.187606E-01	-9.972781E-01	
-9.772389E-02	-1.390209E+00	
-7.979464E-02	-1.815686E+00	
-6.628300E-02	-2.263747E+00	
-5.766041E-02	-2.722608E+00	
1.479218E-02	1.088703E+01	
2.993560E-02	1.079708E+01	
4.707334E-02	1.068506E+01	
6.664672E-02	1.055611E+01	
8.845694E-02	1.041581E+01	
1.187248E-01	-9.972807E-01	
9.769163E-02	-1.390210E+00	
7.976412E-02	-1.815687E+00	
6.625400E-02	-2.263748E+00	
5.763389E-02	-2.722610E+00	
4.316887E-02	1.085894E+01	
8.758639E-02	1.076561E+01	
1.383669E-01	1.064861E+01	
1.971575E-01	1.051420E+01	
2.634751E-01	1.036960E+01	
3.544913E-01	-9.516639E-01	
2.891665E-01	-1.349468E+00	
2.341894E-01	-1.783524E+00	
1.934118E-01	-2.241623E+00	
1.677752E-01	-2.710478E+00	
6.773603E-02	1.080505E+01	
1.381130E-01	1.070471E+01	
2.201901E-01	1.057666E+01	
3.181483E-01	1.042940E+01	
4.319351E-01	1.027429E+01	
5.844838E-01	-8.544429E-01	
4.674904E-01	-1.264371E+00	
3.721495E-01	-1.718303E+00	
3.040684E-01	-2.197985E+00	
2.625505E-01	-2.686962E+00	
8.595591E-02	1.073012E+01	
1.761652E-01	1.061905E+01	
2.836661E-01	1.047274E+01	
4.190170E-01	1.030001E+01	
5.865990E-01	1.012231E+01	
8.018680E-01	-6.901497E-01	
6.177300E-01	-1.127533E+00	
4.788281E-01	-1.620899E+00	
3.867217E-01	-2.135202E+00	
3.323413E-01	-2.653846E+00	
9.565268E-02	1.064134E+01	
1.966467E-01	1.051663E+01	
3.187196E-01	1.034558E+01	
4.780764E-01	1.013246E+01	
7.085165E-01	9.891840E+00	
9.834897E-01	-4.144836E-01	
7.065663E-01	-9.421374E-01	
5.376954E-01	-1.498521E+00	
4.309973E-01	-2.058775E+00	
3.693249E-01	-2.614221E+00	
9.555168E-02	1.054779E+01	
1.963680E-01	1.040837E+01	
3.181314E-01	1.021001E+01	
4.768837E-01	9.949920E+00	
7.058700E-01	9.614950E+00	
9.910161E-01	9.115475E+00	
1.247450E+00	8.437100E+00	
1.441555E+00	7.663311E+00	
1.589767E+00	6.813172E+00	
1.694644E+00	5.898160E+00	
1.754091E+00	4.929186E+00	
1.762519E+00	3.917704E+00	
1.709932E+00	2.876577E+00	
1.578071E+00	1.822075E+00	
1.321152E+00	7.874173E-01	
9.802270E-01	-6.770047E-02	
7.050971E-01	-7.368672E-01	
5.369421E-01	-1.366766E+00	
4.305866E-01	-1.977477E+00	
3.690661E-01	-2.572326E+00	
8.569290E-02	1.045926E+01	
1.754385E-01	1.030634E+01	
2.821450E-01	1.008357E+01	
4.159702E-01	9.783782E+00	
5.804534E-01	9.387620E+00	
7.623856E-01	8.875728E+00	
9.373552E-01	8.245444E+00	
1.085047E+00	7.513171E+00	
1.198360E+00	6.701785E+00	
1.276571E+00	5.826458E+00	
1.317201E+00	4.900811E+00	
1.315688E+00	3.939164E+00	
1.265036E+00	2.958357E+00	
1.155500E+00	1.981691E+00	
9.890304E-01	1.051190E+00	
7.943674E-01	2.041145E-01	
6.139829E-01	-5.531678E-01	
4.768840E-01	-1.245211E+00	
3.856515E-01	-1.901443E+00	
3.316643E-01	-2.532852E+00	
6.741719E-02	1.038474E+01	
1.372245E-01	1.022131E+01	
2.183468E-01	9.980774E+00	
3.145585E-01	9.656545E+00	
4.251354E-01	9.239796E+00	
5.431028E-01	8.723652E+00	
6.572416E-01	8.108412E+00	
7.569535E-01	7.402800E+00	
8.353931E-01	6.620404E+00	
8.889529E-01	5.776069E+00	
9.149911E-01	4.884533E+00	
9.103678E-01	3.961578E+00	
8.716063E-01	3.025356E+00	
7.975933E-01	2.098240E+00	
6.941879E-01	1.204516E+00	
5.762519E-01	3.633878E-01	
4.630878E-01	-4.188924E-01	
3.697968E-01	-1.149097E+00	
3.027573E-01	-1.839286E+00	
2.617161E-01	-2.499981E+00	
4.292230E-02	1.033126E+01	
8.688238E-02	1.016102E+01	
1.369127E-01	9.909910E+00	
1.943832E-01	9.573726E+00	
2.583964E-01	9.148025E+00	
3.254389E-01	8.630413E+00	
3.902631E-01	8.022687E+00	
4.475310E-01	7.331545E+00	
4.930806E-01	6.567670E+00	
5.241042E-01	5.744219E+00	
5.385703E-01	4.875879E+00	
5.347312E-01	3.978695E+00	
5.114375E-01	3.070294E+00	
4.693890E-01	2.169364E+00	
4.125608E-01	1.293626E+00	
3.483691E-01	4.564053E-01	
2.857659E-01	-3.361427E-01	
2.323277E-01	-1.085117E+00	
1.923635E-01	-1.796262E+00	
1.671064E-01	-2.476707E+00	
1.471496E-02	1.030342E+01	
2.968546E-02	1.012993E+01	
4.654224E-02	9.874115E+00	
6.563069E-02	9.532963E+00	
8.661329E-02	9.103792E+00	
1.084139E-01	8.585803E+00	
1.294637E-01	7.981424E+00	
1.481221E-01	7.296882E+00	
1.630193E-01	6.541886E+00	
1.731519E-01	5.728847E+00	
1.777867E-01	4.872150E+00	
1.763763E-01	3.987674E+00	
1.686760E-01	3.092309E+00	
1.550790E-01	2.202994E+00	
1.369305E-01	1.334973E+00	
1.164939E-01	4.996870E-01	
9.643391E-02	-2.967613E-01	
7.907085E-02	-1.053697E+00	
6.586543E-02	-1.774512E+00	
5.738784E-02	-2.464722E+00	
2.908509E-02	-9.458052E+00	
4.421264E-02	-9.109934E+00	
6.229860E-02	-8.683184E+00	
8.346332E-02	-8.173636E+00	
1.069936E-01	-7.578100E+00	
1.312886E-01	-6.896173E+00	
1.542240E-01	-6.131783E+00	
1.737282E-01	-5.293667E+00	
1.882245E-01	-4.394664E+00	
1.967035E-01	-3.450445E+00	
1.985755E-01	-2.478440E+00	
1.934735E-01	-1.497142E+00	
1.812983E-01	-5.256443E-01	
1.625574E-01	4.173183E-01	
1.386332E-01	1.314958E+00	
1.116835E-01	2.154351E+00	
8.411840E-02	2.927737E+00	
5.780181E-02	3.632160E+00	
3.352136E-02	4.267821E+00	
1.095713E-02	4.752249E+00	
8.476762E-02	-9.485082E+00	
1.292845E-01	-9.142548E+00	
1.831845E-01	-8.722556E+00	
2.472589E-01	-8.219503E+00	
3.194739E-01	-7.627977E+00	
3.946053E-01	-6.945722E+00	
4.655500E-01	-6.176115E+00	
5.255537E-01	-5.328844E+00	
5.698505E-01	-4.418281E+00	
5.957631E-01	-3.461220E+00	
6.017616E-01	-2.475535E+00	
5.866796E-01	-1.479863E+00	
5.498748E-01	-4.939436E-01	
4.923971E-01	4.618362E-01	
4.183405E-01	1.368421E+00	
3.348840E-01	2.211294E+00	
2.502468E-01	2.982996E+00	
1.706591E-01	3.682805E+00	
9.841765E-02	4.313698E+00	
3.207408E-02	4.795280E+00	
1.329280E-01	-9.537082E+00	
2.038909E-01	-9.206028E+00	
2.919540E-01	-8.801039E+00	
4.003670E-01	-8.313507E+00	
5.266238E-01	-7.732445E+00	
6.603655E-01	-7.050127E+00	
7.863725E-01	-6.268661E+00	
8.912308E-01	-5.401160E+00	
9.673137E-01	-4.466345E+00	
1.011718E+00	-3.483472E+00	
1.023002E+00	-2.470566E+00	
9.991292E-01	-1.445877E+00	
9.375086E-01	-4.295036E-01	
8.376878E-01	5.546947E-01	
7.058701E-01	1.481437E+00	
5.567031E-01	2.330902E+00	
4.084117E-01	3.096317E+00	
2.739238E-01	3.783560E+00	
1.562721E-01	4.402836E+00	
5.070160E-02	4.878056E+00	
1.686712E-01	-9.609671E+00	
2.602638E-01	-9.295994E+00	
3.770117E-01	-8.915884E+00	
5.300049E-01	-8.460069E+00	
7.214457E-01	-7.903581E+00	
9.316147E-01	-7.222902E+00	
1.127344E+00	-6.417623E+00	
1.282912E+00	-5.512624E+00	
1.391572E+00	-4.539622E+00	
1.455356E+00	-3.518383E+00	
1.473926E+00	-2.465510E+00	
1.444356E+00	-1.397490E+00	
1.360941E+00	-3.328551E-01	
1.214929E+00	7.038792E-01	
1.009066E+00	1.669933E+00	
7.723455E-01	2.528293E+00	
5.460987E-01	3.273463E+00	
3.563107E-01	3.930689E+00	
2.008213E-01	4.528848E+00	
6.483912E-02	4.993596E+00	
1.878628E-01	-9.696028E+00	
2.910075E-01	-9.404375E+00	
4.248875E-01	-9.058131E+00	
6.080188E-01	-8.653947E+00	
8.817176E-01	-8.174843E+00	
1.221968E+00	-7.502059E+00	
1.513025E+00	-6.625252E+00	
1.714280E+00	-5.661818E+00	
1.852853E+00	-4.637660E+00	
1.936009E+00	-3.567285E+00	
1.964581E+00	-2.463750E+00	
1.935059E+00	-1.340158E+00	
1.839000E+00	-2.107136E-01	
1.659405E+00	9.073450E-01	
1.351612E+00	1.980123E+00	
9.587667E-01	2.847670E+00	
6.306198E-01	3.508481E+00	
4.034580E-01	4.112621E+00	
2.255287E-01	4.680335E+00	
7.259287E-02	5.131028E+00	
1.880202E-01	-9.787331E+00	
2.913627E-01	-9.519559E+00	
4.256056E-01	-9.211070E+00	
6.094527E-01	-8.867986E+00	
8.848995E-01	-8.509949E+00	
9.621623E-01	3.246181E+00	
6.321317E-01	3.768147E+00	
4.041912E-01	4.308058E+00	
2.258555E-01	4.841163E+00	
7.268501E-02	5.276306E+00	
1.690887E-01	-9.873944E+00	
2.611886E-01	-9.628388E+00	
3.788570E-01	-9.354152E+00	
5.336569E-01	-9.063551E+00	
7.288036E-01	-8.784978E+00	
7.801733E-01	3.569609E+00	
5.499545E-01	4.004968E+00	
3.582192E-01	4.490912E+00	
2.017046E-01	4.993159E+00	
6.509682E-02	5.414088E+00	
1.334463E-01	-9.946951E+00	
2.050313E-01	-9.719066E+00	
2.942051E-01	-9.470316E+00	
4.046892E-01	-9.212671E+00	
5.347652E-01	-8.961081E+00	
5.653070E-01	3.772305E+00	
4.129470E-01	4.184851E+00	
2.762265E-01	4.639485E+00	
1.573400E-01	5.119987E+00	
5.101141E-02	5.530196E+00	
8.518853E-02	-9.999365E+00	
1.301975E-01	-9.783246E+00	
1.849651E-01	-9.550078E+00	
2.506026E-01	-9.309031E+00	
3.255526E-01	-9.069747E+00	
3.412943E-01	3.896363E+00	
2.537523E-01	4.300696E+00	
1.724817E-01	4.741631E+00	
9.927958E-02	5.209929E+00	
3.232739E-02	5.613535E+00	
2.925709E-02	-1.002665E+01	
4.456898E-02	-9.816279E+00	
6.297887E-02	-9.590222E+00	
8.472005E-02	-9.356265E+00	
1.092287E-01	-9.121971E+00	
1.140255E-01	3.955785E+00	
8.541517E-02	4.357426E+00	
5.848383E-02	4.793103E+00	
3.384003E-02	5.256304E+00	
1.104535E-02	5.656908E+00	
-2.922974E-02	-1.002666E+01	
-4.454002E-02	-9.816279E+00	
-6.295365E-02	-9.590219E+00	
-8.469957E-02	-9.356264E+00	
-1.092148E-01	-9.121966E+00	
-1.140273E-01	3.955790E+00	
-8.542281E-02	4.357427E+00	
-5.849017E-02	4.793101E+00	
-3.384451E-02	5.256304E+00	
-1.104775E-02	5.656905E+00	
-8.516435E-02	-9.999370E+00	
-1.301768E-01	-9.783241E+00	
-1.849502E-01	-9.550069E+00	
-2.505918E-01	-9.309026E+00	
-3.255405E-01	-9.069740E+00	
-3.412912E-01	3.896371E+00	
-2.537538E-01	4.300703E+00	
-1.724917E-01	4.741630E+00	
-9.928956E-02	5.209927E+00	
-3.233101E-02	5.613527E+00	
-1.334275E-01	-9.946957E+00	
-2.050104E-01	-9.719058E+00	
-2.941853E-01	-9.470304E+00	
-4.046697E-01	-9.212665E+00	
-5.347474E-01	-8.961074E+00	
-5.653018E-01	3.772312E+00	
-4.129448E-01	4.184868E+00	
-2.762281E-01	4.639486E+00	
-1.573388E-01	5.119979E+00	
-5.100919E-02	5.530187E+00	
-1.690803E-01	-9.873952E+00	
-2.611792E-01	-9.628382E+00	
-3.788477E-01	-9.354137E+00	
-5.336482E-01	-9.063547E+00	
-7.287913E-01	-8.784972E+00	
-7.801681E-01	3.569622E+00	
-5.499514E-01	4.004985E+00	
-3.582156E-01	4.490917E+00	
-2.017078E-01	4.993151E+00	
-6.510010E-02	5.414077E+00	
-1.880158E-01	-9.787336E+00	
-2.913593E-01	-9.519555E+00	
-4.256001E-01	-9.211054E+00	
-6.094475E-01	-8.867982E+00	
-8.848945E-01	-8.509947E+00	
-9.621592E-01	3.246198E+00	
-6.321255E-01	3.768158E+00	
-4.041877E-01	4.308070E+00	
-2.258546E-01	4.841158E+00	
-7.268434E-02	5.276293E+00	
-1.878660E-01	-9.696031E+00	
-2.910109E-01	-9.404372E+00	
-4.248917E-01	-9.058116E+00	
-6.080249E-01	-8.653939E+00	
-8.817205E-01	-8.174847E+00	
-1.221966E+00	-7.502060E+00	
-1.513016E+00	-6.625257E+00	
-1.714269E+00	-5.661823E+00	
-1.852846E+00	-4.637652E+00	
-1.936005E+00	-3.567288E+00	
-1.964586E+00	-2.463736E+00	
-1.935063E+00	-1.340151E+00	
-1.839004E+00	-2.107072E-01	
-1.659412E+00	9.073460E-01	
-1.351613E+00	1.980136E+00	
-9.587592E-01	2.847682E+00	
-6.306132E-01	3.508494E+00	
-4.034473E-01	4.112631E+00	
-2.255152E-01	4.680332E+00	
-7.258744E-02	5.131021E+00	
-1.686799E-01	-9.609676E+00	
-2.602705E-01	-9.295992E+00	
-3.770115E-01	-8.915873E+00	
-5.299999E-01	-8.460060E+00	
-7.214418E-01	-7.903589E+00	
-9.316121E-01	-7.222902E+00	
-1.127344E+00	-6.417634E+00	
-1.282916E+00	-5.512621E+00	
-1.391582E+00	-4.539611E+00	
-1.455371E+00	-3.518381E+00	
-1.473940E+00	-2.465493E+00	
-1.444372E+00	-1.397484E+00	
-1.360954E+00	-3.328516E-01	
-1.214930E+00	7.038752E-01	
-1.009065E+00	1.669942E+00	
-7.723432E-01	2.528302E+00	
-5.460886E-01	3.273474E+00	
-3.563025E-01	3.930699E+00	
-2.008212E-01	4.528850E+00	
-6.484009E-02	4.993593E+00	
-1.329385E-01	-9.537086E+00	
-2.039055E-01	-9.206025E+00	
-2.919684E-01	-8.801037E+00	
-4.003780E-01	-8.313498E+00	
-5.266319E-01	-7.732455E+00	
-6.603663E-01	-7.050131E+00	
-7.863665E-01	-6.268673E+00	
-8.912214E-01	-5.401156E+00	
-9.673031E-01	-4.466328E+00	
-1.011715E+00	-3.483463E+00	
-1.023010E+00	-2.470546E+00	
-9.991396E-01	-1.445869E+00	
-9.375155E-01	-4.295086E-01	
-8.376941E-01	5.546869E-01	
-7.058745E-01	1.481445E+00	
-5.567012E-01	2.330903E+00	
-4.084055E-01	3.096322E+00	
-2.739140E-01	3.783573E+00	
-1.562604E-01	4.402841E+00	
-5.069598E-02	4.878057E+00	
-8.477313E-02	-9.485086E+00	
-1.292880E-01	-9.142543E+00	
-1.831903E-01	-8.722554E+00	
-2.472627E-01	-8.219500E+00	
-3.194748E-01	-7.627987E+00	
-3.946101E-01	-6.945729E+00	
-4.655537E-01	-6.176131E+00	
-5.255588E-01	-5.328838E+00	
-5.698612E-01	-4.418262E+00	
-5.957764E-01	-3.461203E+00	
-6.017753E-01	-2.475512E+00	
-5.866938E-01	-1.479855E+00	
-5.498882E-01	-4.939521E-01	
-4.924072E-01	4.618279E-01	
-4.183428E-01	1.368420E+00	
-3.348819E-01	2.211294E+00	
-2.502432E-01	2.982997E+00	
-1.706527E-01	3.682816E+00	
-9.841476E-02	4.313706E+00	
-3.207407E-02	4.795287E+00	
-2.909144E-02	-9.458053E+00	
-4.421809E-02	-9.109933E+00	
-6.230280E-02	-8.683176E+00	
-8.346475E-02	-8.173643E+00	
-1.069916E-01	-7.578105E+00	
-1.312819E-01	-6.896185E+00	
-1.542137E-01	-6.131799E+00	
-1.737187E-01	-5.293660E+00	
-1.882098E-01	-4.394647E+00	
-1.966929E-01	-3.450420E+00	
-1.985734E-01	-2.478416E+00	
-1.934720E-01	-1.497135E+00	
-1.812982E-01	-5.256518E-01	
-1.625604E-01	4.173089E-01	
-1.386343E-01	1.314949E+00	
-1.116811E-01	2.154351E+00	
-8.410957E-02	2.927729E+00	
-5.779448E-02	3.632178E+00	
-3.351751E-02	4.267829E+00	
-1.095356E-02	4.752260E+00	
1.627406E-02	-9.731162E+00	
4.910941E-03	-9.931661E+00	
-5.836792E-03	-1.006062E+01	
-1.665967E-02	-1.011779E+01	
-2.801393E-02	-1.010227E+01	
-4.004235E-02	-1.001273E+01	
-5.254984E-02	-9.848446E+00	
-6.503239E-02	-9.609631E+00	
-7.677044E-02	-9.298210E+00	
-8.690523E-02	-8.918066E+00	
-9.450944E-02	-8.475183E+00	
-9.868062E-02	-7.977830E+00	
-9.874259E-02	-7.436097E+00	
-9.455761E-02	-6.861322E+00	
-8.680651E-02	-6.264475E+00	
-7.701072E-02	-5.654396E+00	
-6.716112E-02	-5.036325E+00	
-5.915744E-02	-4.411417E+00	
-5.438224E-02	-3.777539E+00	
-5.364615E-02	-3.130423E+00	
4.730786E-02	-9.754403E+00	
1.414398E-02	-9.952948E+00	
-1.732059E-02	-1.008154E+01	
-4.925380E-02	-1.013962E+01	
-8.310704E-02	-1.012565E+01	
-1.193439E-01	-1.003762E+01	
-1.573342E-01	-9.874056E+00	
-1.954714E-01	-9.634640E+00	
-2.315083E-01	-9.320975E+00	
-2.628092E-01	-8.936736E+00	
-2.865367E-01	-8.487845E+00	
-2.998247E-01	-7.982627E+00	
-3.002847E-01	-7.431821E+00	
-2.870996E-01	-6.848227E+00	
-2.622173E-01	-6.244936E+00	
-2.306400E-01	-5.632563E+00	
-1.990774E-01	-5.016747E+00	
-1.737224E-01	-4.397637E+00	
-1.587201E-01	-3.771542E+00	
-1.561701E-01	-3.133134E+00	
7.387805E-02	-9.798913E+00	
2.174209E-02	-9.993738E+00	
-2.802044E-02	-1.012198E+01	
-7.933412E-02	-1.018243E+01	
-1.349935E-01	-1.017235E+01	
-1.959597E-01	-1.008812E+01	
-2.609673E-01	-9.926554E+00	
-3.269278E-01	-9.686241E+00	
-3.897490E-01	-9.368233E+00	
-4.449148E-01	-8.975945E+00	
-4.876264E-01	-8.515075E+00	
-5.127262E-01	-7.993785E+00	
-5.149788E-01	-7.423376E+00	
-4.911579E-01	-6.819666E+00	
-4.437387E-01	-6.201196E+00	
-3.827999E-01	-5.583787E+00	
-3.228547E-01	-4.974014E+00	
-2.762737E-01	-4.368433E+00	
-2.495321E-01	-3.759002E+00	
-2.444783E-01	-3.138071E+00	
9.334976E-02	-9.860695E+00	
2.700885E-02	-1.005043E+01	
-3.673868E-02	-1.017879E+01	
-1.039983E-01	-1.024419E+01	
-1.800323E-01	-1.024228E+01	
-2.668832E-01	-1.016600E+01	
-3.620724E-01	-1.000887E+01	
-4.598285E-01	-9.767642E+00	
-5.535873E-01	-9.443412E+00	
-6.370929E-01	-9.039438E+00	
-7.037433E-01	-8.560944E+00	
-7.460526E-01	-8.015325E+00	
-7.550736E-01	-7.413110E+00	
-7.198880E-01	-6.770926E+00	
-6.386111E-01	-6.121240E+00	
-5.308359E-01	-5.495029E+00	
-4.286625E-01	-4.900654E+00	
-3.559574E-01	-4.322507E+00	
-3.174935E-01	-3.739722E+00	
-3.096780E-01	-3.144481E+00	
1.036734E-01	-9.933849E+00	
2.963806E-02	-1.011765E+01	
-4.184339E-02	-1.024680E+01	
-1.185372E-01	-1.032013E+01	
-2.109177E-01	-1.033475E+01	
-3.269268E-01	-1.027639E+01	
-4.591722E-01	-1.012591E+01	
-5.944569E-01	-9.883640E+00	
-7.247810E-01	-9.551497E+00	
-8.426398E-01	-9.132717E+00	
-9.401607E-01	-8.631836E+00	
-1.008178E+00	-8.054760E+00	
-1.034726E+00	-7.409244E+00	
-1.001535E+00	-6.706415E+00	
-8.684505E-01	-5.971389E+00	
-6.608764E-01	-5.329530E+00	
-4.927317E-01	-4.795834E+00	
-4.005319E-01	-4.262422E+00	
-3.542163E-01	-3.715027E+00	
-3.444958E-01	-3.151640E+00	
1.037093E-01	-1.001105E+01	
2.956689E-02	-1.018864E+01	
-4.205704E-02	-1.031893E+01	
-1.189978E-01	-1.040164E+01	
-2.119333E-01	-1.043856E+01	
-6.629131E-01	-5.110996E+00	
-4.936445E-01	-4.676955E+00	
-4.010086E-01	-4.196465E+00	
-3.544991E-01	-3.688159E+00	
-3.447169E-01	-3.159005E+00	
9.344769E-02	-1.008438E+01	
2.682979E-02	-1.025606E+01	
-3.728533E-02	-1.038724E+01	
-1.051751E-01	-1.047816E+01	
-1.824384E-01	-1.053224E+01	
-5.354817E-01	-4.943097E+00	
-4.309886E-01	-4.571092E+00	
-3.571886E-01	-4.135892E+00	
-3.182296E-01	-3.663263E+00	
-3.102568E-01	-3.166146E+00	
7.400057E-02	-1.014646E+01	
2.151907E-02	-1.031308E+01	
-2.868584E-02	-1.044454E+01	
-8.072943E-02	-1.054079E+01	
-1.377016E-01	-1.060385E+01	
-3.878635E-01	-4.851250E+00	
-3.255812E-01	-4.496164E+00	
-2.777637E-01	-4.089203E+00	
-2.504349E-01	-3.643665E+00	
-2.451944E-01	-3.172531E+00	
4.740654E-02	-1.019128E+01	
1.396800E-02	-1.035418E+01	
-1.784634E-02	-1.048546E+01	
-5.034000E-02	-1.058441E+01	
-8.515089E-02	-1.065201E+01	
-2.343948E-01	-4.799916E+00	
-2.011830E-01	-4.452004E+00	
-1.749052E-01	-4.059267E+00	
-1.594471E-01	-3.630814E+00	
-1.567509E-01	-3.177446E+00	
1.631892E-02	-1.021471E+01	
4.849889E-03	-1.037566E+01	
-6.027850E-03	-1.050667E+01	
-1.705809E-02	-1.060672E+01	
-2.876222E-02	-1.067621E+01	
-7.838608E-02	-4.776668E+00	
-6.794885E-02	-4.431603E+00	
-5.960731E-02	-4.045049E+00	
-5.466326E-02	-3.624629E+00	
-5.387492E-02	-3.180146E+00	
-1.629625E-02	-1.021471E+01	
-4.831922E-03	-1.037566E+01	
6.046094E-03	-1.050667E+01	
1.707833E-02	-1.060672E+01	
2.878065E-02	-1.067622E+01	
7.837163E-02	-4.776667E+00	
6.793529E-02	-4.431603E+00	
5.959378E-02	-4.045049E+00	
5.464738E-02	-3.624632E+00	
5.385355E-02	-3.180149E+00	
-4.738401E-02	-1.019128E+01	
-1.394665E-02	-1.035419E+01	
1.786355E-02	-1.048546E+01	
5.035382E-02	-1.058441E+01	
8.516467E-02	-1.065201E+01	
2.343797E-01	-4.799915E+00	
2.011677E-01	-4.452003E+00	
1.748898E-01	-4.059268E+00	
1.594299E-01	-3.630819E+00	
1.567298E-01	-3.177455E+00	
-7.398361E-02	-1.014647E+01	
-2.150303E-02	-1.031308E+01	
2.870102E-02	-1.044455E+01	
8.074029E-02	-1.054079E+01	
1.377097E-01	-1.060385E+01	
3.878450E-01	-4.851251E+00	
3.255617E-01	-4.496163E+00	
2.777433E-01	-4.089205E+00	
2.504128E-01	-3.643673E+00	
2.451694E-01	-3.172545E+00	
-9.343568E-02	-1.008439E+01	
-2.681535E-02	-1.025606E+01	
3.729668E-02	-1.038725E+01	
1.051843E-01	-1.047816E+01	
1.824464E-01	-1.053225E+01	
5.354584E-01	-4.943100E+00	
4.309630E-01	-4.571093E+00	
3.571610E-01	-4.135896E+00	
3.181990E-01	-3.663275E+00	
3.102240E-01	-3.166162E+00	
-1.037058E-01	-1.001105E+01	
-2.956676E-02	-1.018864E+01	
4.205730E-02	-1.031893E+01	
1.189992E-01	-1.040165E+01	
2.119346E-01	-1.043856E+01	
6.628870E-01	-5.111002E+00	
4.936150E-01	-4.676958E+00	
4.009749E-01	-4.196473E+00	
3.544609E-01	-3.688174E+00	
3.446767E-01	-3.159022E+00	
-1.036774E-01	-9.933857E+00	
-2.964330E-02	-1.011766E+01	
4.183905E-02	-1.024681E+01	
1.185359E-01	-1.032014E+01	
2.109148E-01	-1.033476E+01	
3.269224E-01	-1.027640E+01	
4.591693E-01	-1.012591E+01	
5.944545E-01	-9.883647E+00	
7.247796E-01	-9.551516E+00	
8.426401E-01	-9.132740E+00	
9.401609E-01	-8.631848E+00	
1.008174E+00	-8.054774E+00	
1.034717E+00	-7.409272E+00	
1.001520E+00	-6.706442E+00	
8.684279E-01	-5.971407E+00	
6.608477E-01	-5.329539E+00	
4.926993E-01	-4.795841E+00	
4.004954E-01	-4.262434E+00	
3.541766E-01	-3.715045E+00	
3.444544E-01	-3.151657E+00	
-9.335915E-02	-9.860704E+00	
-2.701789E-02	-1.005044E+01	
3.673228E-02	-1.017880E+01	
1.039937E-01	-1.024419E+01	
1.800272E-01	-1.024230E+01	
2.668762E-01	-1.016601E+01	
3.620654E-01	-1.000887E+01	
4.598227E-01	-9.767649E+00	
5.535848E-01	-9.443427E+00	
6.370967E-01	-9.039457E+00	
7.037474E-01	-8.560959E+00	
7.460515E-01	-8.015345E+00	
7.550665E-01	-7.413143E+00	
7.198749E-01	-6.770959E+00	
6.385920E-01	-6.121265E+00	
5.308092E-01	-5.495044E+00	
4.286289E-01	-4.900665E+00	
3.559212E-01	-4.322521E+00	
3.174569E-01	-3.739741E+00	
3.096426E-01	-3.144498E+00	
-7.388802E-02	-9.798922E+00	
-2.174905E-02	-9.993743E+00	
2.801545E-02	-1.012198E+01	
7.932767E-02	-1.018243E+01	
1.349897E-01	-1.017236E+01	
1.959559E-01	-1.008813E+01	
2.609608E-01	-9.926550E+00	
3.269215E-01	-9.686248E+00	
3.897472E-01	-9.368241E+00	
4.449194E-01	-8.975959E+00	
4.876323E-01	-8.515093E+00	
5.127300E-01	-7.993809E+00	
5.149777E-01	-7.423416E+00	
4.911513E-01	-6.819703E+00	
4.437263E-01	-6.201229E+00	
3.827786E-01	-5.583811E+00	
3.228253E-01	-4.974031E+00	
2.762406E-01	-4.368448E+00	
2.495015E-01	-3.759018E+00	
2.444528E-01	-3.138084E+00	
-4.731138E-02	-9.754410E+00	
-1.414779E-02	-9.952953E+00	
1.731779E-02	-1.008154E+01	
4.925108E-02	-1.013963E+01	
8.310450E-02	-1.012565E+01	
1.193431E-01	-1.003763E+01	
1.573295E-01	-9.874054E+00	
1.954667E-01	-9.634646E+00	
2.315046E-01	-9.320979E+00	
2.628104E-01	-8.936743E+00	
2.865397E-01	-8.487867E+00	
2.998244E-01	-7.982653E+00	
3.002848E-01	-7.431864E+00	
2.870975E-01	-6.848269E+00	
2.622113E-01	-6.244974E+00	
2.306286E-01	-5.632596E+00	
1.990595E-01	-5.016769E+00	
1.737017E-01	-4.397653E+00	
1.587001E-01	-3.771554E+00	
1.561544E-01	-3.133142E+00	
-1.627574E-02	-9.731165E+00	
-4.912345E-03	-9.931671E+00	
5.834411E-03	-1.006061E+01	
1.665740E-02	-1.011780E+01	
2.801441E-02	-1.010226E+01	
4.004347E-02	-1.001275E+01	
5.254760E-02	-9.848447E+00	
6.503071E-02	-9.609633E+00	
7.677012E-02	-9.298214E+00	
8.690640E-02	-8.918065E+00	
9.451178E-02	-8.475210E+00	
9.868255E-02	-7.977855E+00	
9.874319E-02	-7.436141E+00	
9.455710E-02	-6.861365E+00	
8.680490E-02	-6.264516E+00	
7.700604E-02	-5.654435E+00	
6.715592E-02	-5.036349E+00	
5.915078E-02	-4.411436E+00	
5.437533E-02	-3.777548E+00	
5.364100E-02	-3.130428E+00	
